 -0.000000
 -0.000000
 -0.000000
 -0.000000
 -0.000000
 -0.000000
 -0.000000
 -0.000000
 -0.000000
 -0.000000
 -0.000000
 -0.000000
 -0.000000
 -0.000000
 -0.000000
 -0.000000
 -0.000000
 -0.000000
 -0.000000
 -0.000000
 -0.000000
 -0.000000
 -0.000000
 -0.000000
 -0.000000
 -0.000000
 -0.000000
 -0.000000
 -0.000000
 -0.000000
 -0.000000
 -0.000000
 -0.000000
 -0.000000
 -0.000000
 -0.000000
 -0.000000
 -0.000000
 -0.000000
 -0.000000
 -0.000000
 -0.000000
 -0.000000
 -0.000000
 -0.000000
 -0.000000
 -0.000000
 -0.000000
 -0.000000
 -0.000000
 -0.000000
 -0.000000
 -0.000000
 -0.000000
 -0.000000
 -0.000000
 -0.000000
 -0.000000
 -0.000000
 -0.000000
 -0.000000
 -0.000000
 -0.000000
 -0.000000
 -0.000000
 -0.000000
 -0.000000
 -0.000000
 -0.000000
 -0.000000
 -0.000000
 -0.000000
 -0.000000
 -0.000000
 -0.000000
 -0.000000
 -0.000000
 -0.000000
 -0.000000
 -0.000000
 -0.000000
 -0.000000
 -0.000000
 -0.000000
 -0.000000
 -0.000000
 -0.000000
 -0.000000
 -0.000000
 -0.000000
 -0.000000
 -0.000000
 -0.000000
 -0.000000
 -0.000000
 -0.000000
 -0.000000
 -0.000000
 -0.000000
 -0.000000
 -0.000000
 -0.000000
 -0.000000
 -0.000000
 -0.000000
 -0.000000
 -0.000000
 -0.000000
 -0.000000
 -0.000000
 -0.000000
 -0.000000
 -0.000000
 -0.000000
 -0.000000
 -0.000000
 -0.000000
 -0.000000
 -0.000000
 -0.000000
 -0.000000
 -0.000000
 -0.000000
 -0.000000
 -0.000000
 -0.000000
 -0.000000
 -0.000000
 -0.000000
 -0.000000
 -0.000000
 -0.000000
 -0.000000
 -0.000000
 -0.000000
 -0.000000
 -0.000000
 -0.000000
 -0.000000
 -0.000000
 -0.000000
 -0.000000
 -0.000000
 -0.000000
 -0.000000
 -0.000000
 -0.000000
 -0.000000
 -0.000000
 -0.000000
 -0.000000
 -0.000000
 -0.000000
 -0.000000
 -0.000000
 -0.000000
 -0.000000
 -0.000000
 -0.000000
 -0.000000
 -0.000000
 -0.000000
 -0.000000
 -0.000000
 -0.000000
 -0.000000
 -0.000000
 -0.000000
 -0.000000
 -0.000000
 -0.000000
 -0.000000
 -0.000000
 -0.000000
 -0.000000
 -0.000000
 -0.000000
 -0.000000
 -0.000000
 -0.000000
  0.999724
  0.999761
  0.999798
  0.999835
  0.999873
  0.999911
  0.999949
  0.999987
  1.000026
  1.000065
  1.000104
  1.000143
  1.000182
  1.000222
  1.000262
  1.000302
  1.000343
  1.000383
  1.000424
  1.000465
  1.000507
  1.000548
  1.000590
  1.000633
  1.000675
  1.000718
  1.000761
  1.000804
  1.000847
  1.000891
  1.000935
  1.000979
  1.001024
  1.001068
  1.001113
  1.001159
  1.001204
  1.001250
  1.001296
  1.001342
  1.001389
  1.001436
  1.001483
  1.001531
  1.001579
  1.001627
  1.001675
  1.001724
  1.001773
  1.001822
  1.001871
  1.001921
  1.001971
  1.002022
  1.002072
  1.002123
  1.002175
  1.002226
  1.002278
  1.002330
  0.999577
  0.999614
  0.999651
  0.999689
  0.999726
  0.999764
  0.999802
  0.999841
  0.999879
  0.999918
  0.999957
  0.999996
  1.000036
  1.000075
  1.000115
  1.000156
  1.000196
  1.000237
  1.000278
  1.000319
  1.000360
  1.000402
  1.000444
  1.000486
  1.000529
  1.000571
  1.000614
  1.000657
  1.000701
  1.000745
  1.000789
  1.000833
  1.000877
  1.000922
  1.000967
  1.001012
  1.001058
  1.001104
  1.001150
  1.001196
  1.001243
  1.001290
  1.001337
  1.001385
  1.001433
  1.001481
  1.001529
  1.001578
  1.001627
  1.001676
  1.001725
  1.001775
  1.001825
  1.001876
  1.001927
  1.001978
  1.002029
  1.002081
  1.002132
  1.002185
  0.999577
  0.999614
  0.999651
  0.999689
  0.999726
  0.999764
  0.999802
  0.999841
  0.999879
  0.999918
  0.999957
  0.999996
  1.000036
  1.000075
  1.000115
  1.000156
  1.000196
  1.000237
  1.000278
  1.000319
  1.000360
  1.000402
  1.000444
  1.000486
  1.000529
  1.000571
  1.000614
  1.000657
  1.000701
  1.000745
  1.000789
  1.000833
  1.000877
  1.000922
  1.000967
  1.001012
  1.001058
  1.001104
  1.001150
  1.001196
  1.001243
  1.001290
  1.001337
  1.001385
  1.001433
  1.001481
  1.001529
  1.001578
  1.001627
  1.001676
  1.001725
  1.001775
  1.001825
  1.001876
  1.001927
  1.001978
  1.002029
  1.002081
  1.002132
  1.002185
  0.999577
  0.999614
  0.999651
  0.999689
  0.999726
  0.999764
  0.999802
  0.999841
  0.999879
  0.999918
  0.999957
  0.999996
  1.000036
  1.000075
  1.000115
  1.000156
  1.000196
  1.000237
  1.000278
  1.000319
  1.000360
  1.000402
  1.000444
  1.000486
  1.000529
  1.000571
  1.000614
  1.000657
  1.000701
  1.000745
  1.000789
  1.000833
  1.000877
  1.000922
  1.000967
  1.001012
  1.001058
  1.001104
  1.001150
  1.001196
  1.001243
  1.001290
  1.001337
  1.001385
  1.001433
  1.001481
  1.001529
  1.001578
  1.001627
  1.001676
  1.001725
  1.001775
  1.001825
  1.001876
  1.001927
  1.001978
  1.002029
  1.002081
  1.002132
  1.002185
  0.999577
  0.999614
  0.999651
  0.999689
  0.999726
  0.999764
  0.999802
  0.999841
  0.999879
  0.999918
  0.999957
  0.999996
  1.000036
  1.000075
  1.000115
  1.000156
  1.000196
  1.000237
  1.000278
  1.000319
  1.000360
  1.000402
  1.000444
  1.000486
  1.000529
  1.000571
  1.000614
  1.000657
  1.000701
  1.000745
  1.000789
  1.000833
  1.000877
  1.000922
  1.000967
  1.001012
  1.001058
  1.001104
  1.001150
  1.001196
  1.001243
  1.001290
  1.001337
  1.001385
  1.001433
  1.001481
  1.001529
  1.001578
  1.001627
  1.001676
  1.001725
  1.001775
  1.001825
  1.001876
  1.001927
  1.001978
  1.002029
  1.002081
  1.002132
  1.002185
  0.999577
  0.999614
  0.999651
  0.999689
  0.999726
  0.999764
  0.999802
  0.999841
  0.999879
  0.999918
  0.999957
  0.999996
  1.000036
  1.000075
  1.000115
  1.000156
  1.000196
  1.000237
  1.000278
  1.000319
  1.000360
  1.000402
  1.000444
  1.000486
  1.000529
  1.000571
  1.000614
  1.000657
  1.000701
  1.000745
  1.000789
  1.000833
  1.000877
  1.000922
  1.000967
  1.001012
  1.001058
  1.001104
  1.001150
  1.001196
  1.001243
  1.001290
  1.001337
  1.001385
  1.001433
  1.001481
  1.001529
  1.001578
  1.001627
  1.001676
  1.001725
  1.001775
  1.001825
  1.001876
  1.001927
  1.001978
  1.002029
  1.002081
  1.002132
  1.002185
  0.999577
  0.999614
  0.999651
  0.999689
  0.999726
  0.999764
  0.999802
  0.999841
  0.999879
  0.999918
  0.999957
  0.999996
  1.000036
  1.000075
  1.000115
  1.000156
  1.000196
  1.000237
  1.000278
  1.000319
  1.000360
  1.000402
  1.000444
  1.000486
  1.000529
  1.000571
  1.000614
  1.000657
  1.000701
  1.000745
  1.000789
  1.000833
  1.000877
  1.000922
  1.000967
  1.001012
  1.001058
  1.001104
  1.001150
  1.001196
  1.001243
  1.001290
  1.001337
  1.001385
  1.001433
  1.001481
  1.001529
  1.001578
  1.001627
  1.001676
  1.001725
  1.001775
  1.001825
  1.001876
  1.001927
  1.001978
  1.002029
  1.002081
  1.002132
  1.002185
  0.999577
  0.999614
  0.999651
  0.999689
  0.999726
  0.999764
  0.999802
  0.999841
  0.999879
  0.999918
  0.999957
  0.999996
  1.000036
  1.000075
  1.000115
  1.000156
  1.000196
  1.000237
  1.000278
  1.000319
  1.000360
  1.000402
  1.000444
  1.000486
  1.000529
  1.000571
  1.000614
  1.000657
  1.000701
  1.000745
  1.000789
  1.000833
  1.000877
  1.000922
  1.000967
  1.001012
  1.001058
  1.001104
  1.001150
  1.001196
  1.001243
  1.001290
  1.001337
  1.001385
  1.001433
  1.001481
  1.001529
  1.001578
  1.001627
  1.001676
  1.001725
  1.001775
  1.001825
  1.001876
  1.001927
  1.001978
  1.002029
  1.002081
  1.002132
  1.002185
  0.999577
  0.999614
  0.999651
  0.999689
  0.999726
  0.999764
  0.999802
  0.999841
  0.999879
  0.999918
  0.999957
  0.999996
  1.000036
  1.000075
  1.000115
  1.000156
  1.000196
  1.000237
  1.000278
  1.000319
  1.000360
  1.000402
  1.000444
  1.000486
  1.000529
  1.000571
  1.000614
  1.000657
  1.000701
  1.000745
  1.000789
  1.000833
  1.000877
  1.000922
  1.000967
  1.001012
  1.001058
  1.001104
  1.001150
  1.001196
  1.001243
  1.001290
  1.001337
  1.001385
  1.001433
  1.001481
  1.001529
  1.001578
  1.001627
  1.001676
  1.001725
  1.001775
  1.001825
  1.001876
  1.001927
  1.001978
  1.002029
  1.002081
  1.002132
  1.002185
  0.999577
  0.999614
  0.999651
  0.999689
  0.999726
  0.999764
  0.999802
  0.999841
  0.999879
  0.999918
  0.999957
  0.999996
  1.000036
  1.000075
  1.000115
  1.000156
  1.000196
  1.000237
  1.000278
  1.000319
  1.000360
  1.000402
  1.000444
  1.000486
  1.000529
  1.000571
  1.000614
  1.000657
  1.000701
  1.000745
  1.000789
  1.000833
  1.000877
  1.000922
  1.000967
  1.001012
  1.001058
  1.001104
  1.001150
  1.001196
  1.001243
  1.001290
  1.001337
  1.001385
  1.001433
  1.001481
  1.001529
  1.001578
  1.001627
  1.001676
  1.001725
  1.001775
  1.001825
  1.001876
  1.001927
  1.001978
  1.002029
  1.002081
  1.002132
  1.002185
  0.999577
  0.999614
  0.999651
  0.999689
  0.999726
  0.999764
  0.999802
  0.999841
  0.999879
  0.999918
  0.999957
  0.999996
  1.000036
  1.000075
  1.000115
  1.000156
  1.000196
  1.000237
  1.000278
  1.000319
  1.000360
  1.000402
  1.000444
  1.000486
  1.000529
  1.000571
  1.000614
  1.000657
  1.000701
  1.000745
  1.000789
  1.000833
  1.000877
  1.000922
  1.000967
  1.001012
  1.001058
  1.001104
  1.001150
  1.001196
  1.001243
  1.001290
  1.001337
  1.001385
  1.001433
  1.001481
  1.001529
  1.001578
  1.001627
  1.001676
  1.001725
  1.001775
  1.001825
  1.001876
  1.001927
  1.001978
  1.002029
  1.002081
  1.002132
  1.002185
  0.999577
  0.999614
  0.999651
  0.999689
  0.999726
  0.999764
  0.999802
  0.999841
  0.999879
  0.999918
  0.999957
  0.999996
  1.000036
  1.000075
  1.000115
  1.000156
  1.000196
  1.000237
  1.000278
  1.000319
  1.000360
  1.000402
  1.000444
  1.000486
  1.000529
  1.000571
  1.000614
  1.000657
  1.000701
  1.000745
  1.000789
  1.000833
  1.000877
  1.000922
  1.000967
  1.001012
  1.001058
  1.001104
  1.001150
  1.001196
  1.001243
  1.001290
  1.001337
  1.001385
  1.001433
  1.001481
  1.001529
  1.001578
  1.001627
  1.001676
  1.001725
  1.001775
  1.001825
  1.001876
  1.001927
  1.001978
  1.002029
  1.002081
  1.002132
  1.002185
  0.999577
  0.999614
  0.999651
  0.999689
  0.999726
  0.999764
  0.999802
  0.999841
  0.999879
  0.999918
  0.999957
  0.999996
  1.000036
  1.000075
  1.000115
  1.000156
  1.000196
  1.000237
  1.000278
  1.000319
  1.000360
  1.000402
  1.000444
  1.000486
  1.000529
  1.000571
  1.000614
  1.000657
  1.000701
  1.000745
  1.000789
  1.000833
  1.000877
  1.000922
  1.000967
  1.001012
  1.001058
  1.001104
  1.001150
  1.001196
  1.001243
  1.001290
  1.001337
  1.001385
  1.001433
  1.001481
  1.001529
  1.001578
  1.001627
  1.001676
  1.001725
  1.001775
  1.001825
  1.001876
  1.001927
  1.001978
  1.002029
  1.002081
  1.002132
  1.002185
  0.999577
  0.999614
  0.999651
  0.999689
  0.999726
  0.999764
  0.999802
  0.999841
  0.999879
  0.999918
  0.999957
  0.999996
  1.000036
  1.000075
  1.000115
  1.000156
  1.000196
  1.000237
  1.000278
  1.000319
  1.000360
  1.000402
  1.000444
  1.000486
  1.000529
  1.000571
  1.000614
  1.000657
  1.000701
  1.000745
  1.000789
  1.000833
  1.000877
  1.000922
  1.000967
  1.001012
  1.001058
  1.001104
  1.001150
  1.001196
  1.001243
  1.001290
  1.001337
  1.001385
  1.001433
  1.001481
  1.001529
  1.001578
  1.001627
  1.001676
  1.001725
  1.001775
  1.001825
  1.001876
  1.001927
  1.001978
  1.002029
  1.002081
  1.002132
  1.002185
  0.999577
  0.999614
  0.999651
  0.999689
  0.999726
  0.999764
  0.999802
  0.999841
  0.999879
  0.999918
  0.999957
  0.999996
  1.000036
  1.000075
  1.000115
  1.000156
  1.000196
  1.000237
  1.000278
  1.000319
  1.000360
  1.000402
  1.000444
  1.000486
  1.000529
  1.000571
  1.000614
  1.000657
  1.000701
  1.000745
  1.000789
  1.000833
  1.000877
  1.000922
  1.000967
  1.001012
  1.001058
  1.001104
  1.001150
  1.001196
  1.001243
  1.001290
  1.001337
  1.001385
  1.001433
  1.001481
  1.001529
  1.001578
  1.001627
  1.001676
  1.001725
  1.001775
  1.001825
  1.001876
  1.001927
  1.001978
  1.002029
  1.002081
  1.002132
  1.002185
  0.999577
  0.999614
  0.999651
  0.999689
  0.999726
  0.999764
  0.999802
  0.999841
  0.999879
  0.999918
  0.999957
  0.999996
  1.000036
  1.000075
  1.000115
  1.000156
  1.000196
  1.000237
  1.000278
  1.000319
  1.000360
  1.000402
  1.000444
  1.000486
  1.000529
  1.000571
  1.000614
  1.000657
  1.000701
  1.000745
  1.000789
  1.000833
  1.000877
  1.000922
  1.000967
  1.001012
  1.001058
  1.001104
  1.001150
  1.001196
  1.001243
  1.001290
  1.001337
  1.001385
  1.001433
  1.001481
  1.001529
  1.001578
  1.001627
  1.001676
  1.001725
  1.001775
  1.001825
  1.001876
  1.001927
  1.001978
  1.002029
  1.002081
  1.002132
  1.002185
  0.999577
  0.999614
  0.999651
  0.999689
  0.999726
  0.999764
  0.999802
  0.999841
  0.999879
  0.999918
  0.999957
  0.999996
  1.000036
  1.000075
  1.000115
  1.000156
  1.000196
  1.000237
  1.000278
  1.000319
  1.000360
  1.000402
  1.000444
  1.000486
  1.000529
  1.000571
  1.000614
  1.000657
  1.000701
  1.000745
  1.000789
  1.000833
  1.000877
  1.000922
  1.000967
  1.001012
  1.001058
  1.001104
  1.001150
  1.001196
  1.001243
  1.001290
  1.001337
  1.001385
  1.001433
  1.001481
  1.001529
  1.001578
  1.001627
  1.001676
  1.001725
  1.001775
  1.001825
  1.001876
  1.001927
  1.001978
  1.002029
  1.002081
  1.002132
  1.002185
  0.999577
  0.999614
  0.999651
  0.999689
  0.999726
  0.999764
  0.999802
  0.999841
  0.999879
  0.999918
  0.999957
  0.999996
  1.000036
  1.000075
  1.000115
  1.000156
  1.000196
  1.000237
  1.000278
  1.000319
  1.000360
  1.000402
  1.000444
  1.000486
  1.000529
  1.000571
  1.000614
  1.000657
  1.000701
  1.000745
  1.000789
  1.000833
  1.000877
  1.000922
  1.000967
  1.001012
  1.001058
  1.001104
  1.001150
  1.001196
  1.001243
  1.001290
  1.001337
  1.001385
  1.001433
  1.001481
  1.001529
  1.001578
  1.001627
  1.001676
  1.001725
  1.001775
  1.001825
  1.001876
  1.001927
  1.001978
  1.002029
  1.002081
  1.002132
  1.002185
  0.999577
  0.999614
  0.999651
  0.999689
  0.999726
  0.999764
  0.999802
  0.999841
  0.999879
  0.999918
  0.999957
  0.999996
  1.000036
  1.000075
  1.000115
  1.000156
  1.000196
  1.000237
  1.000278
  1.000319
  1.000360
  1.000402
  1.000444
  1.000486
  1.000529
  1.000571
  1.000614
  1.000657
  1.000701
  1.000745
  1.000789
  1.000833
  1.000877
  1.000922
  1.000967
  1.001012
  1.001058
  1.001104
  1.001150
  1.001196
  1.001243
  1.001290
  1.001337
  1.001385
  1.001433
  1.001481
  1.001529
  1.001578
  1.001627
  1.001676
  1.001725
  1.001775
  1.001825
  1.001876
  1.001927
  1.001978
  1.002029
  1.002081
  1.002132
  1.002185
  0.999577
  0.999614
  0.999651
  0.999689
  0.999726
  0.999764
  0.999802
  0.999841
  0.999879
  0.999918
  0.999957
  0.999996
  1.000036
  1.000075
  1.000115
  1.000156
  1.000196
  1.000237
  1.000278
  1.000319
  1.000360
  1.000402
  1.000444
  1.000486
  1.000529
  1.000571
  1.000614
  1.000657
  1.000701
  1.000745
  1.000789
  1.000833
  1.000877
  1.000922
  1.000967
  1.001012
  1.001058
  1.001104
  1.001150
  1.001196
  1.001243
  1.001290
  1.001337
  1.001385
  1.001433
  1.001481
  1.001529
  1.001578
  1.001627
  1.001676
  1.001725
  1.001775
  1.001825
  1.001876
  1.001927
  1.001978
  1.002029
  1.002081
  1.002132
  1.002185
  0.999577
  0.999614
  0.999651
  0.999689
  0.999726
  0.999764
  0.999802
  0.999841
  0.999879
  0.999918
  0.999957
  0.999996
  1.000036
  1.000075
  1.000115
  1.000156
  1.000196
  1.000237
  1.000278
  1.000319
  1.000360
  1.000402
  1.000444
  1.000486
  1.000529
  1.000571
  1.000614
  1.000657
  1.000701
  1.000745
  1.000789
  1.000833
  1.000877
  1.000922
  1.000967
  1.001012
  1.001058
  1.001104
  1.001150
  1.001196
  1.001243
  1.001290
  1.001337
  1.001385
  1.001433
  1.001481
  1.001529
  1.001578
  1.001627
  1.001676
  1.001725
  1.001775
  1.001825
  1.001876
  1.001927
  1.001978
  1.002029
  1.002081
  1.002132
  1.002185
  0.999577
  0.999614
  0.999651
  0.999689
  0.999726
  0.999764
  0.999802
  0.999841
  0.999879
  0.999918
  0.999957
  0.999996
  1.000036
  1.000075
  1.000115
  1.000156
  1.000196
  1.000237
  1.000278
  1.000319
  1.000360
  1.000402
  1.000444
  1.000486
  1.000529
  1.000571
  1.000614
  1.000657
  1.000701
  1.000745
  1.000789
  1.000833
  1.000877
  1.000922
  1.000967
  1.001012
  1.001058
  1.001104
  1.001150
  1.001196
  1.001243
  1.001290
  1.001337
  1.001385
  1.001433
  1.001481
  1.001529
  1.001578
  1.001627
  1.001676
  1.001725
  1.001775
  1.001825
  1.001876
  1.001927
  1.001978
  1.002029
  1.002081
  1.002132
  1.002185
  0.999577
  0.999614
  0.999651
  0.999689
  0.999726
  0.999764
  0.999802
  0.999841
  0.999879
  0.999918
  0.999957
  0.999996
  1.000036
  1.000075
  1.000115
  1.000156
  1.000196
  1.000237
  1.000278
  1.000319
  1.000360
  1.000402
  1.000444
  1.000486
  1.000529
  1.000571
  1.000614
  1.000657
  1.000701
  1.000745
  1.000789
  1.000833
  1.000877
  1.000922
  1.000967
  1.001012
  1.001058
  1.001104
  1.001150
  1.001196
  1.001243
  1.001290
  1.001337
  1.001385
  1.001433
  1.001481
  1.001529
  1.001578
  1.001627
  1.001676
  1.001725
  1.001775
  1.001825
  1.001876
  1.001927
  1.001978
  1.002029
  1.002081
  1.002132
  1.002185
  0.999577
  0.999614
  0.999651
  0.999689
  0.999726
  0.999764
  0.999802
  0.999841
  0.999879
  0.999918
  0.999957
  0.999996
  1.000036
  1.000075
  1.000115
  1.000156
  1.000196
  1.000237
  1.000278
  1.000319
  1.000360
  1.000402
  1.000444
  1.000486
  1.000529
  1.000571
  1.000614
  1.000657
  1.000701
  1.000745
  1.000789
  1.000833
  1.000877
  1.000922
  1.000967
  1.001012
  1.001058
  1.001104
  1.001150
  1.001196
  1.001243
  1.001290
  1.001337
  1.001385
  1.001433
  1.001481
  1.001529
  1.001578
  1.001627
  1.001676
  1.001725
  1.001775
  1.001825
  1.001876
  1.001927
  1.001978
  1.002029
  1.002081
  1.002132
  1.002185
  0.999577
  0.999614
  0.999651
  0.999689
  0.999726
  0.999764
  0.999802
  0.999841
  0.999879
  0.999918
  0.999957
  0.999996
  1.000036
  1.000075
  1.000115
  1.000156
  1.000196
  1.000237
  1.000278
  1.000319
  1.000360
  1.000402
  1.000444
  1.000486
  1.000529
  1.000571
  1.000614
  1.000657
  1.000701
  1.000745
  1.000789
  1.000833
  1.000877
  1.000922
  1.000967
  1.001012
  1.001058
  1.001104
  1.001150
  1.001196
  1.001243
  1.001290
  1.001337
  1.001385
  1.001433
  1.001481
  1.001529
  1.001578
  1.001627
  1.001676
  1.001725
  1.001775
  1.001825
  1.001876
  1.001927
  1.001978
  1.002029
  1.002081
  1.002132
  1.002185
  0.999577
  0.999614
  0.999651
  0.999689
  0.999726
  0.999764
  0.999802
  0.999841
  0.999879
  0.999918
  0.999957
  0.999996
  1.000036
  1.000075
  1.000115
  1.000156
  1.000196
  1.000237
  1.000278
  1.000319
  1.000360
  1.000402
  1.000444
  1.000486
  1.000529
  1.000571
  1.000614
  1.000657
  1.000701
  1.000745
  1.000789
  1.000833
  1.000877
  1.000922
  1.000967
  1.001012
  1.001058
  1.001104
  1.001150
  1.001196
  1.001243
  1.001290
  1.001337
  1.001385
  1.001433
  1.001481
  1.001529
  1.001578
  1.001627
  1.001676
  1.001725
  1.001775
  1.001825
  1.001876
  1.001927
  1.001978
  1.002029
  1.002081
  1.002132
  1.002185
  0.999577
  0.999614
  0.999651
  0.999689
  0.999726
  0.999764
  0.999802
  0.999841
  0.999879
  0.999918
  0.999957
  0.999996
  1.000036
  1.000075
  1.000115
  1.000156
  1.000196
  1.000237
  1.000278
  1.000319
  1.000360
  1.000402
  1.000444
  1.000486
  1.000529
  1.000571
  1.000614
  1.000657
  1.000701
  1.000745
  1.000789
  1.000833
  1.000877
  1.000922
  1.000967
  1.001012
  1.001058
  1.001104
  1.001150
  1.001196
  1.001243
  1.001290
  1.001337
  1.001385
  1.001433
  1.001481
  1.001529
  1.001578
  1.001627
  1.001676
  1.001725
  1.001775
  1.001825
  1.001876
  1.001927
  1.001978
  1.002029
  1.002081
  1.002132
  1.002185
  0.999577
  0.999614
  0.999651
  0.999689
  0.999726
  0.999764
  0.999802
  0.999841
  0.999879
  0.999918
  0.999957
  0.999996
  1.000036
  1.000075
  1.000115
  1.000156
  1.000196
  1.000237
  1.000278
  1.000319
  1.000360
  1.000402
  1.000444
  1.000486
  1.000529
  1.000571
  1.000614
  1.000657
  1.000701
  1.000745
  1.000789
  1.000833
  1.000877
  1.000922
  1.000967
  1.001012
  1.001058
  1.001104
  1.001150
  1.001196
  1.001243
  1.001290
  1.001337
  1.001385
  1.001433
  1.001481
  1.001529
  1.001578
  1.001627
  1.001676
  1.001725
  1.001775
  1.001825
  1.001876
  1.001927
  1.001978
  1.002029
  1.002081
  1.002132
  1.002185
  0.999577
  0.999614
  0.999651
  0.999689
  0.999726
  0.999764
  0.999802
  0.999841
  0.999879
  0.999918
  0.999957
  0.999996
  1.000036
  1.000075
  1.000115
  1.000156
  1.000196
  1.000237
  1.000278
  1.000319
  1.000360
  1.000402
  1.000444
  1.000486
  1.000529
  1.000571
  1.000614
  1.000657
  1.000701
  1.000745
  1.000789
  1.000833
  1.000877
  1.000922
  1.000967
  1.001012
  1.001058
  1.001104
  1.001150
  1.001196
  1.001243
  1.001290
  1.001337
  1.001385
  1.001433
  1.001481
  1.001529
  1.001578
  1.001627
  1.001676
  1.001725
  1.001775
  1.001825
  1.001876
  1.001927
  1.001978
  1.002029
  1.002081
  1.002132
  1.002185
  0.999724
  0.999761
  0.999798
  0.999835
  0.999873
  0.999911
  0.999949
  0.999987
  1.000026
  1.000065
  1.000104
  1.000143
  1.000182
  1.000222
  1.000262
  1.000302
  1.000343
  1.000383
  1.000424
  1.000465
  1.000507
  1.000548
  1.000590
  1.000633
  1.000675
  1.000718
  1.000761
  1.000804
  1.000847
  1.000891
  1.000935
  1.000979
  1.001024
  1.001068
  1.001113
  1.001159
  1.001204
  1.001250
  1.001296
  1.001342
  1.001389
  1.001436
  1.001483
  1.001531
  1.001579
  1.001627
  1.001675
  1.001724
  1.001773
  1.001822
  1.001871
  1.001921
  1.001971
  1.002022
  1.002072
  1.002123
  1.002175
  1.002226
  1.002278
  1.002330
 -0.000000
 -0.000000
 -0.000000
 -0.000000
 -0.000000
 -0.000000
 -0.000000
 -0.000000
 -0.000000
 -0.000000
 -0.000000
 -0.000000
 -0.000000
 -0.000000
 -0.000000
 -0.000000
 -0.000000
 -0.000000
 -0.000000
 -0.000000
 -0.000000
 -0.000000
 -0.000000
 -0.000000
 -0.000000
 -0.000000
 -0.000000
 -0.000000
 -0.000000
 -0.000000
 -0.000000
 -0.000000
 -0.000000
 -0.000000
 -0.000000
 -0.000000
 -0.000000
 -0.000000
 -0.000000
 -0.000000
 -0.000000
 -0.000000
 -0.000000
 -0.000000
 -0.000000
 -0.000000
 -0.000000
 -0.000000
 -0.000000
 -0.000000
 -0.000000
 -0.000000
 -0.000000
 -0.000000
 -0.000000
 -0.000000
 -0.000000
 -0.000000
 -0.000000
 -0.000000
 -0.000000
 -0.000000
 -0.000000
 -0.000000
 -0.000000
 -0.000000
 -0.000000
 -0.000000
 -0.000000
 -0.000000
 -0.000000
 -0.000000
 -0.000000
 -0.000000
 -0.000000
 -0.000000
 -0.000000
 -0.000000
 -0.000000
 -0.000000
 -0.000000
 -0.000000
 -0.000000
 -0.000000
 -0.000000
 -0.000000
 -0.000000
 -0.000000
 -0.000000
 -0.000000
 -0.000000
 -0.000000
 -0.000000
 -0.000000
 -0.000000
 -0.000000
 -0.000000
 -0.000000
 -0.000000
 -0.000000
 -0.000000
 -0.000000
 -0.000000
 -0.000000
 -0.000000
 -0.000000
 -0.000000
 -0.000000
 -0.000000
 -0.000000
 -0.000000
 -0.000000
 -0.000000
 -0.000000
 -0.000000
 -0.000000
 -0.000000
 -0.000000
 -0.000000
 -0.000000
 -0.000000
 -0.000000
 -0.000000
 -0.000000
 -0.000000
 -0.000000
 -0.000000
 -0.000000
 -0.000000
 -0.000000
 -0.000000
 -0.000000
 -0.000000
 -0.000000
 -0.000000
 -0.000000
 -0.000000
 -0.000000
 -0.000000
 -0.000000
 -0.000000
 -0.000000
 -0.000000
 -0.000000
 -0.000000
 -0.000000
 -0.000000
 -0.000000
 -0.000000
 -0.000000
 -0.000000
 -0.000000
 -0.000000
 -0.000000
 -0.000000
 -0.000000
 -0.000000
 -0.000000
 -0.000000
 -0.000000
 -0.000000
 -0.000000
 -0.000000
 -0.000000
 -0.000000
 -0.000000
 -0.000000
 -0.000000
 -0.000000
 -0.000000
 -0.000000
 -0.000000
 -0.000000
 -0.000000
 -0.000000
 -0.000000
 -0.000000
 -0.000000
 -0.000000
 -0.000000
