 -0.000000
 -0.000000
 -0.000000
 -0.000000
 -0.000000
 -0.000000
 -0.000000
 -0.000000
 -0.000000
 -0.000000
 -0.000000
 -0.000000
 -0.000000
 -0.000000
 -0.000000
 -0.000000
 -0.000000
 -0.000000
 -0.000000
 -0.000000
 -0.000000
 -0.000000
 -0.000000
 -0.000000
 -0.000000
 -0.000000
 -0.000000
 -0.000000
 -0.000000
 -0.000000
 -0.000000
 -0.000000
 -0.000000
 -0.000000
 -0.000000
 -0.000000
 -0.000000
 -0.000000
 -0.000000
 -0.000000
 -0.000000
 -0.000000
 -0.000000
 -0.000000
 -0.000000
 -0.000000
 -0.000000
 -0.000000
 -0.000000
 -0.000000
 -0.000000
 -0.000000
 -0.000000
 -0.000000
 -0.000000
 -0.000000
 -0.000000
 -0.000000
 -0.000000
 -0.000000
 -0.000000
 -0.000000
 -0.000000
 -0.000000
 -0.000000
 -0.000000
 -0.000000
 -0.000000
 -0.000000
 -0.000000
 -0.000000
 -0.000000
 -0.000000
 -0.000000
 -0.000000
 -0.000000
 -0.000000
 -0.000000
 -0.000000
 -0.000000
 -0.000000
 -0.000000
 -0.000000
 -0.000000
 -0.000000
 -0.000000
 -0.000000
 -0.000000
 -0.000000
 -0.000000
 -0.000000
 -0.000000
 -0.000000
 -0.000000
 -0.000000
 -0.000000
 -0.000000
 -0.000000
 -0.000000
 -0.000000
 -0.000000
 -0.000000
 -0.000000
 -0.000000
 -0.000000
 -0.000000
 -0.000000
 -0.000000
 -0.000000
 -0.000000
 -0.000000
 -0.000000
 -0.000000
 -0.000000
 -0.000000
 -0.000000
 -0.000000
 -0.000000
 -0.000000
 -0.000000
 -0.000000
 -0.000000
 -0.000000
 -0.000000
 -0.000000
 -0.000000
 -0.000000
 -0.000000
 -0.000000
 -0.000000
 -0.000000
 -0.000000
 -0.000000
 -0.000000
 -0.000000
 -0.000000
 -0.000000
 -0.000000
 -0.000000
 -0.000000
 -0.000000
 -0.000000
 -0.000000
 -0.000000
 -0.000000
 -0.000000
 -0.000000
 -0.000000
 -0.000000
 -0.000000
 -0.000000
 -0.000000
 -0.000000
 -0.000000
 -0.000000
 -0.000000
 -0.000000
 -0.000000
 -0.000000
 -0.000000
 -0.000000
 -0.000000
 -0.000000
 -0.000000
 -0.000000
 -0.000000
 -0.000000
 -0.000000
 -0.000000
 -0.000000
 -0.000000
 -0.000000
 -0.000000
 -0.000000
 -0.000000
 -0.000000
 -0.000000
 -0.000000
 -0.000000
 -0.000000
 -0.000000
 -0.000000
 -0.000000
  1.000000
  1.000036
  1.000073
  1.000110
  1.000148
  1.000186
  1.000224
  1.000262
  1.000300
  1.000339
  1.000378
  1.000417
  1.000456
  1.000496
  1.000535
  1.000575
  1.000616
  1.000656
  1.000697
  1.000738
  1.000779
  1.000821
  1.000862
  1.000904
  1.000947
  1.000989
  1.001032
  1.001075
  1.001118
  1.001162
  1.001205
  1.001250
  1.001294
  1.001338
  1.001383
  1.001428
  1.001474
  1.001519
  1.001565
  1.001611
  1.001658
  1.001705
  1.001752
  1.001799
  1.001847
  1.001895
  1.001943
  1.001991
  1.002040
  1.002089
  1.002138
  1.002188
  1.002238
  1.002288
  1.002338
  1.002389
  1.002440
  1.002492
  1.002543
  1.002595
  1.002648
  1.000000
  1.000036
  1.000073
  1.000110
  1.000148
  1.000186
  1.000224
  1.000262
  1.000300
  1.000339
  1.000378
  1.000417
  1.000456
  1.000496
  1.000535
  1.000575
  1.000616
  1.000656
  1.000697
  1.000738
  1.000779
  1.000821
  1.000862
  1.000904
  1.000947
  1.000989
  1.001032
  1.001075
  1.001118
  1.001162
  1.001205
  1.001250
  1.001294
  1.001338
  1.001383
  1.001428
  1.001474
  1.001519
  1.001565
  1.001611
  1.001658
  1.001705
  1.001752
  1.001799
  1.001847
  1.001895
  1.001943
  1.001991
  1.002040
  1.002089
  1.002138
  1.002188
  1.002238
  1.002288
  1.002338
  1.002389
  1.002440
  1.002492
  1.002543
  1.002595
  1.002648
  1.000000
  1.000036
  1.000073
  1.000110
  1.000148
  1.000186
  1.000224
  1.000262
  1.000300
  1.000339
  1.000378
  1.000417
  1.000456
  1.000496
  1.000535
  1.000575
  1.000616
  1.000656
  1.000697
  1.000738
  1.000779
  1.000821
  1.000862
  1.000904
  1.000947
  1.000989
  1.001032
  1.001075
  1.001118
  1.001162
  1.001205
  1.001250
  1.001294
  1.001338
  1.001383
  1.001428
  1.001474
  1.001519
  1.001565
  1.001611
  1.001658
  1.001705
  1.001752
  1.001799
  1.001847
  1.001895
  1.001943
  1.001991
  1.002040
  1.002089
  1.002138
  1.002188
  1.002238
  1.002288
  1.002338
  1.002389
  1.002440
  1.002492
  1.002543
  1.002595
  1.002648
  1.000000
  1.000036
  1.000073
  1.000110
  1.000148
  1.000186
  1.000224
  1.000262
  1.000300
  1.000339
  1.000378
  1.000417
  1.000456
  1.000496
  1.000535
  1.000575
  1.000616
  1.000656
  1.000697
  1.000738
  1.000779
  1.000821
  1.000862
  1.000904
  1.000947
  1.000989
  1.001032
  1.001075
  1.001118
  1.001162
  1.001205
  1.001250
  1.001294
  1.001338
  1.001383
  1.001428
  1.001474
  1.001519
  1.001565
  1.001611
  1.001658
  1.001705
  1.001752
  1.001799
  1.001847
  1.001895
  1.001943
  1.001991
  1.002040
  1.002089
  1.002138
  1.002188
  1.002238
  1.002288
  1.002338
  1.002389
  1.002440
  1.002492
  1.002543
  1.002595
  1.002648
  1.000000
  1.000036
  1.000073
  1.000110
  1.000148
  1.000186
  1.000224
  1.000262
  1.000300
  1.000339
  1.000378
  1.000417
  1.000456
  1.000496
  1.000535
  1.000575
  1.000616
  1.000656
  1.000697
  1.000738
  1.000779
  1.000821
  1.000862
  1.000904
  1.000947
  1.000989
  1.001032
  1.001075
  1.001118
  1.001162
  1.001205
  1.001250
  1.001294
  1.001338
  1.001383
  1.001428
  1.001474
  1.001519
  1.001565
  1.001611
  1.001658
  1.001705
  1.001752
  1.001799
  1.001847
  1.001895
  1.001943
  1.001991
  1.002040
  1.002089
  1.002138
  1.002188
  1.002238
  1.002288
  1.002338
  1.002389
  1.002440
  1.002492
  1.002543
  1.002595
  1.002648
  1.000000
  1.000036
  1.000073
  1.000110
  1.000148
  1.000186
  1.000224
  1.000262
  1.000300
  1.000339
  1.000378
  1.000417
  1.000456
  1.000496
  1.000535
  1.000575
  1.000616
  1.000656
  1.000697
  1.000738
  1.000779
  1.000821
  1.000862
  1.000904
  1.000947
  1.000989
  1.001032
  1.001075
  1.001118
  1.001162
  1.001205
  1.001250
  1.001294
  1.001338
  1.001383
  1.001428
  1.001474
  1.001519
  1.001565
  1.001611
  1.001658
  1.001705
  1.001752
  1.001799
  1.001847
  1.001895
  1.001943
  1.001991
  1.002040
  1.002089
  1.002138
  1.002188
  1.002238
  1.002288
  1.002338
  1.002389
  1.002440
  1.002492
  1.002543
  1.002595
  1.002648
  1.000000
  1.000036
  1.000073
  1.000110
  1.000148
  1.000186
  1.000224
  1.000262
  1.000300
  1.000339
  1.000378
  1.000417
  1.000456
  1.000496
  1.000535
  1.000575
  1.000616
  1.000656
  1.000697
  1.000738
  1.000779
  1.000821
  1.000862
  1.000904
  1.000947
  1.000989
  1.001032
  1.001075
  1.001118
  1.001162
  1.001205
  1.001250
  1.001294
  1.001338
  1.001383
  1.001428
  1.001474
  1.001519
  1.001565
  1.001611
  1.001658
  1.001705
  1.001752
  1.001799
  1.001847
  1.001895
  1.001943
  1.001991
  1.002040
  1.002089
  1.002138
  1.002188
  1.002238
  1.002288
  1.002338
  1.002389
  1.002440
  1.002492
  1.002543
  1.002595
  1.002648
  1.000000
  1.000036
  1.000073
  1.000110
  1.000148
  1.000186
  1.000224
  1.000262
  1.000300
  1.000339
  1.000378
  1.000417
  1.000456
  1.000496
  1.000535
  1.000575
  1.000616
  1.000656
  1.000697
  1.000738
  1.000779
  1.000821
  1.000862
  1.000904
  1.000947
  1.000989
  1.001032
  1.001075
  1.001118
  1.001162
  1.001205
  1.001250
  1.001294
  1.001338
  1.001383
  1.001428
  1.001474
  1.001519
  1.001565
  1.001611
  1.001658
  1.001705
  1.001752
  1.001799
  1.001847
  1.001895
  1.001943
  1.001991
  1.002040
  1.002089
  1.002138
  1.002188
  1.002238
  1.002288
  1.002338
  1.002389
  1.002440
  1.002492
  1.002543
  1.002595
  1.002648
  1.000000
  1.000036
  1.000073
  1.000110
  1.000148
  1.000186
  1.000224
  1.000262
  1.000300
  1.000339
  1.000378
  1.000417
  1.000456
  1.000496
  1.000535
  1.000575
  1.000616
  1.000656
  1.000697
  1.000738
  1.000779
  1.000821
  1.000862
  1.000904
  1.000947
  1.000989
  1.001032
  1.001075
  1.001118
  1.001162
  1.001205
  1.001250
  1.001294
  1.001338
  1.001383
  1.001428
  1.001474
  1.001519
  1.001565
  1.001611
  1.001658
  1.001705
  1.001752
  1.001799
  1.001847
  1.001895
  1.001943
  1.001991
  1.002040
  1.002089
  1.002138
  1.002188
  1.002238
  1.002288
  1.002338
  1.002389
  1.002440
  1.002492
  1.002543
  1.002595
  1.002648
  1.000000
  1.000036
  1.000073
  1.000110
  1.000148
  1.000186
  1.000224
  1.000262
  1.000300
  1.000339
  1.000378
  1.000417
  1.000456
  1.000496
  1.000535
  1.000575
  1.000616
  1.000656
  1.000697
  1.000738
  1.000779
  1.000821
  1.000862
  1.000904
  1.000947
  1.000989
  1.001032
  1.001075
  1.001118
  1.001162
  1.001205
  1.001250
  1.001294
  1.001338
  1.001383
  1.001428
  1.001474
  1.001519
  1.001565
  1.001611
  1.001658
  1.001705
  1.001752
  1.001799
  1.001847
  1.001895
  1.001943
  1.001991
  1.002040
  1.002089
  1.002138
  1.002188
  1.002238
  1.002288
  1.002338
  1.002389
  1.002440
  1.002492
  1.002543
  1.002595
  1.002648
  1.000000
  1.000036
  1.000073
  1.000110
  1.000148
  1.000186
  1.000224
  1.000262
  1.000300
  1.000339
  1.000378
  1.000417
  1.000456
  1.000496
  1.000535
  1.000575
  1.000616
  1.000656
  1.000697
  1.000738
  1.000779
  1.000821
  1.000862
  1.000904
  1.000947
  1.000989
  1.001032
  1.001075
  1.001118
  1.001162
  1.001205
  1.001250
  1.001294
  1.001338
  1.001383
  1.001428
  1.001474
  1.001519
  1.001565
  1.001611
  1.001658
  1.001705
  1.001752
  1.001799
  1.001847
  1.001895
  1.001943
  1.001991
  1.002040
  1.002089
  1.002138
  1.002188
  1.002238
  1.002288
  1.002338
  1.002389
  1.002440
  1.002492
  1.002543
  1.002595
  1.002648
  1.000000
  1.000036
  1.000073
  1.000110
  1.000148
  1.000186
  1.000224
  1.000262
  1.000300
  1.000339
  1.000378
  1.000417
  1.000456
  1.000496
  1.000535
  1.000575
  1.000616
  1.000656
  1.000697
  1.000738
  1.000779
  1.000821
  1.000862
  1.000904
  1.000947
  1.000989
  1.001032
  1.001075
  1.001118
  1.001162
  1.001205
  1.001250
  1.001294
  1.001338
  1.001383
  1.001428
  1.001474
  1.001519
  1.001565
  1.001611
  1.001658
  1.001705
  1.001752
  1.001799
  1.001847
  1.001895
  1.001943
  1.001991
  1.002040
  1.002089
  1.002138
  1.002188
  1.002238
  1.002288
  1.002338
  1.002389
  1.002440
  1.002492
  1.002543
  1.002595
  1.002648
  1.000000
  1.000036
  1.000073
  1.000110
  1.000148
  1.000186
  1.000224
  1.000262
  1.000300
  1.000339
  1.000378
  1.000417
  1.000456
  1.000496
  1.000535
  1.000575
  1.000616
  1.000656
  1.000697
  1.000738
  1.000779
  1.000821
  1.000862
  1.000904
  1.000947
  1.000989
  1.001032
  1.001075
  1.001118
  1.001162
  1.001205
  1.001250
  1.001294
  1.001338
  1.001383
  1.001428
  1.001474
  1.001519
  1.001565
  1.001611
  1.001658
  1.001705
  1.001752
  1.001799
  1.001847
  1.001895
  1.001943
  1.001991
  1.002040
  1.002089
  1.002138
  1.002188
  1.002238
  1.002288
  1.002338
  1.002389
  1.002440
  1.002492
  1.002543
  1.002595
  1.002648
  1.000000
  1.000036
  1.000073
  1.000110
  1.000148
  1.000186
  1.000224
  1.000262
  1.000300
  1.000339
  1.000378
  1.000417
  1.000456
  1.000496
  1.000535
  1.000575
  1.000616
  1.000656
  1.000697
  1.000738
  1.000779
  1.000821
  1.000862
  1.000904
  1.000947
  1.000989
  1.001032
  1.001075
  1.001118
  1.001162
  1.001205
  1.001250
  1.001294
  1.001338
  1.001383
  1.001428
  1.001474
  1.001519
  1.001565
  1.001611
  1.001658
  1.001705
  1.001752
  1.001799
  1.001847
  1.001895
  1.001943
  1.001991
  1.002040
  1.002089
  1.002138
  1.002188
  1.002238
  1.002288
  1.002338
  1.002389
  1.002440
  1.002492
  1.002543
  1.002595
  1.002648
  1.000000
  1.000036
  1.000073
  1.000110
  1.000148
  1.000186
  1.000224
  1.000262
  1.000300
  1.000339
  1.000378
  1.000417
  1.000456
  1.000496
  1.000535
  1.000575
  1.000616
  1.000656
  1.000697
  1.000738
  1.000779
  1.000821
  1.000862
  1.000904
  1.000947
  1.000989
  1.001032
  1.001075
  1.001118
  1.001162
  1.001205
  1.001250
  1.001294
  1.001338
  1.001383
  1.001428
  1.001474
  1.001519
  1.001565
  1.001611
  1.001658
  1.001705
  1.001752
  1.001799
  1.001847
  1.001895
  1.001943
  1.001991
  1.002040
  1.002089
  1.002138
  1.002188
  1.002238
  1.002288
  1.002338
  1.002389
  1.002440
  1.002492
  1.002543
  1.002595
  1.002648
  1.000000
  1.000036
  1.000073
  1.000110
  1.000148
  1.000186
  1.000224
  1.000262
  1.000300
  1.000339
  1.000378
  1.000417
  1.000456
  1.000496
  1.000535
  1.000575
  1.000616
  1.000656
  1.000697
  1.000738
  1.000779
  1.000821
  1.000862
  1.000904
  1.000947
  1.000989
  1.001032
  1.001075
  1.001118
  1.001162
  1.001205
  1.001250
  1.001294
  1.001338
  1.001383
  1.001428
  1.001474
  1.001519
  1.001565
  1.001611
  1.001658
  1.001705
  1.001752
  1.001799
  1.001847
  1.001895
  1.001943
  1.001991
  1.002040
  1.002089
  1.002138
  1.002188
  1.002238
  1.002288
  1.002338
  1.002389
  1.002440
  1.002492
  1.002543
  1.002595
  1.002648
  1.000000
  1.000036
  1.000073
  1.000110
  1.000148
  1.000186
  1.000224
  1.000262
  1.000300
  1.000339
  1.000378
  1.000417
  1.000456
  1.000496
  1.000535
  1.000575
  1.000616
  1.000656
  1.000697
  1.000738
  1.000779
  1.000821
  1.000862
  1.000904
  1.000947
  1.000989
  1.001032
  1.001075
  1.001118
  1.001162
  1.001205
  1.001250
  1.001294
  1.001338
  1.001383
  1.001428
  1.001474
  1.001519
  1.001565
  1.001611
  1.001658
  1.001705
  1.001752
  1.001799
  1.001847
  1.001895
  1.001943
  1.001991
  1.002040
  1.002089
  1.002138
  1.002188
  1.002238
  1.002288
  1.002338
  1.002389
  1.002440
  1.002492
  1.002543
  1.002595
  1.002648
  1.000000
  1.000036
  1.000073
  1.000110
  1.000148
  1.000186
  1.000224
  1.000262
  1.000300
  1.000339
  1.000378
  1.000417
  1.000456
  1.000496
  1.000535
  1.000575
  1.000616
  1.000656
  1.000697
  1.000738
  1.000779
  1.000821
  1.000862
  1.000904
  1.000947
  1.000989
  1.001032
  1.001075
  1.001118
  1.001162
  1.001205
  1.001250
  1.001294
  1.001338
  1.001383
  1.001428
  1.001474
  1.001519
  1.001565
  1.001611
  1.001658
  1.001705
  1.001752
  1.001799
  1.001847
  1.001895
  1.001943
  1.001991
  1.002040
  1.002089
  1.002138
  1.002188
  1.002238
  1.002288
  1.002338
  1.002389
  1.002440
  1.002492
  1.002543
  1.002595
  1.002648
  1.000000
  1.000036
  1.000073
  1.000110
  1.000148
  1.000186
  1.000224
  1.000262
  1.000300
  1.000339
  1.000378
  1.000417
  1.000456
  1.000496
  1.000535
  1.000575
  1.000616
  1.000656
  1.000697
  1.000738
  1.000779
  1.000821
  1.000862
  1.000904
  1.000947
  1.000989
  1.001032
  1.001075
  1.001118
  1.001162
  1.001205
  1.001250
  1.001294
  1.001338
  1.001383
  1.001428
  1.001474
  1.001519
  1.001565
  1.001611
  1.001658
  1.001705
  1.001752
  1.001799
  1.001847
  1.001895
  1.001943
  1.001991
  1.002040
  1.002089
  1.002138
  1.002188
  1.002238
  1.002288
  1.002338
  1.002389
  1.002440
  1.002492
  1.002543
  1.002595
  1.002648
  1.000000
  1.000036
  1.000073
  1.000110
  1.000148
  1.000186
  1.000224
  1.000262
  1.000300
  1.000339
  1.000378
  1.000417
  1.000456
  1.000496
  1.000535
  1.000575
  1.000616
  1.000656
  1.000697
  1.000738
  1.000779
  1.000821
  1.000862
  1.000904
  1.000947
  1.000989
  1.001032
  1.001075
  1.001118
  1.001162
  1.001205
  1.001250
  1.001294
  1.001338
  1.001383
  1.001428
  1.001474
  1.001519
  1.001565
  1.001611
  1.001658
  1.001705
  1.001752
  1.001799
  1.001847
  1.001895
  1.001943
  1.001991
  1.002040
  1.002089
  1.002138
  1.002188
  1.002238
  1.002288
  1.002338
  1.002389
  1.002440
  1.002492
  1.002543
  1.002595
  1.002648
  1.000000
  1.000036
  1.000073
  1.000110
  1.000148
  1.000186
  1.000224
  1.000262
  1.000300
  1.000339
  1.000378
  1.000417
  1.000456
  1.000496
  1.000535
  1.000575
  1.000616
  1.000656
  1.000697
  1.000738
  1.000779
  1.000821
  1.000862
  1.000904
  1.000947
  1.000989
  1.001032
  1.001075
  1.001118
  1.001162
  1.001205
  1.001250
  1.001294
  1.001338
  1.001383
  1.001428
  1.001474
  1.001519
  1.001565
  1.001611
  1.001658
  1.001705
  1.001752
  1.001799
  1.001847
  1.001895
  1.001943
  1.001991
  1.002040
  1.002089
  1.002138
  1.002188
  1.002238
  1.002288
  1.002338
  1.002389
  1.002440
  1.002492
  1.002543
  1.002595
  1.002648
  1.000000
  1.000036
  1.000073
  1.000110
  1.000148
  1.000186
  1.000224
  1.000262
  1.000300
  1.000339
  1.000378
  1.000417
  1.000456
  1.000496
  1.000535
  1.000575
  1.000616
  1.000656
  1.000697
  1.000738
  1.000779
  1.000821
  1.000862
  1.000904
  1.000947
  1.000989
  1.001032
  1.001075
  1.001118
  1.001162
  1.001205
  1.001250
  1.001294
  1.001338
  1.001383
  1.001428
  1.001474
  1.001519
  1.001565
  1.001611
  1.001658
  1.001705
  1.001752
  1.001799
  1.001847
  1.001895
  1.001943
  1.001991
  1.002040
  1.002089
  1.002138
  1.002188
  1.002238
  1.002288
  1.002338
  1.002389
  1.002440
  1.002492
  1.002543
  1.002595
  1.002648
  1.000000
  1.000036
  1.000073
  1.000110
  1.000148
  1.000186
  1.000224
  1.000262
  1.000300
  1.000339
  1.000378
  1.000417
  1.000456
  1.000496
  1.000535
  1.000575
  1.000616
  1.000656
  1.000697
  1.000738
  1.000779
  1.000821
  1.000862
  1.000904
  1.000947
  1.000989
  1.001032
  1.001075
  1.001118
  1.001162
  1.001205
  1.001250
  1.001294
  1.001338
  1.001383
  1.001428
  1.001474
  1.001519
  1.001565
  1.001611
  1.001658
  1.001705
  1.001752
  1.001799
  1.001847
  1.001895
  1.001943
  1.001991
  1.002040
  1.002089
  1.002138
  1.002188
  1.002238
  1.002288
  1.002338
  1.002389
  1.002440
  1.002492
  1.002543
  1.002595
  1.002648
  1.000000
  1.000036
  1.000073
  1.000110
  1.000148
  1.000186
  1.000224
  1.000262
  1.000300
  1.000339
  1.000378
  1.000417
  1.000456
  1.000496
  1.000535
  1.000575
  1.000616
  1.000656
  1.000697
  1.000738
  1.000779
  1.000821
  1.000862
  1.000904
  1.000947
  1.000989
  1.001032
  1.001075
  1.001118
  1.001162
  1.001205
  1.001250
  1.001294
  1.001338
  1.001383
  1.001428
  1.001474
  1.001519
  1.001565
  1.001611
  1.001658
  1.001705
  1.001752
  1.001799
  1.001847
  1.001895
  1.001943
  1.001991
  1.002040
  1.002089
  1.002138
  1.002188
  1.002238
  1.002288
  1.002338
  1.002389
  1.002440
  1.002492
  1.002543
  1.002595
  1.002648
  1.000000
  1.000036
  1.000073
  1.000110
  1.000148
  1.000186
  1.000224
  1.000262
  1.000300
  1.000339
  1.000378
  1.000417
  1.000456
  1.000496
  1.000535
  1.000575
  1.000616
  1.000656
  1.000697
  1.000738
  1.000779
  1.000821
  1.000862
  1.000904
  1.000947
  1.000989
  1.001032
  1.001075
  1.001118
  1.001162
  1.001205
  1.001250
  1.001294
  1.001338
  1.001383
  1.001428
  1.001474
  1.001519
  1.001565
  1.001611
  1.001658
  1.001705
  1.001752
  1.001799
  1.001847
  1.001895
  1.001943
  1.001991
  1.002040
  1.002089
  1.002138
  1.002188
  1.002238
  1.002288
  1.002338
  1.002389
  1.002440
  1.002492
  1.002543
  1.002595
  1.002648
  1.000000
  1.000036
  1.000073
  1.000110
  1.000148
  1.000186
  1.000224
  1.000262
  1.000300
  1.000339
  1.000378
  1.000417
  1.000456
  1.000496
  1.000535
  1.000575
  1.000616
  1.000656
  1.000697
  1.000738
  1.000779
  1.000821
  1.000862
  1.000904
  1.000947
  1.000989
  1.001032
  1.001075
  1.001118
  1.001162
  1.001205
  1.001250
  1.001294
  1.001338
  1.001383
  1.001428
  1.001474
  1.001519
  1.001565
  1.001611
  1.001658
  1.001705
  1.001752
  1.001799
  1.001847
  1.001895
  1.001943
  1.001991
  1.002040
  1.002089
  1.002138
  1.002188
  1.002238
  1.002288
  1.002338
  1.002389
  1.002440
  1.002492
  1.002543
  1.002595
  1.002648
  1.000000
  1.000036
  1.000073
  1.000110
  1.000148
  1.000186
  1.000224
  1.000262
  1.000300
  1.000339
  1.000378
  1.000417
  1.000456
  1.000496
  1.000535
  1.000575
  1.000616
  1.000656
  1.000697
  1.000738
  1.000779
  1.000821
  1.000862
  1.000904
  1.000947
  1.000989
  1.001032
  1.001075
  1.001118
  1.001162
  1.001205
  1.001250
  1.001294
  1.001338
  1.001383
  1.001428
  1.001474
  1.001519
  1.001565
  1.001611
  1.001658
  1.001705
  1.001752
  1.001799
  1.001847
  1.001895
  1.001943
  1.001991
  1.002040
  1.002089
  1.002138
  1.002188
  1.002238
  1.002288
  1.002338
  1.002389
  1.002440
  1.002492
  1.002543
  1.002595
  1.002648
  1.000000
  1.000036
  1.000073
  1.000110
  1.000148
  1.000186
  1.000224
  1.000262
  1.000300
  1.000339
  1.000378
  1.000417
  1.000456
  1.000496
  1.000535
  1.000575
  1.000616
  1.000656
  1.000697
  1.000738
  1.000779
  1.000821
  1.000862
  1.000904
  1.000947
  1.000989
  1.001032
  1.001075
  1.001118
  1.001162
  1.001205
  1.001250
  1.001294
  1.001338
  1.001383
  1.001428
  1.001474
  1.001519
  1.001565
  1.001611
  1.001658
  1.001705
  1.001752
  1.001799
  1.001847
  1.001895
  1.001943
  1.001991
  1.002040
  1.002089
  1.002138
  1.002188
  1.002238
  1.002288
  1.002338
  1.002389
  1.002440
  1.002492
  1.002543
  1.002595
  1.002648
  1.000000
  1.000036
  1.000073
  1.000110
  1.000148
  1.000186
  1.000224
  1.000262
  1.000300
  1.000339
  1.000378
  1.000417
  1.000456
  1.000496
  1.000535
  1.000575
  1.000616
  1.000656
  1.000697
  1.000738
  1.000779
  1.000821
  1.000862
  1.000904
  1.000947
  1.000989
  1.001032
  1.001075
  1.001118
  1.001162
  1.001205
  1.001250
  1.001294
  1.001338
  1.001383
  1.001428
  1.001474
  1.001519
  1.001565
  1.001611
  1.001658
  1.001705
  1.001752
  1.001799
  1.001847
  1.001895
  1.001943
  1.001991
  1.002040
  1.002089
  1.002138
  1.002188
  1.002238
  1.002288
  1.002338
  1.002389
  1.002440
  1.002492
  1.002543
  1.002595
  1.002648
  1.000000
  1.000036
  1.000073
  1.000110
  1.000148
  1.000186
  1.000224
  1.000262
  1.000300
  1.000339
  1.000378
  1.000417
  1.000456
  1.000496
  1.000535
  1.000575
  1.000616
  1.000656
  1.000697
  1.000738
  1.000779
  1.000821
  1.000862
  1.000904
  1.000947
  1.000989
  1.001032
  1.001075
  1.001118
  1.001162
  1.001205
  1.001250
  1.001294
  1.001338
  1.001383
  1.001428
  1.001474
  1.001519
  1.001565
  1.001611
  1.001658
  1.001705
  1.001752
  1.001799
  1.001847
  1.001895
  1.001943
  1.001991
  1.002040
  1.002089
  1.002138
  1.002188
  1.002238
  1.002288
  1.002338
  1.002389
  1.002440
  1.002492
  1.002543
  1.002595
  1.002648
 -0.000000
 -0.000000
 -0.000000
 -0.000000
 -0.000000
 -0.000000
 -0.000000
 -0.000000
 -0.000000
 -0.000000
 -0.000000
 -0.000000
 -0.000000
 -0.000000
 -0.000000
 -0.000000
 -0.000000
 -0.000000
 -0.000000
 -0.000000
 -0.000000
 -0.000000
 -0.000000
 -0.000000
 -0.000000
 -0.000000
 -0.000000
 -0.000000
 -0.000000
 -0.000000
 -0.000000
 -0.000000
 -0.000000
 -0.000000
 -0.000000
 -0.000000
 -0.000000
 -0.000000
 -0.000000
 -0.000000
 -0.000000
 -0.000000
 -0.000000
 -0.000000
 -0.000000
 -0.000000
 -0.000000
 -0.000000
 -0.000000
 -0.000000
 -0.000000
 -0.000000
 -0.000000
 -0.000000
 -0.000000
 -0.000000
 -0.000000
 -0.000000
 -0.000000
 -0.000000
 -0.000000
 -0.000000
 -0.000000
 -0.000000
 -0.000000
 -0.000000
 -0.000000
 -0.000000
 -0.000000
 -0.000000
 -0.000000
 -0.000000
 -0.000000
 -0.000000
 -0.000000
 -0.000000
 -0.000000
 -0.000000
 -0.000000
 -0.000000
 -0.000000
 -0.000000
 -0.000000
 -0.000000
 -0.000000
 -0.000000
 -0.000000
 -0.000000
 -0.000000
 -0.000000
 -0.000000
 -0.000000
 -0.000000
 -0.000000
 -0.000000
 -0.000000
 -0.000000
 -0.000000
 -0.000000
 -0.000000
 -0.000000
 -0.000000
 -0.000000
 -0.000000
 -0.000000
 -0.000000
 -0.000000
 -0.000000
 -0.000000
 -0.000000
 -0.000000
 -0.000000
 -0.000000
 -0.000000
 -0.000000
 -0.000000
 -0.000000
 -0.000000
 -0.000000
 -0.000000
 -0.000000
 -0.000000
 -0.000000
 -0.000000
 -0.000000
 -0.000000
 -0.000000
 -0.000000
 -0.000000
 -0.000000
 -0.000000
 -0.000000
 -0.000000
 -0.000000
 -0.000000
 -0.000000
 -0.000000
 -0.000000
 -0.000000
 -0.000000
 -0.000000
 -0.000000
 -0.000000
 -0.000000
 -0.000000
 -0.000000
 -0.000000
 -0.000000
 -0.000000
 -0.000000
 -0.000000
 -0.000000
 -0.000000
 -0.000000
 -0.000000
 -0.000000
 -0.000000
 -0.000000
 -0.000000
 -0.000000
 -0.000000
 -0.000000
 -0.000000
 -0.000000
 -0.000000
 -0.000000
 -0.000000
 -0.000000
 -0.000000
 -0.000000
 -0.000000
 -0.000000
 -0.000000
 -0.000000
 -0.000000
 -0.000000
 -0.000000
 -0.000000
 -0.000000
 -0.000000
 -0.000000
 -0.000000
 -0.000000
