 -0.000000
 -0.000000
 -0.000000
 -0.000000
 -0.000000
 -0.000000
 -0.000000
 -0.000000
 -0.000000
 -0.000000
 -0.000000
 -0.000000
 -0.000000
 -0.000000
 -0.000000
 -0.000000
 -0.000000
 -0.000000
 -0.000000
 -0.000000
 -0.000000
 -0.000000
 -0.000000
 -0.000000
 -0.000000
 -0.000000
 -0.000000
 -0.000000
 -0.000000
 -0.000000
 -0.000000
 -0.000000
 -0.000000
 -0.000000
 -0.000000
 -0.000000
 -0.000000
 -0.000000
 -0.000000
 -0.000000
 -0.000000
 -0.000000
 -0.000000
 -0.000000
 -0.000000
 -0.000000
 -0.000000
 -0.000000
 -0.000000
 -0.000000
 -0.000000
 -0.000000
 -0.000000
 -0.000000
 -0.000000
 -0.000000
 -0.000000
 -0.000000
 -0.000000
 -0.000000
 -0.000000
 -0.000000
 -0.000000
 -0.000000
 -0.000000
 -0.000000
 -0.000000
 -0.000000
 -0.000000
 -0.000000
 -0.000000
 -0.000000
 -0.000000
 -0.000000
 -0.000000
 -0.000000
 -0.000000
 -0.000000
 -0.000000
 -0.000000
 -0.000000
 -0.000000
 -0.000000
 -0.000000
 -0.000000
 -0.000000
 -0.000000
 -0.000000
 -0.000000
 -0.000000
 -0.000000
 -0.000000
 -0.000000
 -0.000000
 -0.000000
 -0.000000
 -0.000000
 -0.000000
 -0.000000
 -0.000000
 -0.000000
 -0.000000
 -0.000000
 -0.000000
 -0.000000
 -0.000000
 -0.000000
 -0.000000
 -0.000000
 -0.000000
 -0.000000
 -0.000000
 -0.000000
 -0.000000
 -0.000000
 -0.000000
 -0.000000
 -0.000000
 -0.000000
 -0.000000
 -0.000000
 -0.000000
 -0.000000
 -0.000000
 -0.000000
 -0.000000
 -0.000000
 -0.000000
 -0.000000
 -0.000000
 -0.000000
 -0.000000
 -0.000000
 -0.000000
 -0.000000
 -0.000000
 -0.000000
 -0.000000
 -0.000000
 -0.000000
 -0.000000
 -0.000000
 -0.000000
 -0.000000
 -0.000000
 -0.000000
 -0.000000
 -0.000000
 -0.000000
 -0.000000
 -0.000000
 -0.000000
 -0.000000
 -0.000000
 -0.000000
 -0.000000
 -0.000000
 -0.000000
 -0.000000
 -0.000000
 -0.000000
 -0.000000
 -0.000000
 -0.000000
 -0.000000
 -0.000000
 -0.000000
 -0.000000
 -0.000000
 -0.000000
 -0.000000
 -0.000000
 -0.000000
 -0.000000
 -0.000000
 -0.000000
 -0.000000
 -0.000000
 -0.000000
 -0.000000
 -0.000000
 -0.000000
 -0.000000
 -0.000000
 -0.000000
 -0.000000
 -0.000000
 -0.000000
 -0.000000
 -0.000000
 -0.000000
 -0.000000
 -0.000000
 -0.000000
 -0.000000
 -0.000000
 -0.000000
 -0.000000
 -0.000000
 -0.000000
 -0.000000
 -0.000000
 -0.000000
 -0.000000
 -0.000000
 -0.000000
 -0.000000
 -0.000000
 -0.000000
 -0.000000
 -0.000000
 -0.000000
 -0.000000
 -0.000000
 -0.000000
 -0.000000
 -0.000000
 -0.000000
 -0.000000
 -0.000000
 -0.000000
 -0.000000
 -0.000000
 -0.000000
 -0.000000
 -0.000000
 -0.000000
 -0.000000
 -0.000000
 -0.000000
 -0.000000
 -0.000000
 -0.000000
 -0.000000
 -0.000000
 -0.000000
 -0.000000
 -0.000000
 -0.000000
 -0.000000
  0.999136
  0.999173
  0.999210
  0.999248
  0.999286
  0.999324
  0.999362
  0.999400
  0.999439
  0.999478
  0.999517
  0.999556
  0.999596
  0.999635
  0.999675
  0.999716
  0.999756
  0.999797
  0.999838
  0.999879
  0.999921
  0.999962
  1.000004
  1.000047
  1.000089
  1.000132
  1.000175
  1.000218
  1.000262
  1.000305
  1.000350
  1.000394
  1.000438
  1.000483
  1.000528
  1.000574
  1.000619
  1.000665
  1.000711
  1.000758
  1.000805
  1.000852
  1.000899
  1.000947
  1.000995
  1.001043
  1.001091
  1.001140
  1.001189
  1.001238
  1.001288
  1.001338
  1.001388
  1.001438
  1.001489
  1.001540
  1.001592
  1.001643
  1.001695
  1.001748
  0.999136
  0.999173
  0.999210
  0.999248
  0.999286
  0.999324
  0.999362
  0.999400
  0.999439
  0.999478
  0.999517
  0.999556
  0.999596
  0.999635
  0.999675
  0.999716
  0.999756
  0.999797
  0.999838
  0.999879
  0.999921
  0.999962
  1.000004
  1.000047
  1.000089
  1.000132
  1.000175
  1.000218
  1.000262
  1.000305
  1.000350
  1.000394
  1.000438
  1.000483
  1.000528
  1.000574
  1.000619
  1.000665
  1.000711
  1.000758
  1.000805
  1.000852
  1.000899
  1.000947
  1.000995
  1.001043
  1.001091
  1.001140
  1.001189
  1.001238
  1.001288
  1.001338
  1.001388
  1.001438
  1.001489
  1.001540
  1.001592
  1.001643
  1.001695
  1.001748
  0.999136
  0.999173
  0.999210
  0.999248
  0.999286
  0.999324
  0.999362
  0.999400
  0.999439
  0.999478
  0.999517
  0.999556
  0.999596
  0.999635
  0.999675
  0.999716
  0.999756
  0.999797
  0.999838
  0.999879
  0.999921
  0.999962
  1.000004
  1.000047
  1.000089
  1.000132
  1.000175
  1.000218
  1.000262
  1.000305
  1.000350
  1.000394
  1.000438
  1.000483
  1.000528
  1.000574
  1.000619
  1.000665
  1.000711
  1.000758
  1.000805
  1.000852
  1.000899
  1.000947
  1.000995
  1.001043
  1.001091
  1.001140
  1.001189
  1.001238
  1.001288
  1.001338
  1.001388
  1.001438
  1.001489
  1.001540
  1.001592
  1.001643
  1.001695
  1.001748
  0.999136
  0.999173
  0.999210
  0.999248
  0.999286
  0.999324
  0.999362
  0.999400
  0.999439
  0.999478
  0.999517
  0.999556
  0.999596
  0.999635
  0.999675
  0.999716
  0.999756
  0.999797
  0.999838
  0.999879
  0.999921
  0.999962
  1.000004
  1.000047
  1.000089
  1.000132
  1.000175
  1.000218
  1.000262
  1.000305
  1.000350
  1.000394
  1.000438
  1.000483
  1.000528
  1.000574
  1.000619
  1.000665
  1.000711
  1.000758
  1.000805
  1.000852
  1.000899
  1.000947
  1.000995
  1.001043
  1.001091
  1.001140
  1.001189
  1.001238
  1.001288
  1.001338
  1.001388
  1.001438
  1.001489
  1.001540
  1.001592
  1.001643
  1.001695
  1.001748
  0.999136
  0.999173
  0.999210
  0.999248
  0.999286
  0.999324
  0.999362
  0.999400
  0.999439
  0.999478
  0.999517
  0.999556
  0.999596
  0.999635
  0.999675
  0.999716
  0.999756
  0.999797
  0.999838
  0.999879
  0.999921
  0.999962
  1.000004
  1.000047
  1.000089
  1.000132
  1.000175
  1.000218
  1.000262
  1.000305
  1.000350
  1.000394
  1.000438
  1.000483
  1.000528
  1.000574
  1.000619
  1.000665
  1.000711
  1.000758
  1.000805
  1.000852
  1.000899
  1.000947
  1.000995
  1.001043
  1.001091
  1.001140
  1.001189
  1.001238
  1.001288
  1.001338
  1.001388
  1.001438
  1.001489
  1.001540
  1.001592
  1.001643
  1.001695
  1.001748
  0.999136
  0.999173
  0.999210
  0.999248
  0.999286
  0.999324
  0.999362
  0.999400
  0.999439
  0.999478
  0.999517
  0.999556
  0.999596
  0.999635
  0.999675
  0.999716
  0.999756
  0.999797
  0.999838
  0.999879
  0.999921
  0.999962
  1.000004
  1.000047
  1.000089
  1.000132
  1.000175
  1.000218
  1.000262
  1.000305
  1.000350
  1.000394
  1.000438
  1.000483
  1.000528
  1.000574
  1.000619
  1.000665
  1.000711
  1.000758
  1.000805
  1.000852
  1.000899
  1.000947
  1.000995
  1.001043
  1.001091
  1.001140
  1.001189
  1.001238
  1.001288
  1.001338
  1.001388
  1.001438
  1.001489
  1.001540
  1.001592
  1.001643
  1.001695
  1.001748
  0.999136
  0.999173
  0.999210
  0.999248
  0.999286
  0.999324
  0.999362
  0.999400
  0.999439
  0.999478
  0.999517
  0.999556
  0.999596
  0.999635
  0.999675
  0.999716
  0.999756
  0.999797
  0.999838
  0.999879
  0.999921
  0.999962
  1.000004
  1.000047
  1.000089
  1.000132
  1.000175
  1.000218
  1.000262
  1.000305
  1.000350
  1.000394
  1.000438
  1.000483
  1.000528
  1.000574
  1.000619
  1.000665
  1.000711
  1.000758
  1.000805
  1.000852
  1.000899
  1.000947
  1.000995
  1.001043
  1.001091
  1.001140
  1.001189
  1.001238
  1.001288
  1.001338
  1.001388
  1.001438
  1.001489
  1.001540
  1.001592
  1.001643
  1.001695
  1.001748
  0.999136
  0.999173
  0.999210
  0.999248
  0.999286
  0.999324
  0.999362
  0.999400
  0.999439
  0.999478
  0.999517
  0.999556
  0.999596
  0.999635
  0.999675
  0.999716
  0.999756
  0.999797
  0.999838
  0.999879
  0.999921
  0.999962
  1.000004
  1.000047
  1.000089
  1.000132
  1.000175
  1.000218
  1.000262
  1.000305
  1.000350
  1.000394
  1.000438
  1.000483
  1.000528
  1.000574
  1.000619
  1.000665
  1.000711
  1.000758
  1.000805
  1.000852
  1.000899
  1.000947
  1.000995
  1.001043
  1.001091
  1.001140
  1.001189
  1.001238
  1.001288
  1.001338
  1.001388
  1.001438
  1.001489
  1.001540
  1.001592
  1.001643
  1.001695
  1.001748
  0.999136
  0.999173
  0.999210
  0.999248
  0.999286
  0.999324
  0.999362
  0.999400
  0.999439
  0.999478
  0.999517
  0.999556
  0.999596
  0.999635
  0.999675
  0.999716
  0.999756
  0.999797
  0.999838
  0.999879
  0.999921
  0.999962
  1.000004
  1.000047
  1.000089
  1.000132
  1.000175
  1.000218
  1.000262
  1.000305
  1.000350
  1.000394
  1.000438
  1.000483
  1.000528
  1.000574
  1.000619
  1.000665
  1.000711
  1.000758
  1.000805
  1.000852
  1.000899
  1.000947
  1.000995
  1.001043
  1.001091
  1.001140
  1.001189
  1.001238
  1.001288
  1.001338
  1.001388
  1.001438
  1.001489
  1.001540
  1.001592
  1.001643
  1.001695
  1.001748
  0.999136
  0.999173
  0.999210
  0.999248
  0.999286
  0.999324
  0.999362
  0.999400
  0.999439
  0.999478
  0.999517
  0.999556
  0.999596
  0.999635
  0.999675
  0.999716
  0.999756
  0.999797
  0.999838
  0.999879
  0.999921
  0.999962
  1.000004
  1.000047
  1.000089
  1.000132
  1.000175
  1.000218
  1.000262
  1.000305
  1.000350
  1.000394
  1.000438
  1.000483
  1.000528
  1.000574
  1.000619
  1.000665
  1.000711
  1.000758
  1.000805
  1.000852
  1.000899
  1.000947
  1.000995
  1.001043
  1.001091
  1.001140
  1.001189
  1.001238
  1.001288
  1.001338
  1.001388
  1.001438
  1.001489
  1.001540
  1.001592
  1.001643
  1.001695
  1.001748
  0.999136
  0.999173
  0.999210
  0.999248
  0.999286
  0.999324
  0.999362
  0.999400
  0.999439
  0.999478
  0.999517
  0.999556
  0.999596
  0.999635
  0.999675
  0.999716
  0.999756
  0.999797
  0.999838
  0.999879
  0.999921
  0.999962
  1.000004
  1.000047
  1.000089
  1.000132
  1.000175
  1.000218
  1.000262
  1.000305
  1.000350
  1.000394
  1.000438
  1.000483
  1.000528
  1.000574
  1.000619
  1.000665
  1.000711
  1.000758
  1.000805
  1.000852
  1.000899
  1.000947
  1.000995
  1.001043
  1.001091
  1.001140
  1.001189
  1.001238
  1.001288
  1.001338
  1.001388
  1.001438
  1.001489
  1.001540
  1.001592
  1.001643
  1.001695
  1.001748
  0.999136
  0.999173
  0.999210
  0.999248
  0.999286
  0.999324
  0.999362
  0.999400
  0.999439
  0.999478
  0.999517
  0.999556
  0.999596
  0.999635
  0.999675
  0.999716
  0.999756
  0.999797
  0.999838
  0.999879
  0.999921
  0.999962
  1.000004
  1.000047
  1.000089
  1.000132
  1.000175
  1.000218
  1.000262
  1.000305
  1.000350
  1.000394
  1.000438
  1.000483
  1.000528
  1.000574
  1.000619
  1.000665
  1.000711
  1.000758
  1.000805
  1.000852
  1.000899
  1.000947
  1.000995
  1.001043
  1.001091
  1.001140
  1.001189
  1.001238
  1.001288
  1.001338
  1.001388
  1.001438
  1.001489
  1.001540
  1.001592
  1.001643
  1.001695
  1.001748
  0.999136
  0.999173
  0.999210
  0.999248
  0.999286
  0.999324
  0.999362
  0.999400
  0.999439
  0.999478
  0.999517
  0.999556
  0.999596
  0.999635
  0.999675
  0.999716
  0.999756
  0.999797
  0.999838
  0.999879
  0.999921
  0.999962
  1.000004
  1.000047
  1.000089
  1.000132
  1.000175
  1.000218
  1.000262
  1.000305
  1.000350
  1.000394
  1.000438
  1.000483
  1.000528
  1.000574
  1.000619
  1.000665
  1.000711
  1.000758
  1.000805
  1.000852
  1.000899
  1.000947
  1.000995
  1.001043
  1.001091
  1.001140
  1.001189
  1.001238
  1.001288
  1.001338
  1.001388
  1.001438
  1.001489
  1.001540
  1.001592
  1.001643
  1.001695
  1.001748
  0.999136
  0.999173
  0.999210
  0.999248
  0.999286
  0.999324
  0.999362
  0.999400
  0.999439
  0.999478
  0.999517
  0.999556
  0.999596
  0.999635
  0.999675
  0.999716
  0.999756
  0.999797
  0.999838
  0.999879
  0.999921
  0.999962
  1.000004
  1.000047
  1.000089
  1.000132
  1.000175
  1.000218
  1.000262
  1.000305
  1.000350
  1.000394
  1.000438
  1.000483
  1.000528
  1.000574
  1.000619
  1.000665
  1.000711
  1.000758
  1.000805
  1.000852
  1.000899
  1.000947
  1.000995
  1.001043
  1.001091
  1.001140
  1.001189
  1.001238
  1.001288
  1.001338
  1.001388
  1.001438
  1.001489
  1.001540
  1.001592
  1.001643
  1.001695
  1.001748
  0.999136
  0.999173
  0.999210
  0.999248
  0.999286
  0.999324
  0.999362
  0.999400
  0.999439
  0.999478
  0.999517
  0.999556
  0.999596
  0.999635
  0.999675
  0.999716
  0.999756
  0.999797
  0.999838
  0.999879
  0.999921
  0.999962
  1.000004
  1.000047
  1.000089
  1.000132
  1.000175
  1.000218
  1.000262
  1.000305
  1.000350
  1.000394
  1.000438
  1.000483
  1.000528
  1.000574
  1.000619
  1.000665
  1.000711
  1.000758
  1.000805
  1.000852
  1.000899
  1.000947
  1.000995
  1.001043
  1.001091
  1.001140
  1.001189
  1.001238
  1.001288
  1.001338
  1.001388
  1.001438
  1.001489
  1.001540
  1.001592
  1.001643
  1.001695
  1.001748
  0.999136
  0.999173
  0.999210
  0.999248
  0.999286
  0.999324
  0.999362
  0.999400
  0.999439
  0.999478
  0.999517
  0.999556
  0.999596
  0.999635
  0.999675
  0.999716
  0.999756
  0.999797
  0.999838
  0.999879
  0.999921
  0.999962
  1.000004
  1.000047
  1.000089
  1.000132
  1.000175
  1.000218
  1.000262
  1.000305
  1.000350
  1.000394
  1.000438
  1.000483
  1.000528
  1.000574
  1.000619
  1.000665
  1.000711
  1.000758
  1.000805
  1.000852
  1.000899
  1.000947
  1.000995
  1.001043
  1.001091
  1.001140
  1.001189
  1.001238
  1.001288
  1.001338
  1.001388
  1.001438
  1.001489
  1.001540
  1.001592
  1.001643
  1.001695
  1.001748
  0.999136
  0.999173
  0.999210
  0.999248
  0.999286
  0.999324
  0.999362
  0.999400
  0.999439
  0.999478
  0.999517
  0.999556
  0.999596
  0.999635
  0.999675
  0.999716
  0.999756
  0.999797
  0.999838
  0.999879
  0.999921
  0.999962
  1.000004
  1.000047
  1.000089
  1.000132
  1.000175
  1.000218
  1.000262
  1.000305
  1.000350
  1.000394
  1.000438
  1.000483
  1.000528
  1.000574
  1.000619
  1.000665
  1.000711
  1.000758
  1.000805
  1.000852
  1.000899
  1.000947
  1.000995
  1.001043
  1.001091
  1.001140
  1.001189
  1.001238
  1.001288
  1.001338
  1.001388
  1.001438
  1.001489
  1.001540
  1.001592
  1.001643
  1.001695
  1.001748
  0.999136
  0.999173
  0.999210
  0.999248
  0.999286
  0.999324
  0.999362
  0.999400
  0.999439
  0.999478
  0.999517
  0.999556
  0.999596
  0.999635
  0.999675
  0.999716
  0.999756
  0.999797
  0.999838
  0.999879
  0.999921
  0.999962
  1.000004
  1.000047
  1.000089
  1.000132
  1.000175
  1.000218
  1.000262
  1.000305
  1.000350
  1.000394
  1.000438
  1.000483
  1.000528
  1.000574
  1.000619
  1.000665
  1.000711
  1.000758
  1.000805
  1.000852
  1.000899
  1.000947
  1.000995
  1.001043
  1.001091
  1.001140
  1.001189
  1.001238
  1.001288
  1.001338
  1.001388
  1.001438
  1.001489
  1.001540
  1.001592
  1.001643
  1.001695
  1.001748
  0.999136
  0.999173
  0.999210
  0.999248
  0.999286
  0.999324
  0.999362
  0.999400
  0.999439
  0.999478
  0.999517
  0.999556
  0.999596
  0.999635
  0.999675
  0.999716
  0.999756
  0.999797
  0.999838
  0.999879
  0.999921
  0.999962
  1.000004
  1.000047
  1.000089
  1.000132
  1.000175
  1.000218
  1.000262
  1.000305
  1.000350
  1.000394
  1.000438
  1.000483
  1.000528
  1.000574
  1.000619
  1.000665
  1.000711
  1.000758
  1.000805
  1.000852
  1.000899
  1.000947
  1.000995
  1.001043
  1.001091
  1.001140
  1.001189
  1.001238
  1.001288
  1.001338
  1.001388
  1.001438
  1.001489
  1.001540
  1.001592
  1.001643
  1.001695
  1.001748
  0.999136
  0.999173
  0.999210
  0.999248
  0.999286
  0.999324
  0.999362
  0.999400
  0.999439
  0.999478
  0.999517
  0.999556
  0.999596
  0.999635
  0.999675
  0.999716
  0.999756
  0.999797
  0.999838
  0.999879
  0.999921
  0.999962
  1.000004
  1.000047
  1.000089
  1.000132
  1.000175
  1.000218
  1.000262
  1.000305
  1.000350
  1.000394
  1.000438
  1.000483
  1.000528
  1.000574
  1.000619
  1.000665
  1.000711
  1.000758
  1.000805
  1.000852
  1.000899
  1.000947
  1.000995
  1.001043
  1.001091
  1.001140
  1.001189
  1.001238
  1.001288
  1.001338
  1.001388
  1.001438
  1.001489
  1.001540
  1.001592
  1.001643
  1.001695
  1.001748
  0.999136
  0.999173
  0.999210
  0.999248
  0.999286
  0.999324
  0.999362
  0.999400
  0.999439
  0.999478
  0.999517
  0.999556
  0.999596
  0.999635
  0.999675
  0.999716
  0.999756
  0.999797
  0.999838
  0.999879
  0.999921
  0.999962
  1.000004
  1.000047
  1.000089
  1.000132
  1.000175
  1.000218
  1.000262
  1.000305
  1.000350
  1.000394
  1.000438
  1.000483
  1.000528
  1.000574
  1.000619
  1.000665
  1.000711
  1.000758
  1.000805
  1.000852
  1.000899
  1.000947
  1.000995
  1.001043
  1.001091
  1.001140
  1.001189
  1.001238
  1.001288
  1.001338
  1.001388
  1.001438
  1.001489
  1.001540
  1.001592
  1.001643
  1.001695
  1.001748
  0.999136
  0.999173
  0.999210
  0.999248
  0.999286
  0.999324
  0.999362
  0.999400
  0.999439
  0.999478
  0.999517
  0.999556
  0.999596
  0.999635
  0.999675
  0.999716
  0.999756
  0.999797
  0.999838
  0.999879
  0.999921
  0.999962
  1.000004
  1.000047
  1.000089
  1.000132
  1.000175
  1.000218
  1.000262
  1.000305
  1.000350
  1.000394
  1.000438
  1.000483
  1.000528
  1.000574
  1.000619
  1.000665
  1.000711
  1.000758
  1.000805
  1.000852
  1.000899
  1.000947
  1.000995
  1.001043
  1.001091
  1.001140
  1.001189
  1.001238
  1.001288
  1.001338
  1.001388
  1.001438
  1.001489
  1.001540
  1.001592
  1.001643
  1.001695
  1.001748
  0.999136
  0.999173
  0.999210
  0.999248
  0.999286
  0.999324
  0.999362
  0.999400
  0.999439
  0.999478
  0.999517
  0.999556
  0.999596
  0.999635
  0.999675
  0.999716
  0.999756
  0.999797
  0.999838
  0.999879
  0.999921
  0.999962
  1.000004
  1.000047
  1.000089
  1.000132
  1.000175
  1.000218
  1.000262
  1.000305
  1.000350
  1.000394
  1.000438
  1.000483
  1.000528
  1.000574
  1.000619
  1.000665
  1.000711
  1.000758
  1.000805
  1.000852
  1.000899
  1.000947
  1.000995
  1.001043
  1.001091
  1.001140
  1.001189
  1.001238
  1.001288
  1.001338
  1.001388
  1.001438
  1.001489
  1.001540
  1.001592
  1.001643
  1.001695
  1.001748
  0.999136
  0.999173
  0.999210
  0.999248
  0.999286
  0.999324
  0.999362
  0.999400
  0.999439
  0.999478
  0.999517
  0.999556
  0.999596
  0.999635
  0.999675
  0.999716
  0.999756
  0.999797
  0.999838
  0.999879
  0.999921
  0.999962
  1.000004
  1.000047
  1.000089
  1.000132
  1.000175
  1.000218
  1.000262
  1.000305
  1.000350
  1.000394
  1.000438
  1.000483
  1.000528
  1.000574
  1.000619
  1.000665
  1.000711
  1.000758
  1.000805
  1.000852
  1.000899
  1.000947
  1.000995
  1.001043
  1.001091
  1.001140
  1.001189
  1.001238
  1.001288
  1.001338
  1.001388
  1.001438
  1.001489
  1.001540
  1.001592
  1.001643
  1.001695
  1.001748
  0.999136
  0.999173
  0.999210
  0.999248
  0.999286
  0.999324
  0.999362
  0.999400
  0.999439
  0.999478
  0.999517
  0.999556
  0.999596
  0.999635
  0.999675
  0.999716
  0.999756
  0.999797
  0.999838
  0.999879
  0.999921
  0.999962
  1.000004
  1.000047
  1.000089
  1.000132
  1.000175
  1.000218
  1.000262
  1.000305
  1.000350
  1.000394
  1.000438
  1.000483
  1.000528
  1.000574
  1.000619
  1.000665
  1.000711
  1.000758
  1.000805
  1.000852
  1.000899
  1.000947
  1.000995
  1.001043
  1.001091
  1.001140
  1.001189
  1.001238
  1.001288
  1.001338
  1.001388
  1.001438
  1.001489
  1.001540
  1.001592
  1.001643
  1.001695
  1.001748
  0.999136
  0.999173
  0.999210
  0.999248
  0.999286
  0.999324
  0.999362
  0.999400
  0.999439
  0.999478
  0.999517
  0.999556
  0.999596
  0.999635
  0.999675
  0.999716
  0.999756
  0.999797
  0.999838
  0.999879
  0.999921
  0.999962
  1.000004
  1.000047
  1.000089
  1.000132
  1.000175
  1.000218
  1.000262
  1.000305
  1.000350
  1.000394
  1.000438
  1.000483
  1.000528
  1.000574
  1.000619
  1.000665
  1.000711
  1.000758
  1.000805
  1.000852
  1.000899
  1.000947
  1.000995
  1.001043
  1.001091
  1.001140
  1.001189
  1.001238
  1.001288
  1.001338
  1.001388
  1.001438
  1.001489
  1.001540
  1.001592
  1.001643
  1.001695
  1.001748
  0.999136
  0.999173
  0.999210
  0.999248
  0.999286
  0.999324
  0.999362
  0.999400
  0.999439
  0.999478
  0.999517
  0.999556
  0.999596
  0.999635
  0.999675
  0.999716
  0.999756
  0.999797
  0.999838
  0.999879
  0.999921
  0.999962
  1.000004
  1.000047
  1.000089
  1.000132
  1.000175
  1.000218
  1.000262
  1.000305
  1.000350
  1.000394
  1.000438
  1.000483
  1.000528
  1.000574
  1.000619
  1.000665
  1.000711
  1.000758
  1.000805
  1.000852
  1.000899
  1.000947
  1.000995
  1.001043
  1.001091
  1.001140
  1.001189
  1.001238
  1.001288
  1.001338
  1.001388
  1.001438
  1.001489
  1.001540
  1.001592
  1.001643
  1.001695
  1.001748
  0.999136
  0.999173
  0.999210
  0.999248
  0.999286
  0.999324
  0.999362
  0.999400
  0.999439
  0.999478
  0.999517
  0.999556
  0.999596
  0.999635
  0.999675
  0.999716
  0.999756
  0.999797
  0.999838
  0.999879
  0.999921
  0.999962
  1.000004
  1.000047
  1.000089
  1.000132
  1.000175
  1.000218
  1.000262
  1.000305
  1.000350
  1.000394
  1.000438
  1.000483
  1.000528
  1.000574
  1.000619
  1.000665
  1.000711
  1.000758
  1.000805
  1.000852
  1.000899
  1.000947
  1.000995
  1.001043
  1.001091
  1.001140
  1.001189
  1.001238
  1.001288
  1.001338
  1.001388
  1.001438
  1.001489
  1.001540
  1.001592
  1.001643
  1.001695
  1.001748
  0.999136
  0.999173
  0.999210
  0.999248
  0.999286
  0.999324
  0.999362
  0.999400
  0.999439
  0.999478
  0.999517
  0.999556
  0.999596
  0.999635
  0.999675
  0.999716
  0.999756
  0.999797
  0.999838
  0.999879
  0.999921
  0.999962
  1.000004
  1.000047
  1.000089
  1.000132
  1.000175
  1.000218
  1.000262
  1.000305
  1.000350
  1.000394
  1.000438
  1.000483
  1.000528
  1.000574
  1.000619
  1.000665
  1.000711
  1.000758
  1.000805
  1.000852
  1.000899
  1.000947
  1.000995
  1.001043
  1.001091
  1.001140
  1.001189
  1.001238
  1.001288
  1.001338
  1.001388
  1.001438
  1.001489
  1.001540
  1.001592
  1.001643
  1.001695
  1.001748
 -0.000000
 -0.000000
 -0.000000
 -0.000000
 -0.000000
 -0.000000
 -0.000000
 -0.000000
 -0.000000
 -0.000000
 -0.000000
 -0.000000
 -0.000000
 -0.000000
 -0.000000
 -0.000000
 -0.000000
 -0.000000
 -0.000000
 -0.000000
 -0.000000
 -0.000000
 -0.000000
 -0.000000
 -0.000000
 -0.000000
 -0.000000
 -0.000000
 -0.000000
 -0.000000
 -0.000000
 -0.000000
 -0.000000
 -0.000000
 -0.000000
 -0.000000
 -0.000000
 -0.000000
 -0.000000
 -0.000000
 -0.000000
 -0.000000
 -0.000000
 -0.000000
 -0.000000
 -0.000000
 -0.000000
 -0.000000
 -0.000000
 -0.000000
 -0.000000
 -0.000000
 -0.000000
 -0.000000
 -0.000000
 -0.000000
 -0.000000
 -0.000000
 -0.000000
 -0.000000
 -0.000000
 -0.000000
 -0.000000
 -0.000000
 -0.000000
 -0.000000
 -0.000000
 -0.000000
 -0.000000
 -0.000000
 -0.000000
 -0.000000
 -0.000000
 -0.000000
 -0.000000
 -0.000000
 -0.000000
 -0.000000
 -0.000000
 -0.000000
 -0.000000
 -0.000000
 -0.000000
 -0.000000
 -0.000000
 -0.000000
 -0.000000
 -0.000000
 -0.000000
 -0.000000
 -0.000000
 -0.000000
 -0.000000
 -0.000000
 -0.000000
 -0.000000
 -0.000000
 -0.000000
 -0.000000
 -0.000000
 -0.000000
 -0.000000
 -0.000000
 -0.000000
 -0.000000
 -0.000000
 -0.000000
 -0.000000
 -0.000000
 -0.000000
 -0.000000
 -0.000000
 -0.000000
 -0.000000
 -0.000000
 -0.000000
 -0.000000
 -0.000000
 -0.000000
 -0.000000
 -0.000000
 -0.000000
 -0.000000
 -0.000000
 -0.000000
 -0.000000
 -0.000000
 -0.000000
 -0.000000
 -0.000000
 -0.000000
 -0.000000
 -0.000000
 -0.000000
 -0.000000
 -0.000000
 -0.000000
 -0.000000
 -0.000000
 -0.000000
 -0.000000
 -0.000000
 -0.000000
 -0.000000
 -0.000000
 -0.000000
 -0.000000
 -0.000000
 -0.000000
 -0.000000
 -0.000000
 -0.000000
 -0.000000
 -0.000000
 -0.000000
 -0.000000
 -0.000000
 -0.000000
 -0.000000
 -0.000000
 -0.000000
 -0.000000
 -0.000000
 -0.000000
 -0.000000
 -0.000000
 -0.000000
 -0.000000
 -0.000000
 -0.000000
 -0.000000
 -0.000000
 -0.000000
 -0.000000
 -0.000000
 -0.000000
 -0.000000
 -0.000000
 -0.000000
 -0.000000
 -0.000000
 -0.000000
 -0.000000
 -0.000000
 -0.000000
 -0.000000
 -0.000000
 -0.000000
 -0.000000
 -0.000000
 -0.000000
 -0.000000
 -0.000000
 -0.000000
 -0.000000
 -0.000000
 -0.000000
 -0.000000
 -0.000000
 -0.000000
 -0.000000
 -0.000000
 -0.000000
 -0.000000
 -0.000000
 -0.000000
 -0.000000
 -0.000000
 -0.000000
 -0.000000
 -0.000000
 -0.000000
 -0.000000
 -0.000000
 -0.000000
 -0.000000
 -0.000000
 -0.000000
 -0.000000
 -0.000000
 -0.000000
 -0.000000
 -0.000000
 -0.000000
 -0.000000
 -0.000000
 -0.000000
 -0.000000
 -0.000000
 -0.000000
 -0.000000
 -0.000000
 -0.000000
 -0.000000
 -0.000000
 -0.000000
 -0.000000
 -0.000000
 -0.000000
 -0.000000
