Fluid v. 2.7 

Topo [m]=    DTDrofConvS3	 Start [hrs]= 0.000	 End [hrs]= 0.800
DT [s]= 1.000	 DX [m]=     9.00	 DY [m]=     9.00	Beginning Mass [kg]= 145800000.00000	


  T [hr]   MFlux [kg]   EMass [kg]  DBalance [kg]    TotalMBS [kg]   TotalMFaB [kg]    Q3 [m3/s]    Q1 [m3/s]    Q2 [m3/s]    Q4 [m3/s]

  0.0003  1.45800E+08  1.45800E+08    5.29676E+02 1.4579976099E+08 1.4580029067E+08  2.90670E-01  0.00000E+00  0.00000E+00  0.00000E+00
  0.0169  6.48773E+02  4.24049E+04   -4.17562E+04 1.4584216593E+08 1.4580093944E+08  3.08809E+01  3.02321E+01  0.00000E+00  0.00000E+00
  0.0336  4.80007E+02  3.38223E+04   -3.33423E+04 1.4587598825E+08 1.4580141945E+08  5.84922E+01  5.80122E+01  0.00000E+00  0.00000E+00
  0.0503  4.21520E+02  3.07818E+04   -3.03602E+04 1.4590677001E+08 1.4580184097E+08  7.96222E+01  7.92006E+01  0.00000E+00  0.00000E+00
  0.0669 -7.15039E+02 -2.88684E+04    2.81533E+04 1.4587790163E+08 1.4580112593E+08  9.48075E+01  9.55225E+01  0.00000E+00  0.00000E+00
  0.0836 -5.59453E+02 -3.86069E+04    3.80474E+04 1.4583929477E+08 1.4580056648E+08  1.06301E+02  1.06860E+02  0.00000E+00  0.00000E+00
  0.1003  3.74637E+02 -6.85374E+03    7.22838E+03 1.4583244103E+08 1.4580094112E+08  1.13635E+02  1.13260E+02  0.00000E+00  0.00000E+00
  0.1169  1.62157E+02  1.60186E+04   -1.58565E+04 1.4584845967E+08 1.4580110327E+08  1.18260E+02  1.18097E+02  0.00000E+00  0.00000E+00
  0.1336  1.27357E+02  8.17054E+03   -8.04319E+03 1.4585663022E+08 1.4580123063E+08  1.21398E+02  1.21271E+02  0.00000E+00  0.00000E+00
  0.1503  7.92369E+01  8.36544E+03   -8.28620E+03 1.4586499566E+08 1.4580130987E+08  1.23096E+02  1.23017E+02  0.00000E+00  0.00000E+00
  0.1669 -1.70647E+02 -5.02922E+03    4.85857E+03 1.4585996644E+08 1.4580113922E+08  1.24070E+02  1.24240E+02  0.00000E+00  0.00000E+00
  0.1836 -1.22790E+02 -9.50111E+03    9.37832E+03 1.4585046533E+08 1.4580101643E+08  1.24877E+02  1.25000E+02  0.00000E+00  0.00000E+00
  0.2003  5.02875E+01 -1.75744E+03    1.80772E+03 1.4584870789E+08 1.4580106672E+08  1.25322E+02  1.25272E+02  0.00000E+00  0.00000E+00
  0.2169  3.80647E+01  3.04437E+03   -3.00630E+03 1.4585175226E+08 1.4580110478E+08  1.25583E+02  1.25545E+02  0.00000E+00  0.00000E+00
  0.2336  3.47952E+01  2.03610E+03   -2.00131E+03 1.4585378836E+08 1.4580113958E+08  1.25783E+02  1.25749E+02  0.00000E+00  0.00000E+00
  0.2503  1.67199E+01  1.91362E+03   -1.89690E+03 1.4585570198E+08 1.4580115630E+08  1.25854E+02  1.25838E+02  0.00000E+00  0.00000E+00
  0.2669 -3.17490E+01 -7.14842E+02    6.83093E+02 1.4585498714E+08 1.4580112455E+08  1.25883E+02  1.25915E+02  0.00000E+00  0.00000E+00
  0.2836 -2.54367E+01 -1.93866E+03    1.91322E+03 1.4585304848E+08 1.4580109911E+08  1.25937E+02  1.25962E+02  0.00000E+00  0.00000E+00
  0.3003  5.27225E+00 -5.28872E+02    5.34144E+02 1.4585251961E+08 1.4580110438E+08  1.25963E+02  1.25958E+02  0.00000E+00  0.00000E+00
  0.3169  8.02949E+00  4.96494E+02   -4.88464E+02 1.4585301610E+08 1.4580111241E+08  1.25978E+02  1.25970E+02  0.00000E+00  0.00000E+00
  0.3336  8.27724E+00  4.70773E+02   -4.62495E+02 1.4585348688E+08 1.4580112069E+08  1.25994E+02  1.25986E+02  0.00000E+00  0.00000E+00
  0.3503  3.93413E+00  4.29484E+02   -4.25550E+02 1.4585391636E+08 1.4580112462E+08  1.25994E+02  1.25990E+02  0.00000E+00  0.00000E+00
  0.3669 -5.72084E+00 -8.86344E+01    8.29136E+01 1.4585382773E+08 1.4580111890E+08  1.25991E+02  1.25997E+02  0.00000E+00  0.00000E+00
  0.3836 -5.35035E+00 -3.82647E+02    3.77296E+02 1.4585344508E+08 1.4580111355E+08  1.25995E+02  1.26001E+02  0.00000E+00  0.00000E+00
  0.4003  2.00948E-01 -1.43527E+02    1.43728E+02 1.4585330155E+08 1.4580111375E+08  1.25998E+02  1.25997E+02  0.00000E+00  0.00000E+00
  0.4169  1.55205E+00  7.22866E+01   -7.07346E+01 1.4585337384E+08 1.4580111531E+08  1.25999E+02  1.25997E+02  0.00000E+00  0.00000E+00
  0.4336  1.84934E+00  1.02414E+02   -1.00565E+02 1.4585347625E+08 1.4580111716E+08  1.26001E+02  1.25999E+02  0.00000E+00  0.00000E+00
  0.4503  9.38988E-01  9.58330E+01   -9.48940E+01 1.4585357209E+08 1.4580111809E+08  1.26000E+02  1.25999E+02  0.00000E+00  0.00000E+00
  0.4669 -1.00964E+00 -6.55296E+00    5.54332E+00 1.4585356553E+08 1.4580111708E+08  1.25999E+02  1.26000E+02  0.00000E+00  0.00000E+00
  0.4836 -1.12908E+00 -7.39479E+01    7.28188E+01 1.4585349158E+08 1.4580111596E+08  1.25999E+02  1.26001E+02  0.00000E+00  0.00000E+00
  0.5003 -1.28386E-01 -3.59858E+01    3.58575E+01 1.4585345560E+08 1.4580111583E+08  1.26000E+02  1.26000E+02  0.00000E+00  0.00000E+00
  0.5169  2.69528E-01  8.50493E+00   -8.23541E+00 1.4585346410E+08 1.4580111610E+08  1.26000E+02  1.26000E+02  0.00000E+00  0.00000E+00
  0.5336  3.90355E-01  2.12068E+01   -2.08164E+01 1.4585348531E+08 1.4580111649E+08  1.26000E+02  1.26000E+02  0.00000E+00  0.00000E+00
  0.5503  2.13949E-01  2.11813E+01   -2.09673E+01 1.4585350649E+08 1.4580111670E+08  1.26000E+02  1.26000E+02  0.00000E+00  0.00000E+00
  0.5669 -1.80317E-01  1.07924E+00   -1.25956E+00 1.4585350757E+08 1.4580111652E+08  1.26000E+02  1.26000E+02  0.00000E+00  0.00000E+00
  0.5836 -2.44154E-01 -1.39944E+01    1.37503E+01 1.4585349358E+08 1.4580111628E+08  1.26000E+02  1.26000E+02  0.00000E+00  0.00000E+00
  0.6003 -6.70703E-02 -8.53474E+00    8.46767E+00 1.4585348504E+08 1.4580111621E+08  1.26000E+02  1.26000E+02  0.00000E+00  0.00000E+00
  0.6169  3.29512E-02  4.24277E-01   -3.91326E-01 1.4585348547E+08 1.4580111624E+08  1.26000E+02  1.26000E+02  0.00000E+00  0.00000E+00
  0.6336  7.11428E-02  4.20075E+00   -4.12961E+00 1.4585348967E+08 1.4580111631E+08  1.26000E+02  1.26000E+02  0.00000E+00  0.00000E+00
  0.6503  3.93772E-02  4.62048E+00   -4.58110E+00 1.4585349429E+08 1.4580111635E+08  1.26000E+02  1.26000E+02  0.00000E+00  0.00000E+00
  0.6669 -4.01116E-02  7.27464E-01   -7.67576E-01 1.4585349501E+08 1.4580111631E+08  1.26000E+02  1.26000E+02  0.00000E+00  0.00000E+00
  0.6836 -6.09264E-02 -2.58497E+00    2.52405E+00 1.4585349243E+08 1.4580111625E+08  1.26000E+02  1.26000E+02  0.00000E+00  0.00000E+00
  0.7003 -3.05785E-02 -1.94225E+00    1.91168E+00 1.4585349049E+08 1.4580111622E+08  1.26000E+02  1.26000E+02  0.00000E+00  0.00000E+00
  0.7169 -7.41064E-03 -1.84036E-01    1.76625E-01 1.4585349030E+08 1.4580111621E+08  1.26000E+02  1.26000E+02  0.00000E+00  0.00000E+00
  0.7336  3.25914E-03  7.95542E-01   -7.92282E-01 1.4585349110E+08 1.4580111622E+08  1.26000E+02  1.26000E+02  0.00000E+00  0.00000E+00
  0.7503 -1.94647E-03  9.92422E-01   -9.94369E-01 1.4585349209E+08 1.4580111622E+08  1.26000E+02  1.26000E+02  0.00000E+00  0.00000E+00
  0.7669 -1.78495E-02  2.53504E-01   -2.71353E-01 1.4585349234E+08 1.4580111620E+08  1.26000E+02  1.26000E+02  0.00000E+00  0.00000E+00
  0.7836 -2.36032E-02 -4.63200E-01    4.39597E-01 1.4585349188E+08 1.4580111617E+08  1.26000E+02  1.26000E+02  0.00000E+00  0.00000E+00
  0.8000 -1.84076E-02 -4.23591E-01    4.05183E-01 1.4585349146E+08 1.4580111616E+08  1.26000E+02  1.26000E+02  0.00000E+00  0.00000E+00
