   1.0000000e+01
   1.0000000e+01
   1.0000000e+01
   1.0000000e+01
   1.0000000e+01
   1.0000000e+01
   1.0000000e+01
   1.0000000e+01
   1.0000000e+01
   1.0000000e+01
   1.0000000e+01
   1.0000000e+01
   1.0000000e+01
   1.0000000e+01
   1.0000000e+01
   1.0000000e+01
   1.0000000e+01
   1.0000000e+01
   1.0000000e+01
   1.0000000e+01
   1.0000000e+01
   1.0000000e+01
   1.0000000e+01
   1.0000000e+01
   1.0000000e+01
   1.0000000e+01
   1.0000000e+01
   1.0000000e+01
   1.0000000e+01
   1.0000000e+01
   1.0000000e+01
   1.0000000e+01
   1.0000000e+01
   1.0000000e+01
   1.0000000e+01
   1.0000000e+01
   1.0000000e+01
   1.0000000e+01
   1.0000000e+01
   1.0000000e+01
   1.0000000e+01
   1.0000000e+01
   1.0000000e+01
   1.0000000e+01
   1.0000000e+01
   1.0000000e+01
   1.0000000e+01
   1.0000000e+01
   1.0000000e+01
   1.0000000e+01
   1.0000000e+01
   1.0000000e+01
   1.0000000e+01
   1.0000000e+01
   1.0000000e+01
   1.0000000e+01
   1.0000000e+01
   1.0000000e+01
   1.0000000e+01
   1.0000000e+01
   1.0000000e+01
   1.0000000e+01
   1.0000000e+01
   1.0000000e+01
   1.0000000e+01
   1.0000000e+01
   1.0000000e+01
   1.0000000e+01
   1.0000000e+01
   1.0000000e+01
   1.0000000e+01
   1.0000000e+01
   1.0000000e+01
   1.0000000e+01
   1.0000000e+01
   1.0000000e+01
   1.0000000e+01
   1.0000000e+01
   1.0000000e+01
   1.0000000e+01
   1.0000000e+01
   1.0000000e+01
   1.0000000e+01
   1.0000000e+01
   1.0000000e+01
   1.0000000e+01
   1.0000000e+01
   1.0000000e+01
   1.0000000e+01
   1.0000000e+01
   1.0000000e+01
   1.0000000e+01
   1.0000000e+01
   1.0000000e+01
   1.0000000e+01
   1.0000000e+01
   1.0000000e+01
   1.0000000e+01
   1.0000000e+01
   1.0000000e+01
   1.0000000e+01
   1.0000000e+01
   1.0000000e+01
   1.0000000e+01
   1.0000000e+01
   1.0000000e+01
   1.0000000e+01
   1.0000000e+01
   1.0000000e+01
   1.0000000e+01
   1.0000000e+01
   1.0000000e+01
   1.0000000e+01
   1.0000000e+01
   1.0000000e+01
   1.0000000e+01
   1.0000000e+01
   1.0000000e+01
   1.0000000e+01
   1.0000000e+01
   1.0000000e+01
   1.0000000e+01
   1.0000000e+01
   1.0000000e+01
   1.0000000e+01
   1.0000000e+01
   1.0000000e+01
   1.0000000e+01
   1.0000000e+01
   1.0000000e+01
   1.0000000e+01
   1.0000000e+01
   1.0000000e+01
   1.0000000e+01
   1.0000000e+01
   1.0000000e+01
   1.0000000e+01
   1.0000000e+01
   1.0000000e+01
   1.0000000e+01
   1.0000000e+01
   1.0000000e+01
   1.0000000e+01
   1.0000000e+01
   1.0000000e+01
   1.0000000e+01
   1.0000000e+01
   1.0000000e+01
   1.0000000e+01
   1.0000000e+01
   1.0000000e+01
   1.0000000e+01
   1.0000000e+01
   1.0000000e+01
   1.0000000e+01
   1.0000000e+01
   1.0000000e+01
   1.0000000e+01
   1.0000000e+01
   1.0000000e+01
   1.0000000e+01
   1.0000000e+01
   1.0000000e+01
   1.0000000e+01
   1.0000000e+01
   1.0000000e+01
   1.0000000e+01
   1.0000000e+01
   1.0000000e+01
   1.0000000e+01
   1.0000000e+01
   1.0000000e+01
   1.0000000e+01
   1.0000000e+01
   1.0000000e+01
   1.0000000e+01
   1.0000000e+01
   1.0000000e+01
   1.0000000e+01
   1.0000000e+01
   1.0000000e+01
   1.0000000e+01
   1.0000000e+01
   1.0000000e+00
   9.9820000e-01
   9.9640000e-01
   9.9460000e-01
   9.9280000e-01
   9.9100000e-01
   9.8920000e-01
   9.8740000e-01
   9.8560000e-01
   9.8380000e-01
   9.8200000e-01
   9.8020000e-01
   9.7840000e-01
   9.7660000e-01
   9.7480000e-01
   9.7300000e-01
   9.7120000e-01
   9.6940000e-01
   9.6760000e-01
   9.6580000e-01
   9.6400000e-01
   9.6220000e-01
   9.6040000e-01
   9.5860000e-01
   9.5680000e-01
   9.5500000e-01
   9.5320000e-01
   9.5140000e-01
   9.4960000e-01
   9.4780000e-01
   9.4600000e-01
   9.4420000e-01
   9.4240000e-01
   9.4060000e-01
   9.3880000e-01
   9.3700000e-01
   9.3520000e-01
   9.3340000e-01
   9.3160000e-01
   9.2980000e-01
   9.2800000e-01
   9.2620000e-01
   9.2440000e-01
   9.2260000e-01
   9.2080000e-01
   9.1900000e-01
   9.1720000e-01
   9.1540000e-01
   9.1360000e-01
   9.1180000e-01
   9.1000000e-01
   9.0820000e-01
   9.0640000e-01
   9.0460000e-01
   9.0280000e-01
   9.0100000e-01
   8.9920000e-01
   8.9740000e-01
   8.9560000e-01
   8.9380000e-01
   8.9200000e-01
   1.0000000e+00
   9.9820000e-01
   9.9640000e-01
   9.9460000e-01
   9.9280000e-01
   9.9100000e-01
   9.8920000e-01
   9.8740000e-01
   9.8560000e-01
   9.8380000e-01
   9.8200000e-01
   9.8020000e-01
   9.7840000e-01
   9.7660000e-01
   9.7480000e-01
   9.7300000e-01
   9.7120000e-01
   9.6940000e-01
   9.6760000e-01
   9.6580000e-01
   9.6400000e-01
   9.6220000e-01
   9.6040000e-01
   9.5860000e-01
   9.5680000e-01
   9.5500000e-01
   9.5320000e-01
   9.5140000e-01
   9.4960000e-01
   9.4780000e-01
   9.4600000e-01
   9.4420000e-01
   9.4240000e-01
   9.4060000e-01
   9.3880000e-01
   9.3700000e-01
   9.3520000e-01
   9.3340000e-01
   9.3160000e-01
   9.2980000e-01
   9.2800000e-01
   9.2620000e-01
   9.2440000e-01
   9.2260000e-01
   9.2080000e-01
   9.1900000e-01
   9.1720000e-01
   9.1540000e-01
   9.1360000e-01
   9.1180000e-01
   9.1000000e-01
   9.0820000e-01
   9.0640000e-01
   9.0460000e-01
   9.0280000e-01
   9.0100000e-01
   8.9920000e-01
   8.9740000e-01
   8.9560000e-01
   8.9380000e-01
   8.9200000e-01
   1.0000000e+00
   9.9820000e-01
   9.9640000e-01
   9.9460000e-01
   9.9280000e-01
   9.9100000e-01
   9.8920000e-01
   9.8740000e-01
   9.8560000e-01
   9.8380000e-01
   9.8200000e-01
   9.8020000e-01
   9.7840000e-01
   9.7660000e-01
   9.7480000e-01
   9.7300000e-01
   9.7120000e-01
   9.6940000e-01
   9.6760000e-01
   9.6580000e-01
   9.6400000e-01
   9.6220000e-01
   9.6040000e-01
   9.5860000e-01
   9.5680000e-01
   9.5500000e-01
   9.5320000e-01
   9.5140000e-01
   9.4960000e-01
   9.4780000e-01
   9.4600000e-01
   9.4420000e-01
   9.4240000e-01
   9.4060000e-01
   9.3880000e-01
   9.3700000e-01
   9.3520000e-01
   9.3340000e-01
   9.3160000e-01
   9.2980000e-01
   9.2800000e-01
   9.2620000e-01
   9.2440000e-01
   9.2260000e-01
   9.2080000e-01
   9.1900000e-01
   9.1720000e-01
   9.1540000e-01
   9.1360000e-01
   9.1180000e-01
   9.1000000e-01
   9.0820000e-01
   9.0640000e-01
   9.0460000e-01
   9.0280000e-01
   9.0100000e-01
   8.9920000e-01
   8.9740000e-01
   8.9560000e-01
   8.9380000e-01
   8.9200000e-01
   1.0000000e+00
   9.9820000e-01
   9.9640000e-01
   9.9460000e-01
   9.9280000e-01
   9.9100000e-01
   9.8920000e-01
   9.8740000e-01
   9.8560000e-01
   9.8380000e-01
   9.8200000e-01
   9.8020000e-01
   9.7840000e-01
   9.7660000e-01
   9.7480000e-01
   9.7300000e-01
   9.7120000e-01
   9.6940000e-01
   9.6760000e-01
   9.6580000e-01
   9.6400000e-01
   9.6220000e-01
   9.6040000e-01
   9.5860000e-01
   9.5680000e-01
   9.5500000e-01
   9.5320000e-01
   9.5140000e-01
   9.4960000e-01
   9.4780000e-01
   9.4600000e-01
   9.4420000e-01
   9.4240000e-01
   9.4060000e-01
   9.3880000e-01
   9.3700000e-01
   9.3520000e-01
   9.3340000e-01
   9.3160000e-01
   9.2980000e-01
   9.2800000e-01
   9.2620000e-01
   9.2440000e-01
   9.2260000e-01
   9.2080000e-01
   9.1900000e-01
   9.1720000e-01
   9.1540000e-01
   9.1360000e-01
   9.1180000e-01
   9.1000000e-01
   9.0820000e-01
   9.0640000e-01
   9.0460000e-01
   9.0280000e-01
   9.0100000e-01
   8.9920000e-01
   8.9740000e-01
   8.9560000e-01
   8.9380000e-01
   8.9200000e-01
   1.0000000e+00
   9.9820000e-01
   9.9640000e-01
   9.9460000e-01
   9.9280000e-01
   9.9100000e-01
   9.8920000e-01
   9.8740000e-01
   9.8560000e-01
   9.8380000e-01
   9.8200000e-01
   9.8020000e-01
   9.7840000e-01
   9.7660000e-01
   9.7480000e-01
   9.7300000e-01
   9.7120000e-01
   9.6940000e-01
   9.6760000e-01
   9.6580000e-01
   9.6400000e-01
   9.6220000e-01
   9.6040000e-01
   9.5860000e-01
   9.5680000e-01
   9.5500000e-01
   9.5320000e-01
   9.5140000e-01
   9.4960000e-01
   9.4780000e-01
   9.4600000e-01
   9.4420000e-01
   9.4240000e-01
   9.4060000e-01
   9.3880000e-01
   9.3700000e-01
   9.3520000e-01
   9.3340000e-01
   9.3160000e-01
   9.2980000e-01
   9.2800000e-01
   9.2620000e-01
   9.2440000e-01
   9.2260000e-01
   9.2080000e-01
   9.1900000e-01
   9.1720000e-01
   9.1540000e-01
   9.1360000e-01
   9.1180000e-01
   9.1000000e-01
   9.0820000e-01
   9.0640000e-01
   9.0460000e-01
   9.0280000e-01
   9.0100000e-01
   8.9920000e-01
   8.9740000e-01
   8.9560000e-01
   8.9380000e-01
   8.9200000e-01
   1.0000000e+00
   9.9820000e-01
   9.9640000e-01
   9.9460000e-01
   9.9280000e-01
   9.9100000e-01
   9.8920000e-01
   9.8740000e-01
   9.8560000e-01
   9.8380000e-01
   9.8200000e-01
   9.8020000e-01
   9.7840000e-01
   9.7660000e-01
   9.7480000e-01
   9.7300000e-01
   9.7120000e-01
   9.6940000e-01
   9.6760000e-01
   9.6580000e-01
   9.6400000e-01
   9.6220000e-01
   9.6040000e-01
   9.5860000e-01
   9.5680000e-01
   9.5500000e-01
   9.5320000e-01
   9.5140000e-01
   9.4960000e-01
   9.4780000e-01
   9.4600000e-01
   9.4420000e-01
   9.4240000e-01
   9.4060000e-01
   9.3880000e-01
   9.3700000e-01
   9.3520000e-01
   9.3340000e-01
   9.3160000e-01
   9.2980000e-01
   9.2800000e-01
   9.2620000e-01
   9.2440000e-01
   9.2260000e-01
   9.2080000e-01
   9.1900000e-01
   9.1720000e-01
   9.1540000e-01
   9.1360000e-01
   9.1180000e-01
   9.1000000e-01
   9.0820000e-01
   9.0640000e-01
   9.0460000e-01
   9.0280000e-01
   9.0100000e-01
   8.9920000e-01
   8.9740000e-01
   8.9560000e-01
   8.9380000e-01
   8.9200000e-01
   1.0000000e+00
   9.9820000e-01
   9.9640000e-01
   9.9460000e-01
   9.9280000e-01
   9.9100000e-01
   9.8920000e-01
   9.8740000e-01
   9.8560000e-01
   9.8380000e-01
   9.8200000e-01
   9.8020000e-01
   9.7840000e-01
   9.7660000e-01
   9.7480000e-01
   9.7300000e-01
   9.7120000e-01
   9.6940000e-01
   9.6760000e-01
   9.6580000e-01
   9.6400000e-01
   9.6220000e-01
   9.6040000e-01
   9.5860000e-01
   9.5680000e-01
   9.5500000e-01
   9.5320000e-01
   9.5140000e-01
   9.4960000e-01
   9.4780000e-01
   9.4600000e-01
   9.4420000e-01
   9.4240000e-01
   9.4060000e-01
   9.3880000e-01
   9.3700000e-01
   9.3520000e-01
   9.3340000e-01
   9.3160000e-01
   9.2980000e-01
   9.2800000e-01
   9.2620000e-01
   9.2440000e-01
   9.2260000e-01
   9.2080000e-01
   9.1900000e-01
   9.1720000e-01
   9.1540000e-01
   9.1360000e-01
   9.1180000e-01
   9.1000000e-01
   9.0820000e-01
   9.0640000e-01
   9.0460000e-01
   9.0280000e-01
   9.0100000e-01
   8.9920000e-01
   8.9740000e-01
   8.9560000e-01
   8.9380000e-01
   8.9200000e-01
   1.0000000e+00
   9.9820000e-01
   9.9640000e-01
   9.9460000e-01
   9.9280000e-01
   9.9100000e-01
   9.8920000e-01
   9.8740000e-01
   9.8560000e-01
   9.8380000e-01
   9.8200000e-01
   9.8020000e-01
   9.7840000e-01
   9.7660000e-01
   9.7480000e-01
   9.7300000e-01
   9.7120000e-01
   9.6940000e-01
   9.6760000e-01
   9.6580000e-01
   9.6400000e-01
   9.6220000e-01
   9.6040000e-01
   9.5860000e-01
   9.5680000e-01
   9.5500000e-01
   9.5320000e-01
   9.5140000e-01
   9.4960000e-01
   9.4780000e-01
   9.4600000e-01
   9.4420000e-01
   9.4240000e-01
   9.4060000e-01
   9.3880000e-01
   9.3700000e-01
   9.3520000e-01
   9.3340000e-01
   9.3160000e-01
   9.2980000e-01
   9.2800000e-01
   9.2620000e-01
   9.2440000e-01
   9.2260000e-01
   9.2080000e-01
   9.1900000e-01
   9.1720000e-01
   9.1540000e-01
   9.1360000e-01
   9.1180000e-01
   9.1000000e-01
   9.0820000e-01
   9.0640000e-01
   9.0460000e-01
   9.0280000e-01
   9.0100000e-01
   8.9920000e-01
   8.9740000e-01
   8.9560000e-01
   8.9380000e-01
   8.9200000e-01
   1.0000000e+00
   9.9820000e-01
   9.9640000e-01
   9.9460000e-01
   9.9280000e-01
   9.9100000e-01
   9.8920000e-01
   9.8740000e-01
   9.8560000e-01
   9.8380000e-01
   9.8200000e-01
   9.8020000e-01
   9.7840000e-01
   9.7660000e-01
   9.7480000e-01
   9.7300000e-01
   9.7120000e-01
   9.6940000e-01
   9.6760000e-01
   9.6580000e-01
   9.6400000e-01
   9.6220000e-01
   9.6040000e-01
   9.5860000e-01
   9.5680000e-01
   9.5500000e-01
   9.5320000e-01
   9.5140000e-01
   9.4960000e-01
   9.4780000e-01
   9.4600000e-01
   9.4420000e-01
   9.4240000e-01
   9.4060000e-01
   9.3880000e-01
   9.3700000e-01
   9.3520000e-01
   9.3340000e-01
   9.3160000e-01
   9.2980000e-01
   9.2800000e-01
   9.2620000e-01
   9.2440000e-01
   9.2260000e-01
   9.2080000e-01
   9.1900000e-01
   9.1720000e-01
   9.1540000e-01
   9.1360000e-01
   9.1180000e-01
   9.1000000e-01
   9.0820000e-01
   9.0640000e-01
   9.0460000e-01
   9.0280000e-01
   9.0100000e-01
   8.9920000e-01
   8.9740000e-01
   8.9560000e-01
   8.9380000e-01
   8.9200000e-01
   1.0000000e+00
   9.9820000e-01
   9.9640000e-01
   9.9460000e-01
   9.9280000e-01
   9.9100000e-01
   9.8920000e-01
   9.8740000e-01
   9.8560000e-01
   9.8380000e-01
   9.8200000e-01
   9.8020000e-01
   9.7840000e-01
   9.7660000e-01
   9.7480000e-01
   9.7300000e-01
   9.7120000e-01
   9.6940000e-01
   9.6760000e-01
   9.6580000e-01
   9.6400000e-01
   9.6220000e-01
   9.6040000e-01
   9.5860000e-01
   9.5680000e-01
   9.5500000e-01
   9.5320000e-01
   9.5140000e-01
   9.4960000e-01
   9.4780000e-01
   9.4600000e-01
   9.4420000e-01
   9.4240000e-01
   9.4060000e-01
   9.3880000e-01
   9.3700000e-01
   9.3520000e-01
   9.3340000e-01
   9.3160000e-01
   9.2980000e-01
   9.2800000e-01
   9.2620000e-01
   9.2440000e-01
   9.2260000e-01
   9.2080000e-01
   9.1900000e-01
   9.1720000e-01
   9.1540000e-01
   9.1360000e-01
   9.1180000e-01
   9.1000000e-01
   9.0820000e-01
   9.0640000e-01
   9.0460000e-01
   9.0280000e-01
   9.0100000e-01
   8.9920000e-01
   8.9740000e-01
   8.9560000e-01
   8.9380000e-01
   8.9200000e-01
   1.0000000e+00
   9.9820000e-01
   9.9640000e-01
   9.9460000e-01
   9.9280000e-01
   9.9100000e-01
   9.8920000e-01
   9.8740000e-01
   9.8560000e-01
   9.8380000e-01
   9.8200000e-01
   9.8020000e-01
   9.7840000e-01
   9.7660000e-01
   9.7480000e-01
   9.7300000e-01
   9.7120000e-01
   9.6940000e-01
   9.6760000e-01
   9.6580000e-01
   9.6400000e-01
   9.6220000e-01
   9.6040000e-01
   9.5860000e-01
   9.5680000e-01
   9.5500000e-01
   9.5320000e-01
   9.5140000e-01
   9.4960000e-01
   9.4780000e-01
   9.4600000e-01
   9.4420000e-01
   9.4240000e-01
   9.4060000e-01
   9.3880000e-01
   9.3700000e-01
   9.3520000e-01
   9.3340000e-01
   9.3160000e-01
   9.2980000e-01
   9.2800000e-01
   9.2620000e-01
   9.2440000e-01
   9.2260000e-01
   9.2080000e-01
   9.1900000e-01
   9.1720000e-01
   9.1540000e-01
   9.1360000e-01
   9.1180000e-01
   9.1000000e-01
   9.0820000e-01
   9.0640000e-01
   9.0460000e-01
   9.0280000e-01
   9.0100000e-01
   8.9920000e-01
   8.9740000e-01
   8.9560000e-01
   8.9380000e-01
   8.9200000e-01
   1.0000000e+00
   9.9820000e-01
   9.9640000e-01
   9.9460000e-01
   9.9280000e-01
   9.9100000e-01
   9.8920000e-01
   9.8740000e-01
   9.8560000e-01
   9.8380000e-01
   9.8200000e-01
   9.8020000e-01
   9.7840000e-01
   9.7660000e-01
   9.7480000e-01
   9.7300000e-01
   9.7120000e-01
   9.6940000e-01
   9.6760000e-01
   9.6580000e-01
   9.6400000e-01
   9.6220000e-01
   9.6040000e-01
   9.5860000e-01
   9.5680000e-01
   9.5500000e-01
   9.5320000e-01
   9.5140000e-01
   9.4960000e-01
   9.4780000e-01
   9.4600000e-01
   9.4420000e-01
   9.4240000e-01
   9.4060000e-01
   9.3880000e-01
   9.3700000e-01
   9.3520000e-01
   9.3340000e-01
   9.3160000e-01
   9.2980000e-01
   9.2800000e-01
   9.2620000e-01
   9.2440000e-01
   9.2260000e-01
   9.2080000e-01
   9.1900000e-01
   9.1720000e-01
   9.1540000e-01
   9.1360000e-01
   9.1180000e-01
   9.1000000e-01
   9.0820000e-01
   9.0640000e-01
   9.0460000e-01
   9.0280000e-01
   9.0100000e-01
   8.9920000e-01
   8.9740000e-01
   8.9560000e-01
   8.9380000e-01
   8.9200000e-01
   1.0000000e+00
   9.9820000e-01
   9.9640000e-01
   9.9460000e-01
   9.9280000e-01
   9.9100000e-01
   9.8920000e-01
   9.8740000e-01
   9.8560000e-01
   9.8380000e-01
   9.8200000e-01
   9.8020000e-01
   9.7840000e-01
   9.7660000e-01
   9.7480000e-01
   9.7300000e-01
   9.7120000e-01
   9.6940000e-01
   9.6760000e-01
   9.6580000e-01
   9.6400000e-01
   9.6220000e-01
   9.6040000e-01
   9.5860000e-01
   9.5680000e-01
   9.5500000e-01
   9.5320000e-01
   9.5140000e-01
   9.4960000e-01
   9.4780000e-01
   9.4600000e-01
   9.4420000e-01
   9.4240000e-01
   9.4060000e-01
   9.3880000e-01
   9.3700000e-01
   9.3520000e-01
   9.3340000e-01
   9.3160000e-01
   9.2980000e-01
   9.2800000e-01
   9.2620000e-01
   9.2440000e-01
   9.2260000e-01
   9.2080000e-01
   9.1900000e-01
   9.1720000e-01
   9.1540000e-01
   9.1360000e-01
   9.1180000e-01
   9.1000000e-01
   9.0820000e-01
   9.0640000e-01
   9.0460000e-01
   9.0280000e-01
   9.0100000e-01
   8.9920000e-01
   8.9740000e-01
   8.9560000e-01
   8.9380000e-01
   8.9200000e-01
   1.0000000e+00
   9.9820000e-01
   9.9640000e-01
   9.9460000e-01
   9.9280000e-01
   9.9100000e-01
   9.8920000e-01
   9.8740000e-01
   9.8560000e-01
   9.8380000e-01
   9.8200000e-01
   9.8020000e-01
   9.7840000e-01
   9.7660000e-01
   9.7480000e-01
   9.7300000e-01
   9.7120000e-01
   9.6940000e-01
   9.6760000e-01
   9.6580000e-01
   9.6400000e-01
   9.6220000e-01
   9.6040000e-01
   9.5860000e-01
   9.5680000e-01
   9.5500000e-01
   9.5320000e-01
   9.5140000e-01
   9.4960000e-01
   9.4780000e-01
   9.4600000e-01
   9.4420000e-01
   9.4240000e-01
   9.4060000e-01
   9.3880000e-01
   9.3700000e-01
   9.3520000e-01
   9.3340000e-01
   9.3160000e-01
   9.2980000e-01
   9.2800000e-01
   9.2620000e-01
   9.2440000e-01
   9.2260000e-01
   9.2080000e-01
   9.1900000e-01
   9.1720000e-01
   9.1540000e-01
   9.1360000e-01
   9.1180000e-01
   9.1000000e-01
   9.0820000e-01
   9.0640000e-01
   9.0460000e-01
   9.0280000e-01
   9.0100000e-01
   8.9920000e-01
   8.9740000e-01
   8.9560000e-01
   8.9380000e-01
   8.9200000e-01
   1.0000000e+00
   9.9820000e-01
   9.9640000e-01
   9.9460000e-01
   9.9280000e-01
   9.9100000e-01
   9.8920000e-01
   9.8740000e-01
   9.8560000e-01
   9.8380000e-01
   9.8200000e-01
   9.8020000e-01
   9.7840000e-01
   9.7660000e-01
   9.7480000e-01
   9.7300000e-01
   9.7120000e-01
   9.6940000e-01
   9.6760000e-01
   9.6580000e-01
   9.6400000e-01
   9.6220000e-01
   9.6040000e-01
   9.5860000e-01
   9.5680000e-01
   9.5500000e-01
   9.5320000e-01
   9.5140000e-01
   9.4960000e-01
   9.4780000e-01
   9.4600000e-01
   9.4420000e-01
   9.4240000e-01
   9.4060000e-01
   9.3880000e-01
   9.3700000e-01
   9.3520000e-01
   9.3340000e-01
   9.3160000e-01
   9.2980000e-01
   9.2800000e-01
   9.2620000e-01
   9.2440000e-01
   9.2260000e-01
   9.2080000e-01
   9.1900000e-01
   9.1720000e-01
   9.1540000e-01
   9.1360000e-01
   9.1180000e-01
   9.1000000e-01
   9.0820000e-01
   9.0640000e-01
   9.0460000e-01
   9.0280000e-01
   9.0100000e-01
   8.9920000e-01
   8.9740000e-01
   8.9560000e-01
   8.9380000e-01
   8.9200000e-01
   1.0000000e+00
   9.9820000e-01
   9.9640000e-01
   9.9460000e-01
   9.9280000e-01
   9.9100000e-01
   9.8920000e-01
   9.8740000e-01
   9.8560000e-01
   9.8380000e-01
   9.8200000e-01
   9.8020000e-01
   9.7840000e-01
   9.7660000e-01
   9.7480000e-01
   9.7300000e-01
   9.7120000e-01
   9.6940000e-01
   9.6760000e-01
   9.6580000e-01
   9.6400000e-01
   9.6220000e-01
   9.6040000e-01
   9.5860000e-01
   9.5680000e-01
   9.5500000e-01
   9.5320000e-01
   9.5140000e-01
   9.4960000e-01
   9.4780000e-01
   9.4600000e-01
   9.4420000e-01
   9.4240000e-01
   9.4060000e-01
   9.3880000e-01
   9.3700000e-01
   9.3520000e-01
   9.3340000e-01
   9.3160000e-01
   9.2980000e-01
   9.2800000e-01
   9.2620000e-01
   9.2440000e-01
   9.2260000e-01
   9.2080000e-01
   9.1900000e-01
   9.1720000e-01
   9.1540000e-01
   9.1360000e-01
   9.1180000e-01
   9.1000000e-01
   9.0820000e-01
   9.0640000e-01
   9.0460000e-01
   9.0280000e-01
   9.0100000e-01
   8.9920000e-01
   8.9740000e-01
   8.9560000e-01
   8.9380000e-01
   8.9200000e-01
   1.0000000e+00
   9.9820000e-01
   9.9640000e-01
   9.9460000e-01
   9.9280000e-01
   9.9100000e-01
   9.8920000e-01
   9.8740000e-01
   9.8560000e-01
   9.8380000e-01
   9.8200000e-01
   9.8020000e-01
   9.7840000e-01
   9.7660000e-01
   9.7480000e-01
   9.7300000e-01
   9.7120000e-01
   9.6940000e-01
   9.6760000e-01
   9.6580000e-01
   9.6400000e-01
   9.6220000e-01
   9.6040000e-01
   9.5860000e-01
   9.5680000e-01
   9.5500000e-01
   9.5320000e-01
   9.5140000e-01
   9.4960000e-01
   9.4780000e-01
   9.4600000e-01
   9.4420000e-01
   9.4240000e-01
   9.4060000e-01
   9.3880000e-01
   9.3700000e-01
   9.3520000e-01
   9.3340000e-01
   9.3160000e-01
   9.2980000e-01
   9.2800000e-01
   9.2620000e-01
   9.2440000e-01
   9.2260000e-01
   9.2080000e-01
   9.1900000e-01
   9.1720000e-01
   9.1540000e-01
   9.1360000e-01
   9.1180000e-01
   9.1000000e-01
   9.0820000e-01
   9.0640000e-01
   9.0460000e-01
   9.0280000e-01
   9.0100000e-01
   8.9920000e-01
   8.9740000e-01
   8.9560000e-01
   8.9380000e-01
   8.9200000e-01
   1.0000000e+00
   9.9820000e-01
   9.9640000e-01
   9.9460000e-01
   9.9280000e-01
   9.9100000e-01
   9.8920000e-01
   9.8740000e-01
   9.8560000e-01
   9.8380000e-01
   9.8200000e-01
   9.8020000e-01
   9.7840000e-01
   9.7660000e-01
   9.7480000e-01
   9.7300000e-01
   9.7120000e-01
   9.6940000e-01
   9.6760000e-01
   9.6580000e-01
   9.6400000e-01
   9.6220000e-01
   9.6040000e-01
   9.5860000e-01
   9.5680000e-01
   9.5500000e-01
   9.5320000e-01
   9.5140000e-01
   9.4960000e-01
   9.4780000e-01
   9.4600000e-01
   9.4420000e-01
   9.4240000e-01
   9.4060000e-01
   9.3880000e-01
   9.3700000e-01
   9.3520000e-01
   9.3340000e-01
   9.3160000e-01
   9.2980000e-01
   9.2800000e-01
   9.2620000e-01
   9.2440000e-01
   9.2260000e-01
   9.2080000e-01
   9.1900000e-01
   9.1720000e-01
   9.1540000e-01
   9.1360000e-01
   9.1180000e-01
   9.1000000e-01
   9.0820000e-01
   9.0640000e-01
   9.0460000e-01
   9.0280000e-01
   9.0100000e-01
   8.9920000e-01
   8.9740000e-01
   8.9560000e-01
   8.9380000e-01
   8.9200000e-01
   1.0000000e+00
   9.9820000e-01
   9.9640000e-01
   9.9460000e-01
   9.9280000e-01
   9.9100000e-01
   9.8920000e-01
   9.8740000e-01
   9.8560000e-01
   9.8380000e-01
   9.8200000e-01
   9.8020000e-01
   9.7840000e-01
   9.7660000e-01
   9.7480000e-01
   9.7300000e-01
   9.7120000e-01
   9.6940000e-01
   9.6760000e-01
   9.6580000e-01
   9.6400000e-01
   9.6220000e-01
   9.6040000e-01
   9.5860000e-01
   9.5680000e-01
   9.5500000e-01
   9.5320000e-01
   9.5140000e-01
   9.4960000e-01
   9.4780000e-01
   9.4600000e-01
   9.4420000e-01
   9.4240000e-01
   9.4060000e-01
   9.3880000e-01
   9.3700000e-01
   9.3520000e-01
   9.3340000e-01
   9.3160000e-01
   9.2980000e-01
   9.2800000e-01
   9.2620000e-01
   9.2440000e-01
   9.2260000e-01
   9.2080000e-01
   9.1900000e-01
   9.1720000e-01
   9.1540000e-01
   9.1360000e-01
   9.1180000e-01
   9.1000000e-01
   9.0820000e-01
   9.0640000e-01
   9.0460000e-01
   9.0280000e-01
   9.0100000e-01
   8.9920000e-01
   8.9740000e-01
   8.9560000e-01
   8.9380000e-01
   8.9200000e-01
   1.0000000e+00
   9.9820000e-01
   9.9640000e-01
   9.9460000e-01
   9.9280000e-01
   9.9100000e-01
   9.8920000e-01
   9.8740000e-01
   9.8560000e-01
   9.8380000e-01
   9.8200000e-01
   9.8020000e-01
   9.7840000e-01
   9.7660000e-01
   9.7480000e-01
   9.7300000e-01
   9.7120000e-01
   9.6940000e-01
   9.6760000e-01
   9.6580000e-01
   9.6400000e-01
   9.6220000e-01
   9.6040000e-01
   9.5860000e-01
   9.5680000e-01
   9.5500000e-01
   9.5320000e-01
   9.5140000e-01
   9.4960000e-01
   9.4780000e-01
   9.4600000e-01
   9.4420000e-01
   9.4240000e-01
   9.4060000e-01
   9.3880000e-01
   9.3700000e-01
   9.3520000e-01
   9.3340000e-01
   9.3160000e-01
   9.2980000e-01
   9.2800000e-01
   9.2620000e-01
   9.2440000e-01
   9.2260000e-01
   9.2080000e-01
   9.1900000e-01
   9.1720000e-01
   9.1540000e-01
   9.1360000e-01
   9.1180000e-01
   9.1000000e-01
   9.0820000e-01
   9.0640000e-01
   9.0460000e-01
   9.0280000e-01
   9.0100000e-01
   8.9920000e-01
   8.9740000e-01
   8.9560000e-01
   8.9380000e-01
   8.9200000e-01
   1.0000000e+00
   9.9820000e-01
   9.9640000e-01
   9.9460000e-01
   9.9280000e-01
   9.9100000e-01
   9.8920000e-01
   9.8740000e-01
   9.8560000e-01
   9.8380000e-01
   9.8200000e-01
   9.8020000e-01
   9.7840000e-01
   9.7660000e-01
   9.7480000e-01
   9.7300000e-01
   9.7120000e-01
   9.6940000e-01
   9.6760000e-01
   9.6580000e-01
   9.6400000e-01
   9.6220000e-01
   9.6040000e-01
   9.5860000e-01
   9.5680000e-01
   9.5500000e-01
   9.5320000e-01
   9.5140000e-01
   9.4960000e-01
   9.4780000e-01
   9.4600000e-01
   9.4420000e-01
   9.4240000e-01
   9.4060000e-01
   9.3880000e-01
   9.3700000e-01
   9.3520000e-01
   9.3340000e-01
   9.3160000e-01
   9.2980000e-01
   9.2800000e-01
   9.2620000e-01
   9.2440000e-01
   9.2260000e-01
   9.2080000e-01
   9.1900000e-01
   9.1720000e-01
   9.1540000e-01
   9.1360000e-01
   9.1180000e-01
   9.1000000e-01
   9.0820000e-01
   9.0640000e-01
   9.0460000e-01
   9.0280000e-01
   9.0100000e-01
   8.9920000e-01
   8.9740000e-01
   8.9560000e-01
   8.9380000e-01
   8.9200000e-01
   1.0000000e+00
   9.9820000e-01
   9.9640000e-01
   9.9460000e-01
   9.9280000e-01
   9.9100000e-01
   9.8920000e-01
   9.8740000e-01
   9.8560000e-01
   9.8380000e-01
   9.8200000e-01
   9.8020000e-01
   9.7840000e-01
   9.7660000e-01
   9.7480000e-01
   9.7300000e-01
   9.7120000e-01
   9.6940000e-01
   9.6760000e-01
   9.6580000e-01
   9.6400000e-01
   9.6220000e-01
   9.6040000e-01
   9.5860000e-01
   9.5680000e-01
   9.5500000e-01
   9.5320000e-01
   9.5140000e-01
   9.4960000e-01
   9.4780000e-01
   9.4600000e-01
   9.4420000e-01
   9.4240000e-01
   9.4060000e-01
   9.3880000e-01
   9.3700000e-01
   9.3520000e-01
   9.3340000e-01
   9.3160000e-01
   9.2980000e-01
   9.2800000e-01
   9.2620000e-01
   9.2440000e-01
   9.2260000e-01
   9.2080000e-01
   9.1900000e-01
   9.1720000e-01
   9.1540000e-01
   9.1360000e-01
   9.1180000e-01
   9.1000000e-01
   9.0820000e-01
   9.0640000e-01
   9.0460000e-01
   9.0280000e-01
   9.0100000e-01
   8.9920000e-01
   8.9740000e-01
   8.9560000e-01
   8.9380000e-01
   8.9200000e-01
   1.0000000e+00
   9.9820000e-01
   9.9640000e-01
   9.9460000e-01
   9.9280000e-01
   9.9100000e-01
   9.8920000e-01
   9.8740000e-01
   9.8560000e-01
   9.8380000e-01
   9.8200000e-01
   9.8020000e-01
   9.7840000e-01
   9.7660000e-01
   9.7480000e-01
   9.7300000e-01
   9.7120000e-01
   9.6940000e-01
   9.6760000e-01
   9.6580000e-01
   9.6400000e-01
   9.6220000e-01
   9.6040000e-01
   9.5860000e-01
   9.5680000e-01
   9.5500000e-01
   9.5320000e-01
   9.5140000e-01
   9.4960000e-01
   9.4780000e-01
   9.4600000e-01
   9.4420000e-01
   9.4240000e-01
   9.4060000e-01
   9.3880000e-01
   9.3700000e-01
   9.3520000e-01
   9.3340000e-01
   9.3160000e-01
   9.2980000e-01
   9.2800000e-01
   9.2620000e-01
   9.2440000e-01
   9.2260000e-01
   9.2080000e-01
   9.1900000e-01
   9.1720000e-01
   9.1540000e-01
   9.1360000e-01
   9.1180000e-01
   9.1000000e-01
   9.0820000e-01
   9.0640000e-01
   9.0460000e-01
   9.0280000e-01
   9.0100000e-01
   8.9920000e-01
   8.9740000e-01
   8.9560000e-01
   8.9380000e-01
   8.9200000e-01
   1.0000000e+00
   9.9820000e-01
   9.9640000e-01
   9.9460000e-01
   9.9280000e-01
   9.9100000e-01
   9.8920000e-01
   9.8740000e-01
   9.8560000e-01
   9.8380000e-01
   9.8200000e-01
   9.8020000e-01
   9.7840000e-01
   9.7660000e-01
   9.7480000e-01
   9.7300000e-01
   9.7120000e-01
   9.6940000e-01
   9.6760000e-01
   9.6580000e-01
   9.6400000e-01
   9.6220000e-01
   9.6040000e-01
   9.5860000e-01
   9.5680000e-01
   9.5500000e-01
   9.5320000e-01
   9.5140000e-01
   9.4960000e-01
   9.4780000e-01
   9.4600000e-01
   9.4420000e-01
   9.4240000e-01
   9.4060000e-01
   9.3880000e-01
   9.3700000e-01
   9.3520000e-01
   9.3340000e-01
   9.3160000e-01
   9.2980000e-01
   9.2800000e-01
   9.2620000e-01
   9.2440000e-01
   9.2260000e-01
   9.2080000e-01
   9.1900000e-01
   9.1720000e-01
   9.1540000e-01
   9.1360000e-01
   9.1180000e-01
   9.1000000e-01
   9.0820000e-01
   9.0640000e-01
   9.0460000e-01
   9.0280000e-01
   9.0100000e-01
   8.9920000e-01
   8.9740000e-01
   8.9560000e-01
   8.9380000e-01
   8.9200000e-01
   1.0000000e+00
   9.9820000e-01
   9.9640000e-01
   9.9460000e-01
   9.9280000e-01
   9.9100000e-01
   9.8920000e-01
   9.8740000e-01
   9.8560000e-01
   9.8380000e-01
   9.8200000e-01
   9.8020000e-01
   9.7840000e-01
   9.7660000e-01
   9.7480000e-01
   9.7300000e-01
   9.7120000e-01
   9.6940000e-01
   9.6760000e-01
   9.6580000e-01
   9.6400000e-01
   9.6220000e-01
   9.6040000e-01
   9.5860000e-01
   9.5680000e-01
   9.5500000e-01
   9.5320000e-01
   9.5140000e-01
   9.4960000e-01
   9.4780000e-01
   9.4600000e-01
   9.4420000e-01
   9.4240000e-01
   9.4060000e-01
   9.3880000e-01
   9.3700000e-01
   9.3520000e-01
   9.3340000e-01
   9.3160000e-01
   9.2980000e-01
   9.2800000e-01
   9.2620000e-01
   9.2440000e-01
   9.2260000e-01
   9.2080000e-01
   9.1900000e-01
   9.1720000e-01
   9.1540000e-01
   9.1360000e-01
   9.1180000e-01
   9.1000000e-01
   9.0820000e-01
   9.0640000e-01
   9.0460000e-01
   9.0280000e-01
   9.0100000e-01
   8.9920000e-01
   8.9740000e-01
   8.9560000e-01
   8.9380000e-01
   8.9200000e-01
   1.0000000e+00
   9.9820000e-01
   9.9640000e-01
   9.9460000e-01
   9.9280000e-01
   9.9100000e-01
   9.8920000e-01
   9.8740000e-01
   9.8560000e-01
   9.8380000e-01
   9.8200000e-01
   9.8020000e-01
   9.7840000e-01
   9.7660000e-01
   9.7480000e-01
   9.7300000e-01
   9.7120000e-01
   9.6940000e-01
   9.6760000e-01
   9.6580000e-01
   9.6400000e-01
   9.6220000e-01
   9.6040000e-01
   9.5860000e-01
   9.5680000e-01
   9.5500000e-01
   9.5320000e-01
   9.5140000e-01
   9.4960000e-01
   9.4780000e-01
   9.4600000e-01
   9.4420000e-01
   9.4240000e-01
   9.4060000e-01
   9.3880000e-01
   9.3700000e-01
   9.3520000e-01
   9.3340000e-01
   9.3160000e-01
   9.2980000e-01
   9.2800000e-01
   9.2620000e-01
   9.2440000e-01
   9.2260000e-01
   9.2080000e-01
   9.1900000e-01
   9.1720000e-01
   9.1540000e-01
   9.1360000e-01
   9.1180000e-01
   9.1000000e-01
   9.0820000e-01
   9.0640000e-01
   9.0460000e-01
   9.0280000e-01
   9.0100000e-01
   8.9920000e-01
   8.9740000e-01
   8.9560000e-01
   8.9380000e-01
   8.9200000e-01
   1.0000000e+00
   9.9820000e-01
   9.9640000e-01
   9.9460000e-01
   9.9280000e-01
   9.9100000e-01
   9.8920000e-01
   9.8740000e-01
   9.8560000e-01
   9.8380000e-01
   9.8200000e-01
   9.8020000e-01
   9.7840000e-01
   9.7660000e-01
   9.7480000e-01
   9.7300000e-01
   9.7120000e-01
   9.6940000e-01
   9.6760000e-01
   9.6580000e-01
   9.6400000e-01
   9.6220000e-01
   9.6040000e-01
   9.5860000e-01
   9.5680000e-01
   9.5500000e-01
   9.5320000e-01
   9.5140000e-01
   9.4960000e-01
   9.4780000e-01
   9.4600000e-01
   9.4420000e-01
   9.4240000e-01
   9.4060000e-01
   9.3880000e-01
   9.3700000e-01
   9.3520000e-01
   9.3340000e-01
   9.3160000e-01
   9.2980000e-01
   9.2800000e-01
   9.2620000e-01
   9.2440000e-01
   9.2260000e-01
   9.2080000e-01
   9.1900000e-01
   9.1720000e-01
   9.1540000e-01
   9.1360000e-01
   9.1180000e-01
   9.1000000e-01
   9.0820000e-01
   9.0640000e-01
   9.0460000e-01
   9.0280000e-01
   9.0100000e-01
   8.9920000e-01
   8.9740000e-01
   8.9560000e-01
   8.9380000e-01
   8.9200000e-01
   1.0000000e+00
   9.9820000e-01
   9.9640000e-01
   9.9460000e-01
   9.9280000e-01
   9.9100000e-01
   9.8920000e-01
   9.8740000e-01
   9.8560000e-01
   9.8380000e-01
   9.8200000e-01
   9.8020000e-01
   9.7840000e-01
   9.7660000e-01
   9.7480000e-01
   9.7300000e-01
   9.7120000e-01
   9.6940000e-01
   9.6760000e-01
   9.6580000e-01
   9.6400000e-01
   9.6220000e-01
   9.6040000e-01
   9.5860000e-01
   9.5680000e-01
   9.5500000e-01
   9.5320000e-01
   9.5140000e-01
   9.4960000e-01
   9.4780000e-01
   9.4600000e-01
   9.4420000e-01
   9.4240000e-01
   9.4060000e-01
   9.3880000e-01
   9.3700000e-01
   9.3520000e-01
   9.3340000e-01
   9.3160000e-01
   9.2980000e-01
   9.2800000e-01
   9.2620000e-01
   9.2440000e-01
   9.2260000e-01
   9.2080000e-01
   9.1900000e-01
   9.1720000e-01
   9.1540000e-01
   9.1360000e-01
   9.1180000e-01
   9.1000000e-01
   9.0820000e-01
   9.0640000e-01
   9.0460000e-01
   9.0280000e-01
   9.0100000e-01
   8.9920000e-01
   8.9740000e-01
   8.9560000e-01
   8.9380000e-01
   8.9200000e-01
   1.0000000e+00
   9.9820000e-01
   9.9640000e-01
   9.9460000e-01
   9.9280000e-01
   9.9100000e-01
   9.8920000e-01
   9.8740000e-01
   9.8560000e-01
   9.8380000e-01
   9.8200000e-01
   9.8020000e-01
   9.7840000e-01
   9.7660000e-01
   9.7480000e-01
   9.7300000e-01
   9.7120000e-01
   9.6940000e-01
   9.6760000e-01
   9.6580000e-01
   9.6400000e-01
   9.6220000e-01
   9.6040000e-01
   9.5860000e-01
   9.5680000e-01
   9.5500000e-01
   9.5320000e-01
   9.5140000e-01
   9.4960000e-01
   9.4780000e-01
   9.4600000e-01
   9.4420000e-01
   9.4240000e-01
   9.4060000e-01
   9.3880000e-01
   9.3700000e-01
   9.3520000e-01
   9.3340000e-01
   9.3160000e-01
   9.2980000e-01
   9.2800000e-01
   9.2620000e-01
   9.2440000e-01
   9.2260000e-01
   9.2080000e-01
   9.1900000e-01
   9.1720000e-01
   9.1540000e-01
   9.1360000e-01
   9.1180000e-01
   9.1000000e-01
   9.0820000e-01
   9.0640000e-01
   9.0460000e-01
   9.0280000e-01
   9.0100000e-01
   8.9920000e-01
   8.9740000e-01
   8.9560000e-01
   8.9380000e-01
   8.9200000e-01
   1.0000000e+00
   9.9820000e-01
   9.9640000e-01
   9.9460000e-01
   9.9280000e-01
   9.9100000e-01
   9.8920000e-01
   9.8740000e-01
   9.8560000e-01
   9.8380000e-01
   9.8200000e-01
   9.8020000e-01
   9.7840000e-01
   9.7660000e-01
   9.7480000e-01
   9.7300000e-01
   9.7120000e-01
   9.6940000e-01
   9.6760000e-01
   9.6580000e-01
   9.6400000e-01
   9.6220000e-01
   9.6040000e-01
   9.5860000e-01
   9.5680000e-01
   9.5500000e-01
   9.5320000e-01
   9.5140000e-01
   9.4960000e-01
   9.4780000e-01
   9.4600000e-01
   9.4420000e-01
   9.4240000e-01
   9.4060000e-01
   9.3880000e-01
   9.3700000e-01
   9.3520000e-01
   9.3340000e-01
   9.3160000e-01
   9.2980000e-01
   9.2800000e-01
   9.2620000e-01
   9.2440000e-01
   9.2260000e-01
   9.2080000e-01
   9.1900000e-01
   9.1720000e-01
   9.1540000e-01
   9.1360000e-01
   9.1180000e-01
   9.1000000e-01
   9.0820000e-01
   9.0640000e-01
   9.0460000e-01
   9.0280000e-01
   9.0100000e-01
   8.9920000e-01
   8.9740000e-01
   8.9560000e-01
   8.9380000e-01
   8.9200000e-01
   1.0000000e+01
   1.0000000e+01
   1.0000000e+01
   1.0000000e+01
   1.0000000e+01
   1.0000000e+01
   1.0000000e+01
   1.0000000e+01
   1.0000000e+01
   1.0000000e+01
   1.0000000e+01
   1.0000000e+01
   1.0000000e+01
   1.0000000e+01
   1.0000000e+01
   1.0000000e+01
   1.0000000e+01
   1.0000000e+01
   1.0000000e+01
   1.0000000e+01
   1.0000000e+01
   1.0000000e+01
   1.0000000e+01
   1.0000000e+01
   1.0000000e+01
   1.0000000e+01
   1.0000000e+01
   1.0000000e+01
   1.0000000e+01
   1.0000000e+01
   1.0000000e+01
   1.0000000e+01
   1.0000000e+01
   1.0000000e+01
   1.0000000e+01
   1.0000000e+01
   1.0000000e+01
   1.0000000e+01
   1.0000000e+01
   1.0000000e+01
   1.0000000e+01
   1.0000000e+01
   1.0000000e+01
   1.0000000e+01
   1.0000000e+01
   1.0000000e+01
   1.0000000e+01
   1.0000000e+01
   1.0000000e+01
   1.0000000e+01
   1.0000000e+01
   1.0000000e+01
   1.0000000e+01
   1.0000000e+01
   1.0000000e+01
   1.0000000e+01
   1.0000000e+01
   1.0000000e+01
   1.0000000e+01
   1.0000000e+01
   1.0000000e+01
   1.0000000e+01
   1.0000000e+01
   1.0000000e+01
   1.0000000e+01
   1.0000000e+01
   1.0000000e+01
   1.0000000e+01
   1.0000000e+01
   1.0000000e+01
   1.0000000e+01
   1.0000000e+01
   1.0000000e+01
   1.0000000e+01
   1.0000000e+01
   1.0000000e+01
   1.0000000e+01
   1.0000000e+01
   1.0000000e+01
   1.0000000e+01
   1.0000000e+01
   1.0000000e+01
   1.0000000e+01
   1.0000000e+01
   1.0000000e+01
   1.0000000e+01
   1.0000000e+01
   1.0000000e+01
   1.0000000e+01
   1.0000000e+01
   1.0000000e+01
   1.0000000e+01
   1.0000000e+01
   1.0000000e+01
   1.0000000e+01
   1.0000000e+01
   1.0000000e+01
   1.0000000e+01
   1.0000000e+01
   1.0000000e+01
   1.0000000e+01
   1.0000000e+01
   1.0000000e+01
   1.0000000e+01
   1.0000000e+01
   1.0000000e+01
   1.0000000e+01
   1.0000000e+01
   1.0000000e+01
   1.0000000e+01
   1.0000000e+01
   1.0000000e+01
   1.0000000e+01
   1.0000000e+01
   1.0000000e+01
   1.0000000e+01
   1.0000000e+01
   1.0000000e+01
   1.0000000e+01
   1.0000000e+01
   1.0000000e+01
   1.0000000e+01
   1.0000000e+01
   1.0000000e+01
   1.0000000e+01
   1.0000000e+01
   1.0000000e+01
   1.0000000e+01
   1.0000000e+01
   1.0000000e+01
   1.0000000e+01
   1.0000000e+01
   1.0000000e+01
   1.0000000e+01
   1.0000000e+01
   1.0000000e+01
   1.0000000e+01
   1.0000000e+01
   1.0000000e+01
   1.0000000e+01
   1.0000000e+01
   1.0000000e+01
   1.0000000e+01
   1.0000000e+01
   1.0000000e+01
   1.0000000e+01
   1.0000000e+01
   1.0000000e+01
   1.0000000e+01
   1.0000000e+01
   1.0000000e+01
   1.0000000e+01
   1.0000000e+01
   1.0000000e+01
   1.0000000e+01
   1.0000000e+01
   1.0000000e+01
   1.0000000e+01
   1.0000000e+01
   1.0000000e+01
   1.0000000e+01
   1.0000000e+01
   1.0000000e+01
   1.0000000e+01
   1.0000000e+01
   1.0000000e+01
   1.0000000e+01
   1.0000000e+01
   1.0000000e+01
   1.0000000e+01
   1.0000000e+01
   1.0000000e+01
   1.0000000e+01
   1.0000000e+01
   1.0000000e+01
   1.0000000e+01
   1.0000000e+01
   1.0000000e+01
   1.0000000e+01
   1.0000000e+01
   1.0000000e+01
   1.0000000e+01
   1.0000000e+01
