   1.0000000e+01
   1.0000000e+01
   1.0000000e+01
   1.0000000e+01
   1.0000000e+01
   1.0000000e+01
   1.0000000e+01
   1.0000000e+01
   1.0000000e+01
   1.0000000e+01
   1.0000000e+01
   1.0000000e+01
   1.0000000e+01
   1.0000000e+01
   1.0000000e+01
   1.0000000e+01
   1.0000000e+01
   1.0000000e+01
   1.0000000e+01
   1.0000000e+01
   1.0000000e+01
   1.0000000e+01
   1.0000000e+01
   1.0000000e+01
   1.0000000e+01
   1.0000000e+01
   1.0000000e+01
   1.0000000e+01
   1.0000000e+01
   1.0000000e+01
   1.0000000e+01
   1.0000000e+01
   1.0000000e+01
   1.0000000e+01
   1.0000000e+01
   1.0000000e+01
   1.0000000e+01
   1.0000000e+01
   1.0000000e+01
   1.0000000e+01
   1.0000000e+01
   1.0000000e+01
   1.0000000e+01
   1.0000000e+01
   1.0000000e+01
   1.0000000e+01
   1.0000000e+01
   1.0000000e+01
   1.0000000e+01
   1.0000000e+01
   1.0000000e+01
   1.0000000e+01
   1.0000000e+01
   1.0000000e+01
   1.0000000e+01
   1.0000000e+01
   1.0000000e+01
   1.0000000e+01
   1.0000000e+01
   1.0000000e+01
   1.0000000e+01
   1.0000000e+01
   1.0000000e+01
   1.0000000e+01
   1.0000000e+01
   1.0000000e+01
   1.0000000e+01
   1.0000000e+01
   1.0000000e+01
   1.0000000e+01
   1.0000000e+01
   1.0000000e+01
   1.0000000e+01
   1.0000000e+01
   1.0000000e+01
   1.0000000e+01
   1.0000000e+01
   1.0000000e+01
   1.0000000e+01
   1.0000000e+01
   1.0000000e+01
   1.0000000e+01
   1.0000000e+01
   1.0000000e+01
   1.0000000e+01
   1.0000000e+01
   1.0000000e+01
   1.0000000e+01
   1.0000000e+01
   1.0000000e+01
   1.0000000e+01
   1.0000000e+01
   1.0000000e+01
   1.0000000e+01
   1.0000000e+01
   1.0000000e+01
   1.0000000e+01
   1.0000000e+01
   1.0000000e+01
   1.0000000e+01
   1.0000000e+01
   1.0000000e+01
   1.0000000e+01
   1.0000000e+01
   1.0000000e+01
   1.0000000e+01
   1.0000000e+01
   1.0000000e+01
   1.0000000e+01
   1.0000000e+01
   1.0000000e+01
   1.0000000e+01
   1.0000000e+01
   1.0000000e+01
   1.0000000e+01
   1.0000000e+01
   1.0000000e+01
   1.0000000e+01
   1.0000000e+01
   1.0000000e+01
   1.0000000e+01
   1.0000000e+01
   1.0000000e+01
   1.0000000e+01
   1.0000000e+01
   1.0000000e+01
   1.0000000e+01
   1.0000000e+01
   1.0000000e+01
   1.0000000e+01
   1.0000000e+01
   1.0000000e+01
   1.0000000e+01
   1.0000000e+01
   1.0000000e+01
   1.0000000e+01
   1.0000000e+01
   1.0000000e+01
   1.0000000e+01
   1.0000000e+01
   1.0000000e+01
   1.0000000e+01
   1.0000000e+01
   1.0000000e+01
   1.0000000e+01
   1.0000000e+01
   1.0000000e+01
   1.0000000e+01
   1.0000000e+01
   1.0000000e+01
   1.0000000e+01
   1.0000000e+01
   1.0000000e+01
   1.0000000e+01
   1.0000000e+01
   1.0000000e+01
   1.0000000e+01
   1.0000000e+01
   1.0000000e+01
   1.0000000e+01
   1.0000000e+01
   1.0000000e+01
   1.0000000e+01
   1.0000000e+01
   1.0000000e+01
   1.0000000e+01
   1.0000000e+01
   1.0000000e+01
   1.0000000e+01
   1.0000000e+01
   1.0000000e+01
   1.0000000e+01
   1.0000000e+01
   1.0000000e+01
   1.0000000e+01
   1.0000000e+01
   1.0000000e+01
   1.0000000e+01
   1.0000000e+01
   1.0000000e+01
   1.0000000e+01
   1.0000000e+01
   1.0000000e+01
   1.0000000e+01
   1.0000000e+01
   1.0000000e+01
   1.0000000e+01
   1.0000000e+01
   1.0000000e+01
   1.0000000e+01
   1.0000000e+01
   1.0000000e+01
   1.0000000e+01
   1.0000000e+01
   1.0000000e+01
   1.0000000e+01
   1.0000000e+01
   1.0000000e+01
   1.0000000e+01
   1.0000000e+01
   1.0000000e+01
   1.0000000e+01
   1.0000000e+01
   1.0000000e+01
   1.0000000e+01
   1.0000000e+01
   1.0000000e+01
   1.0000000e+01
   1.0000000e+01
   1.0000000e+01
   1.0000000e+01
   1.0000000e+01
   1.0000000e+01
   1.0000000e+01
   1.0000000e+01
   1.0000000e+01
   1.0000000e+01
   1.0000000e+01
   1.0000000e+01
   1.0000000e+01
   1.0000000e+01
   1.0000000e+01
   1.0000000e+01
   1.0000000e+01
   1.0000000e+01
   1.0000000e+01
   1.0000000e+01
   1.0000000e+01
   1.0000000e+01
   1.0000000e+01
   1.0000000e+01
   1.0000000e+01
   1.0000000e+01
   1.0000000e+01
   1.0000000e+01
   1.0000000e+01
   1.0000000e+01
   1.0000000e+01
   1.0000000e+01
   1.0000000e+01
   9.9910000e-01
   9.9730000e-01
   9.9550000e-01
   9.9370000e-01
   9.9190000e-01
   9.9010000e-01
   9.8830000e-01
   9.8650000e-01
   9.8470000e-01
   9.8290000e-01
   9.8110000e-01
   9.7930000e-01
   9.7750000e-01
   9.7570000e-01
   9.7390000e-01
   9.7210000e-01
   9.7030000e-01
   9.6850000e-01
   9.6670000e-01
   9.6490000e-01
   9.6310000e-01
   9.6130000e-01
   9.5950000e-01
   9.5770000e-01
   9.5590000e-01
   9.5410000e-01
   9.5230000e-01
   9.5050000e-01
   9.4870000e-01
   9.4690000e-01
   9.4510000e-01
   9.4330000e-01
   9.4150000e-01
   9.3970000e-01
   9.3790000e-01
   9.3610000e-01
   9.3430000e-01
   9.3250000e-01
   9.3070000e-01
   9.2890000e-01
   9.2710000e-01
   9.2530000e-01
   9.2350000e-01
   9.2170000e-01
   9.1990000e-01
   9.1810000e-01
   9.1630000e-01
   9.1450000e-01
   9.1270000e-01
   9.1090000e-01
   9.0910000e-01
   9.0730000e-01
   9.0550000e-01
   9.0370000e-01
   9.0190000e-01
   9.0010000e-01
   8.9830000e-01
   8.9650000e-01
   8.9470000e-01
   8.9290000e-01
   9.9910000e-01
   9.9730000e-01
   9.9550000e-01
   9.9370000e-01
   9.9190000e-01
   9.9010000e-01
   9.8830000e-01
   9.8650000e-01
   9.8470000e-01
   9.8290000e-01
   9.8110000e-01
   9.7930000e-01
   9.7750000e-01
   9.7570000e-01
   9.7390000e-01
   9.7210000e-01
   9.7030000e-01
   9.6850000e-01
   9.6670000e-01
   9.6490000e-01
   9.6310000e-01
   9.6130000e-01
   9.5950000e-01
   9.5770000e-01
   9.5590000e-01
   9.5410000e-01
   9.5230000e-01
   9.5050000e-01
   9.4870000e-01
   9.4690000e-01
   9.4510000e-01
   9.4330000e-01
   9.4150000e-01
   9.3970000e-01
   9.3790000e-01
   9.3610000e-01
   9.3430000e-01
   9.3250000e-01
   9.3070000e-01
   9.2890000e-01
   9.2710000e-01
   9.2530000e-01
   9.2350000e-01
   9.2170000e-01
   9.1990000e-01
   9.1810000e-01
   9.1630000e-01
   9.1450000e-01
   9.1270000e-01
   9.1090000e-01
   9.0910000e-01
   9.0730000e-01
   9.0550000e-01
   9.0370000e-01
   9.0190000e-01
   9.0010000e-01
   8.9830000e-01
   8.9650000e-01
   8.9470000e-01
   8.9290000e-01
   9.9910000e-01
   9.9730000e-01
   9.9550000e-01
   9.9370000e-01
   9.9190000e-01
   9.9010000e-01
   9.8830000e-01
   9.8650000e-01
   9.8470000e-01
   9.8290000e-01
   9.8110000e-01
   9.7930000e-01
   9.7750000e-01
   9.7570000e-01
   9.7390000e-01
   9.7210000e-01
   9.7030000e-01
   9.6850000e-01
   9.6670000e-01
   9.6490000e-01
   9.6310000e-01
   9.6130000e-01
   9.5950000e-01
   9.5770000e-01
   9.5590000e-01
   9.5410000e-01
   9.5230000e-01
   9.5050000e-01
   9.4870000e-01
   9.4690000e-01
   9.4510000e-01
   9.4330000e-01
   9.4150000e-01
   9.3970000e-01
   9.3790000e-01
   9.3610000e-01
   9.3430000e-01
   9.3250000e-01
   9.3070000e-01
   9.2890000e-01
   9.2710000e-01
   9.2530000e-01
   9.2350000e-01
   9.2170000e-01
   9.1990000e-01
   9.1810000e-01
   9.1630000e-01
   9.1450000e-01
   9.1270000e-01
   9.1090000e-01
   9.0910000e-01
   9.0730000e-01
   9.0550000e-01
   9.0370000e-01
   9.0190000e-01
   9.0010000e-01
   8.9830000e-01
   8.9650000e-01
   8.9470000e-01
   8.9290000e-01
   9.9910000e-01
   9.9730000e-01
   9.9550000e-01
   9.9370000e-01
   9.9190000e-01
   9.9010000e-01
   9.8830000e-01
   9.8650000e-01
   9.8470000e-01
   9.8290000e-01
   9.8110000e-01
   9.7930000e-01
   9.7750000e-01
   9.7570000e-01
   9.7390000e-01
   9.7210000e-01
   9.7030000e-01
   9.6850000e-01
   9.6670000e-01
   9.6490000e-01
   9.6310000e-01
   9.6130000e-01
   9.5950000e-01
   9.5770000e-01
   9.5590000e-01
   9.5410000e-01
   9.5230000e-01
   9.5050000e-01
   9.4870000e-01
   9.4690000e-01
   9.4510000e-01
   9.4330000e-01
   9.4150000e-01
   9.3970000e-01
   9.3790000e-01
   9.3610000e-01
   9.3430000e-01
   9.3250000e-01
   9.3070000e-01
   9.2890000e-01
   9.2710000e-01
   9.2530000e-01
   9.2350000e-01
   9.2170000e-01
   9.1990000e-01
   9.1810000e-01
   9.1630000e-01
   9.1450000e-01
   9.1270000e-01
   9.1090000e-01
   9.0910000e-01
   9.0730000e-01
   9.0550000e-01
   9.0370000e-01
   9.0190000e-01
   9.0010000e-01
   8.9830000e-01
   8.9650000e-01
   8.9470000e-01
   8.9290000e-01
   9.9910000e-01
   9.9730000e-01
   9.9550000e-01
   9.9370000e-01
   9.9190000e-01
   9.9010000e-01
   9.8830000e-01
   9.8650000e-01
   9.8470000e-01
   9.8290000e-01
   9.8110000e-01
   9.7930000e-01
   9.7750000e-01
   9.7570000e-01
   9.7390000e-01
   9.7210000e-01
   9.7030000e-01
   9.6850000e-01
   9.6670000e-01
   9.6490000e-01
   9.6310000e-01
   9.6130000e-01
   9.5950000e-01
   9.5770000e-01
   9.5590000e-01
   9.5410000e-01
   9.5230000e-01
   9.5050000e-01
   9.4870000e-01
   9.4690000e-01
   9.4510000e-01
   9.4330000e-01
   9.4150000e-01
   9.3970000e-01
   9.3790000e-01
   9.3610000e-01
   9.3430000e-01
   9.3250000e-01
   9.3070000e-01
   9.2890000e-01
   9.2710000e-01
   9.2530000e-01
   9.2350000e-01
   9.2170000e-01
   9.1990000e-01
   9.1810000e-01
   9.1630000e-01
   9.1450000e-01
   9.1270000e-01
   9.1090000e-01
   9.0910000e-01
   9.0730000e-01
   9.0550000e-01
   9.0370000e-01
   9.0190000e-01
   9.0010000e-01
   8.9830000e-01
   8.9650000e-01
   8.9470000e-01
   8.9290000e-01
   9.9910000e-01
   9.9730000e-01
   9.9550000e-01
   9.9370000e-01
   9.9190000e-01
   9.9010000e-01
   9.8830000e-01
   9.8650000e-01
   9.8470000e-01
   9.8290000e-01
   9.8110000e-01
   9.7930000e-01
   9.7750000e-01
   9.7570000e-01
   9.7390000e-01
   9.7210000e-01
   9.7030000e-01
   9.6850000e-01
   9.6670000e-01
   9.6490000e-01
   9.6310000e-01
   9.6130000e-01
   9.5950000e-01
   9.5770000e-01
   9.5590000e-01
   9.5410000e-01
   9.5230000e-01
   9.5050000e-01
   9.4870000e-01
   9.4690000e-01
   9.4510000e-01
   9.4330000e-01
   9.4150000e-01
   9.3970000e-01
   9.3790000e-01
   9.3610000e-01
   9.3430000e-01
   9.3250000e-01
   9.3070000e-01
   9.2890000e-01
   9.2710000e-01
   9.2530000e-01
   9.2350000e-01
   9.2170000e-01
   9.1990000e-01
   9.1810000e-01
   9.1630000e-01
   9.1450000e-01
   9.1270000e-01
   9.1090000e-01
   9.0910000e-01
   9.0730000e-01
   9.0550000e-01
   9.0370000e-01
   9.0190000e-01
   9.0010000e-01
   8.9830000e-01
   8.9650000e-01
   8.9470000e-01
   8.9290000e-01
   9.9910000e-01
   9.9730000e-01
   9.9550000e-01
   9.9370000e-01
   9.9190000e-01
   9.9010000e-01
   9.8830000e-01
   9.8650000e-01
   9.8470000e-01
   9.8290000e-01
   9.8110000e-01
   9.7930000e-01
   9.7750000e-01
   9.7570000e-01
   9.7390000e-01
   9.7210000e-01
   9.7030000e-01
   9.6850000e-01
   9.6670000e-01
   9.6490000e-01
   9.6310000e-01
   9.6130000e-01
   9.5950000e-01
   9.5770000e-01
   9.5590000e-01
   9.5410000e-01
   9.5230000e-01
   9.5050000e-01
   9.4870000e-01
   9.4690000e-01
   9.4510000e-01
   9.4330000e-01
   9.4150000e-01
   9.3970000e-01
   9.3790000e-01
   9.3610000e-01
   9.3430000e-01
   9.3250000e-01
   9.3070000e-01
   9.2890000e-01
   9.2710000e-01
   9.2530000e-01
   9.2350000e-01
   9.2170000e-01
   9.1990000e-01
   9.1810000e-01
   9.1630000e-01
   9.1450000e-01
   9.1270000e-01
   9.1090000e-01
   9.0910000e-01
   9.0730000e-01
   9.0550000e-01
   9.0370000e-01
   9.0190000e-01
   9.0010000e-01
   8.9830000e-01
   8.9650000e-01
   8.9470000e-01
   8.9290000e-01
   9.9910000e-01
   9.9730000e-01
   9.9550000e-01
   9.9370000e-01
   9.9190000e-01
   9.9010000e-01
   9.8830000e-01
   9.8650000e-01
   9.8470000e-01
   9.8290000e-01
   9.8110000e-01
   9.7930000e-01
   9.7750000e-01
   9.7570000e-01
   9.7390000e-01
   9.7210000e-01
   9.7030000e-01
   9.6850000e-01
   9.6670000e-01
   9.6490000e-01
   9.6310000e-01
   9.6130000e-01
   9.5950000e-01
   9.5770000e-01
   9.5590000e-01
   9.5410000e-01
   9.5230000e-01
   9.5050000e-01
   9.4870000e-01
   9.4690000e-01
   9.4510000e-01
   9.4330000e-01
   9.4150000e-01
   9.3970000e-01
   9.3790000e-01
   9.3610000e-01
   9.3430000e-01
   9.3250000e-01
   9.3070000e-01
   9.2890000e-01
   9.2710000e-01
   9.2530000e-01
   9.2350000e-01
   9.2170000e-01
   9.1990000e-01
   9.1810000e-01
   9.1630000e-01
   9.1450000e-01
   9.1270000e-01
   9.1090000e-01
   9.0910000e-01
   9.0730000e-01
   9.0550000e-01
   9.0370000e-01
   9.0190000e-01
   9.0010000e-01
   8.9830000e-01
   8.9650000e-01
   8.9470000e-01
   8.9290000e-01
   9.9910000e-01
   9.9730000e-01
   9.9550000e-01
   9.9370000e-01
   9.9190000e-01
   9.9010000e-01
   9.8830000e-01
   9.8650000e-01
   9.8470000e-01
   9.8290000e-01
   9.8110000e-01
   9.7930000e-01
   9.7750000e-01
   9.7570000e-01
   9.7390000e-01
   9.7210000e-01
   9.7030000e-01
   9.6850000e-01
   9.6670000e-01
   9.6490000e-01
   9.6310000e-01
   9.6130000e-01
   9.5950000e-01
   9.5770000e-01
   9.5590000e-01
   9.5410000e-01
   9.5230000e-01
   9.5050000e-01
   9.4870000e-01
   9.4690000e-01
   9.4510000e-01
   9.4330000e-01
   9.4150000e-01
   9.3970000e-01
   9.3790000e-01
   9.3610000e-01
   9.3430000e-01
   9.3250000e-01
   9.3070000e-01
   9.2890000e-01
   9.2710000e-01
   9.2530000e-01
   9.2350000e-01
   9.2170000e-01
   9.1990000e-01
   9.1810000e-01
   9.1630000e-01
   9.1450000e-01
   9.1270000e-01
   9.1090000e-01
   9.0910000e-01
   9.0730000e-01
   9.0550000e-01
   9.0370000e-01
   9.0190000e-01
   9.0010000e-01
   8.9830000e-01
   8.9650000e-01
   8.9470000e-01
   8.9290000e-01
   9.9910000e-01
   9.9730000e-01
   9.9550000e-01
   9.9370000e-01
   9.9190000e-01
   9.9010000e-01
   9.8830000e-01
   9.8650000e-01
   9.8470000e-01
   9.8290000e-01
   9.8110000e-01
   9.7930000e-01
   9.7750000e-01
   9.7570000e-01
   9.7390000e-01
   9.7210000e-01
   9.7030000e-01
   9.6850000e-01
   9.6670000e-01
   9.6490000e-01
   9.6310000e-01
   9.6130000e-01
   9.5950000e-01
   9.5770000e-01
   9.5590000e-01
   9.5410000e-01
   9.5230000e-01
   9.5050000e-01
   9.4870000e-01
   9.4690000e-01
   9.4510000e-01
   9.4330000e-01
   9.4150000e-01
   9.3970000e-01
   9.3790000e-01
   9.3610000e-01
   9.3430000e-01
   9.3250000e-01
   9.3070000e-01
   9.2890000e-01
   9.2710000e-01
   9.2530000e-01
   9.2350000e-01
   9.2170000e-01
   9.1990000e-01
   9.1810000e-01
   9.1630000e-01
   9.1450000e-01
   9.1270000e-01
   9.1090000e-01
   9.0910000e-01
   9.0730000e-01
   9.0550000e-01
   9.0370000e-01
   9.0190000e-01
   9.0010000e-01
   8.9830000e-01
   8.9650000e-01
   8.9470000e-01
   8.9290000e-01
   9.9910000e-01
   9.9730000e-01
   9.9550000e-01
   9.9370000e-01
   9.9190000e-01
   9.9010000e-01
   9.8830000e-01
   9.8650000e-01
   9.8470000e-01
   9.8290000e-01
   9.8110000e-01
   9.7930000e-01
   9.7750000e-01
   9.7570000e-01
   9.7390000e-01
   9.7210000e-01
   9.7030000e-01
   9.6850000e-01
   9.6670000e-01
   9.6490000e-01
   9.6310000e-01
   9.6130000e-01
   9.5950000e-01
   9.5770000e-01
   9.5590000e-01
   9.5410000e-01
   9.5230000e-01
   9.5050000e-01
   9.4870000e-01
   9.4690000e-01
   9.4510000e-01
   9.4330000e-01
   9.4150000e-01
   9.3970000e-01
   9.3790000e-01
   9.3610000e-01
   9.3430000e-01
   9.3250000e-01
   9.3070000e-01
   9.2890000e-01
   9.2710000e-01
   9.2530000e-01
   9.2350000e-01
   9.2170000e-01
   9.1990000e-01
   9.1810000e-01
   9.1630000e-01
   9.1450000e-01
   9.1270000e-01
   9.1090000e-01
   9.0910000e-01
   9.0730000e-01
   9.0550000e-01
   9.0370000e-01
   9.0190000e-01
   9.0010000e-01
   8.9830000e-01
   8.9650000e-01
   8.9470000e-01
   8.9290000e-01
   9.9910000e-01
   9.9730000e-01
   9.9550000e-01
   9.9370000e-01
   9.9190000e-01
   9.9010000e-01
   9.8830000e-01
   9.8650000e-01
   9.8470000e-01
   9.8290000e-01
   9.8110000e-01
   9.7930000e-01
   9.7750000e-01
   9.7570000e-01
   9.7390000e-01
   9.7210000e-01
   9.7030000e-01
   9.6850000e-01
   9.6670000e-01
   9.6490000e-01
   9.6310000e-01
   9.6130000e-01
   9.5950000e-01
   9.5770000e-01
   9.5590000e-01
   9.5410000e-01
   9.5230000e-01
   9.5050000e-01
   9.4870000e-01
   9.4690000e-01
   9.4510000e-01
   9.4330000e-01
   9.4150000e-01
   9.3970000e-01
   9.3790000e-01
   9.3610000e-01
   9.3430000e-01
   9.3250000e-01
   9.3070000e-01
   9.2890000e-01
   9.2710000e-01
   9.2530000e-01
   9.2350000e-01
   9.2170000e-01
   9.1990000e-01
   9.1810000e-01
   9.1630000e-01
   9.1450000e-01
   9.1270000e-01
   9.1090000e-01
   9.0910000e-01
   9.0730000e-01
   9.0550000e-01
   9.0370000e-01
   9.0190000e-01
   9.0010000e-01
   8.9830000e-01
   8.9650000e-01
   8.9470000e-01
   8.9290000e-01
   9.9910000e-01
   9.9730000e-01
   9.9550000e-01
   9.9370000e-01
   9.9190000e-01
   9.9010000e-01
   9.8830000e-01
   9.8650000e-01
   9.8470000e-01
   9.8290000e-01
   9.8110000e-01
   9.7930000e-01
   9.7750000e-01
   9.7570000e-01
   9.7390000e-01
   9.7210000e-01
   9.7030000e-01
   9.6850000e-01
   9.6670000e-01
   9.6490000e-01
   9.6310000e-01
   9.6130000e-01
   9.5950000e-01
   9.5770000e-01
   9.5590000e-01
   9.5410000e-01
   9.5230000e-01
   9.5050000e-01
   9.4870000e-01
   9.4690000e-01
   9.4510000e-01
   9.4330000e-01
   9.4150000e-01
   9.3970000e-01
   9.3790000e-01
   9.3610000e-01
   9.3430000e-01
   9.3250000e-01
   9.3070000e-01
   9.2890000e-01
   9.2710000e-01
   9.2530000e-01
   9.2350000e-01
   9.2170000e-01
   9.1990000e-01
   9.1810000e-01
   9.1630000e-01
   9.1450000e-01
   9.1270000e-01
   9.1090000e-01
   9.0910000e-01
   9.0730000e-01
   9.0550000e-01
   9.0370000e-01
   9.0190000e-01
   9.0010000e-01
   8.9830000e-01
   8.9650000e-01
   8.9470000e-01
   8.9290000e-01
   9.9910000e-01
   9.9730000e-01
   9.9550000e-01
   9.9370000e-01
   9.9190000e-01
   9.9010000e-01
   9.8830000e-01
   9.8650000e-01
   9.8470000e-01
   9.8290000e-01
   9.8110000e-01
   9.7930000e-01
   9.7750000e-01
   9.7570000e-01
   9.7390000e-01
   9.7210000e-01
   9.7030000e-01
   9.6850000e-01
   9.6670000e-01
   9.6490000e-01
   9.6310000e-01
   9.6130000e-01
   9.5950000e-01
   9.5770000e-01
   9.5590000e-01
   9.5410000e-01
   9.5230000e-01
   9.5050000e-01
   9.4870000e-01
   9.4690000e-01
   9.4510000e-01
   9.4330000e-01
   9.4150000e-01
   9.3970000e-01
   9.3790000e-01
   9.3610000e-01
   9.3430000e-01
   9.3250000e-01
   9.3070000e-01
   9.2890000e-01
   9.2710000e-01
   9.2530000e-01
   9.2350000e-01
   9.2170000e-01
   9.1990000e-01
   9.1810000e-01
   9.1630000e-01
   9.1450000e-01
   9.1270000e-01
   9.1090000e-01
   9.0910000e-01
   9.0730000e-01
   9.0550000e-01
   9.0370000e-01
   9.0190000e-01
   9.0010000e-01
   8.9830000e-01
   8.9650000e-01
   8.9470000e-01
   8.9290000e-01
   9.9910000e-01
   9.9730000e-01
   9.9550000e-01
   9.9370000e-01
   9.9190000e-01
   9.9010000e-01
   9.8830000e-01
   9.8650000e-01
   9.8470000e-01
   9.8290000e-01
   9.8110000e-01
   9.7930000e-01
   9.7750000e-01
   9.7570000e-01
   9.7390000e-01
   9.7210000e-01
   9.7030000e-01
   9.6850000e-01
   9.6670000e-01
   9.6490000e-01
   9.6310000e-01
   9.6130000e-01
   9.5950000e-01
   9.5770000e-01
   9.5590000e-01
   9.5410000e-01
   9.5230000e-01
   9.5050000e-01
   9.4870000e-01
   9.4690000e-01
   9.4510000e-01
   9.4330000e-01
   9.4150000e-01
   9.3970000e-01
   9.3790000e-01
   9.3610000e-01
   9.3430000e-01
   9.3250000e-01
   9.3070000e-01
   9.2890000e-01
   9.2710000e-01
   9.2530000e-01
   9.2350000e-01
   9.2170000e-01
   9.1990000e-01
   9.1810000e-01
   9.1630000e-01
   9.1450000e-01
   9.1270000e-01
   9.1090000e-01
   9.0910000e-01
   9.0730000e-01
   9.0550000e-01
   9.0370000e-01
   9.0190000e-01
   9.0010000e-01
   8.9830000e-01
   8.9650000e-01
   8.9470000e-01
   8.9290000e-01
   9.9910000e-01
   9.9730000e-01
   9.9550000e-01
   9.9370000e-01
   9.9190000e-01
   9.9010000e-01
   9.8830000e-01
   9.8650000e-01
   9.8470000e-01
   9.8290000e-01
   9.8110000e-01
   9.7930000e-01
   9.7750000e-01
   9.7570000e-01
   9.7390000e-01
   9.7210000e-01
   9.7030000e-01
   9.6850000e-01
   9.6670000e-01
   9.6490000e-01
   9.6310000e-01
   9.6130000e-01
   9.5950000e-01
   9.5770000e-01
   9.5590000e-01
   9.5410000e-01
   9.5230000e-01
   9.5050000e-01
   9.4870000e-01
   9.4690000e-01
   9.4510000e-01
   9.4330000e-01
   9.4150000e-01
   9.3970000e-01
   9.3790000e-01
   9.3610000e-01
   9.3430000e-01
   9.3250000e-01
   9.3070000e-01
   9.2890000e-01
   9.2710000e-01
   9.2530000e-01
   9.2350000e-01
   9.2170000e-01
   9.1990000e-01
   9.1810000e-01
   9.1630000e-01
   9.1450000e-01
   9.1270000e-01
   9.1090000e-01
   9.0910000e-01
   9.0730000e-01
   9.0550000e-01
   9.0370000e-01
   9.0190000e-01
   9.0010000e-01
   8.9830000e-01
   8.9650000e-01
   8.9470000e-01
   8.9290000e-01
   9.9910000e-01
   9.9730000e-01
   9.9550000e-01
   9.9370000e-01
   9.9190000e-01
   9.9010000e-01
   9.8830000e-01
   9.8650000e-01
   9.8470000e-01
   9.8290000e-01
   9.8110000e-01
   9.7930000e-01
   9.7750000e-01
   9.7570000e-01
   9.7390000e-01
   9.7210000e-01
   9.7030000e-01
   9.6850000e-01
   9.6670000e-01
   9.6490000e-01
   9.6310000e-01
   9.6130000e-01
   9.5950000e-01
   9.5770000e-01
   9.5590000e-01
   9.5410000e-01
   9.5230000e-01
   9.5050000e-01
   9.4870000e-01
   9.4690000e-01
   9.4510000e-01
   9.4330000e-01
   9.4150000e-01
   9.3970000e-01
   9.3790000e-01
   9.3610000e-01
   9.3430000e-01
   9.3250000e-01
   9.3070000e-01
   9.2890000e-01
   9.2710000e-01
   9.2530000e-01
   9.2350000e-01
   9.2170000e-01
   9.1990000e-01
   9.1810000e-01
   9.1630000e-01
   9.1450000e-01
   9.1270000e-01
   9.1090000e-01
   9.0910000e-01
   9.0730000e-01
   9.0550000e-01
   9.0370000e-01
   9.0190000e-01
   9.0010000e-01
   8.9830000e-01
   8.9650000e-01
   8.9470000e-01
   8.9290000e-01
   9.9910000e-01
   9.9730000e-01
   9.9550000e-01
   9.9370000e-01
   9.9190000e-01
   9.9010000e-01
   9.8830000e-01
   9.8650000e-01
   9.8470000e-01
   9.8290000e-01
   9.8110000e-01
   9.7930000e-01
   9.7750000e-01
   9.7570000e-01
   9.7390000e-01
   9.7210000e-01
   9.7030000e-01
   9.6850000e-01
   9.6670000e-01
   9.6490000e-01
   9.6310000e-01
   9.6130000e-01
   9.5950000e-01
   9.5770000e-01
   9.5590000e-01
   9.5410000e-01
   9.5230000e-01
   9.5050000e-01
   9.4870000e-01
   9.4690000e-01
   9.4510000e-01
   9.4330000e-01
   9.4150000e-01
   9.3970000e-01
   9.3790000e-01
   9.3610000e-01
   9.3430000e-01
   9.3250000e-01
   9.3070000e-01
   9.2890000e-01
   9.2710000e-01
   9.2530000e-01
   9.2350000e-01
   9.2170000e-01
   9.1990000e-01
   9.1810000e-01
   9.1630000e-01
   9.1450000e-01
   9.1270000e-01
   9.1090000e-01
   9.0910000e-01
   9.0730000e-01
   9.0550000e-01
   9.0370000e-01
   9.0190000e-01
   9.0010000e-01
   8.9830000e-01
   8.9650000e-01
   8.9470000e-01
   8.9290000e-01
   9.9910000e-01
   9.9730000e-01
   9.9550000e-01
   9.9370000e-01
   9.9190000e-01
   9.9010000e-01
   9.8830000e-01
   9.8650000e-01
   9.8470000e-01
   9.8290000e-01
   9.8110000e-01
   9.7930000e-01
   9.7750000e-01
   9.7570000e-01
   9.7390000e-01
   9.7210000e-01
   9.7030000e-01
   9.6850000e-01
   9.6670000e-01
   9.6490000e-01
   9.6310000e-01
   9.6130000e-01
   9.5950000e-01
   9.5770000e-01
   9.5590000e-01
   9.5410000e-01
   9.5230000e-01
   9.5050000e-01
   9.4870000e-01
   9.4690000e-01
   9.4510000e-01
   9.4330000e-01
   9.4150000e-01
   9.3970000e-01
   9.3790000e-01
   9.3610000e-01
   9.3430000e-01
   9.3250000e-01
   9.3070000e-01
   9.2890000e-01
   9.2710000e-01
   9.2530000e-01
   9.2350000e-01
   9.2170000e-01
   9.1990000e-01
   9.1810000e-01
   9.1630000e-01
   9.1450000e-01
   9.1270000e-01
   9.1090000e-01
   9.0910000e-01
   9.0730000e-01
   9.0550000e-01
   9.0370000e-01
   9.0190000e-01
   9.0010000e-01
   8.9830000e-01
   8.9650000e-01
   8.9470000e-01
   8.9290000e-01
   9.9910000e-01
   9.9730000e-01
   9.9550000e-01
   9.9370000e-01
   9.9190000e-01
   9.9010000e-01
   9.8830000e-01
   9.8650000e-01
   9.8470000e-01
   9.8290000e-01
   9.8110000e-01
   9.7930000e-01
   9.7750000e-01
   9.7570000e-01
   9.7390000e-01
   9.7210000e-01
   9.7030000e-01
   9.6850000e-01
   9.6670000e-01
   9.6490000e-01
   9.6310000e-01
   9.6130000e-01
   9.5950000e-01
   9.5770000e-01
   9.5590000e-01
   9.5410000e-01
   9.5230000e-01
   9.5050000e-01
   9.4870000e-01
   9.4690000e-01
   9.4510000e-01
   9.4330000e-01
   9.4150000e-01
   9.3970000e-01
   9.3790000e-01
   9.3610000e-01
   9.3430000e-01
   9.3250000e-01
   9.3070000e-01
   9.2890000e-01
   9.2710000e-01
   9.2530000e-01
   9.2350000e-01
   9.2170000e-01
   9.1990000e-01
   9.1810000e-01
   9.1630000e-01
   9.1450000e-01
   9.1270000e-01
   9.1090000e-01
   9.0910000e-01
   9.0730000e-01
   9.0550000e-01
   9.0370000e-01
   9.0190000e-01
   9.0010000e-01
   8.9830000e-01
   8.9650000e-01
   8.9470000e-01
   8.9290000e-01
   9.9910000e-01
   9.9730000e-01
   9.9550000e-01
   9.9370000e-01
   9.9190000e-01
   9.9010000e-01
   9.8830000e-01
   9.8650000e-01
   9.8470000e-01
   9.8290000e-01
   9.8110000e-01
   9.7930000e-01
   9.7750000e-01
   9.7570000e-01
   9.7390000e-01
   9.7210000e-01
   9.7030000e-01
   9.6850000e-01
   9.6670000e-01
   9.6490000e-01
   9.6310000e-01
   9.6130000e-01
   9.5950000e-01
   9.5770000e-01
   9.5590000e-01
   9.5410000e-01
   9.5230000e-01
   9.5050000e-01
   9.4870000e-01
   9.4690000e-01
   9.4510000e-01
   9.4330000e-01
   9.4150000e-01
   9.3970000e-01
   9.3790000e-01
   9.3610000e-01
   9.3430000e-01
   9.3250000e-01
   9.3070000e-01
   9.2890000e-01
   9.2710000e-01
   9.2530000e-01
   9.2350000e-01
   9.2170000e-01
   9.1990000e-01
   9.1810000e-01
   9.1630000e-01
   9.1450000e-01
   9.1270000e-01
   9.1090000e-01
   9.0910000e-01
   9.0730000e-01
   9.0550000e-01
   9.0370000e-01
   9.0190000e-01
   9.0010000e-01
   8.9830000e-01
   8.9650000e-01
   8.9470000e-01
   8.9290000e-01
   9.9910000e-01
   9.9730000e-01
   9.9550000e-01
   9.9370000e-01
   9.9190000e-01
   9.9010000e-01
   9.8830000e-01
   9.8650000e-01
   9.8470000e-01
   9.8290000e-01
   9.8110000e-01
   9.7930000e-01
   9.7750000e-01
   9.7570000e-01
   9.7390000e-01
   9.7210000e-01
   9.7030000e-01
   9.6850000e-01
   9.6670000e-01
   9.6490000e-01
   9.6310000e-01
   9.6130000e-01
   9.5950000e-01
   9.5770000e-01
   9.5590000e-01
   9.5410000e-01
   9.5230000e-01
   9.5050000e-01
   9.4870000e-01
   9.4690000e-01
   9.4510000e-01
   9.4330000e-01
   9.4150000e-01
   9.3970000e-01
   9.3790000e-01
   9.3610000e-01
   9.3430000e-01
   9.3250000e-01
   9.3070000e-01
   9.2890000e-01
   9.2710000e-01
   9.2530000e-01
   9.2350000e-01
   9.2170000e-01
   9.1990000e-01
   9.1810000e-01
   9.1630000e-01
   9.1450000e-01
   9.1270000e-01
   9.1090000e-01
   9.0910000e-01
   9.0730000e-01
   9.0550000e-01
   9.0370000e-01
   9.0190000e-01
   9.0010000e-01
   8.9830000e-01
   8.9650000e-01
   8.9470000e-01
   8.9290000e-01
   9.9910000e-01
   9.9730000e-01
   9.9550000e-01
   9.9370000e-01
   9.9190000e-01
   9.9010000e-01
   9.8830000e-01
   9.8650000e-01
   9.8470000e-01
   9.8290000e-01
   9.8110000e-01
   9.7930000e-01
   9.7750000e-01
   9.7570000e-01
   9.7390000e-01
   9.7210000e-01
   9.7030000e-01
   9.6850000e-01
   9.6670000e-01
   9.6490000e-01
   9.6310000e-01
   9.6130000e-01
   9.5950000e-01
   9.5770000e-01
   9.5590000e-01
   9.5410000e-01
   9.5230000e-01
   9.5050000e-01
   9.4870000e-01
   9.4690000e-01
   9.4510000e-01
   9.4330000e-01
   9.4150000e-01
   9.3970000e-01
   9.3790000e-01
   9.3610000e-01
   9.3430000e-01
   9.3250000e-01
   9.3070000e-01
   9.2890000e-01
   9.2710000e-01
   9.2530000e-01
   9.2350000e-01
   9.2170000e-01
   9.1990000e-01
   9.1810000e-01
   9.1630000e-01
   9.1450000e-01
   9.1270000e-01
   9.1090000e-01
   9.0910000e-01
   9.0730000e-01
   9.0550000e-01
   9.0370000e-01
   9.0190000e-01
   9.0010000e-01
   8.9830000e-01
   8.9650000e-01
   8.9470000e-01
   8.9290000e-01
   9.9910000e-01
   9.9730000e-01
   9.9550000e-01
   9.9370000e-01
   9.9190000e-01
   9.9010000e-01
   9.8830000e-01
   9.8650000e-01
   9.8470000e-01
   9.8290000e-01
   9.8110000e-01
   9.7930000e-01
   9.7750000e-01
   9.7570000e-01
   9.7390000e-01
   9.7210000e-01
   9.7030000e-01
   9.6850000e-01
   9.6670000e-01
   9.6490000e-01
   9.6310000e-01
   9.6130000e-01
   9.5950000e-01
   9.5770000e-01
   9.5590000e-01
   9.5410000e-01
   9.5230000e-01
   9.5050000e-01
   9.4870000e-01
   9.4690000e-01
   9.4510000e-01
   9.4330000e-01
   9.4150000e-01
   9.3970000e-01
   9.3790000e-01
   9.3610000e-01
   9.3430000e-01
   9.3250000e-01
   9.3070000e-01
   9.2890000e-01
   9.2710000e-01
   9.2530000e-01
   9.2350000e-01
   9.2170000e-01
   9.1990000e-01
   9.1810000e-01
   9.1630000e-01
   9.1450000e-01
   9.1270000e-01
   9.1090000e-01
   9.0910000e-01
   9.0730000e-01
   9.0550000e-01
   9.0370000e-01
   9.0190000e-01
   9.0010000e-01
   8.9830000e-01
   8.9650000e-01
   8.9470000e-01
   8.9290000e-01
   9.9910000e-01
   9.9730000e-01
   9.9550000e-01
   9.9370000e-01
   9.9190000e-01
   9.9010000e-01
   9.8830000e-01
   9.8650000e-01
   9.8470000e-01
   9.8290000e-01
   9.8110000e-01
   9.7930000e-01
   9.7750000e-01
   9.7570000e-01
   9.7390000e-01
   9.7210000e-01
   9.7030000e-01
   9.6850000e-01
   9.6670000e-01
   9.6490000e-01
   9.6310000e-01
   9.6130000e-01
   9.5950000e-01
   9.5770000e-01
   9.5590000e-01
   9.5410000e-01
   9.5230000e-01
   9.5050000e-01
   9.4870000e-01
   9.4690000e-01
   9.4510000e-01
   9.4330000e-01
   9.4150000e-01
   9.3970000e-01
   9.3790000e-01
   9.3610000e-01
   9.3430000e-01
   9.3250000e-01
   9.3070000e-01
   9.2890000e-01
   9.2710000e-01
   9.2530000e-01
   9.2350000e-01
   9.2170000e-01
   9.1990000e-01
   9.1810000e-01
   9.1630000e-01
   9.1450000e-01
   9.1270000e-01
   9.1090000e-01
   9.0910000e-01
   9.0730000e-01
   9.0550000e-01
   9.0370000e-01
   9.0190000e-01
   9.0010000e-01
   8.9830000e-01
   8.9650000e-01
   8.9470000e-01
   8.9290000e-01
   9.9910000e-01
   9.9730000e-01
   9.9550000e-01
   9.9370000e-01
   9.9190000e-01
   9.9010000e-01
   9.8830000e-01
   9.8650000e-01
   9.8470000e-01
   9.8290000e-01
   9.8110000e-01
   9.7930000e-01
   9.7750000e-01
   9.7570000e-01
   9.7390000e-01
   9.7210000e-01
   9.7030000e-01
   9.6850000e-01
   9.6670000e-01
   9.6490000e-01
   9.6310000e-01
   9.6130000e-01
   9.5950000e-01
   9.5770000e-01
   9.5590000e-01
   9.5410000e-01
   9.5230000e-01
   9.5050000e-01
   9.4870000e-01
   9.4690000e-01
   9.4510000e-01
   9.4330000e-01
   9.4150000e-01
   9.3970000e-01
   9.3790000e-01
   9.3610000e-01
   9.3430000e-01
   9.3250000e-01
   9.3070000e-01
   9.2890000e-01
   9.2710000e-01
   9.2530000e-01
   9.2350000e-01
   9.2170000e-01
   9.1990000e-01
   9.1810000e-01
   9.1630000e-01
   9.1450000e-01
   9.1270000e-01
   9.1090000e-01
   9.0910000e-01
   9.0730000e-01
   9.0550000e-01
   9.0370000e-01
   9.0190000e-01
   9.0010000e-01
   8.9830000e-01
   8.9650000e-01
   8.9470000e-01
   8.9290000e-01
   9.9910000e-01
   9.9730000e-01
   9.9550000e-01
   9.9370000e-01
   9.9190000e-01
   9.9010000e-01
   9.8830000e-01
   9.8650000e-01
   9.8470000e-01
   9.8290000e-01
   9.8110000e-01
   9.7930000e-01
   9.7750000e-01
   9.7570000e-01
   9.7390000e-01
   9.7210000e-01
   9.7030000e-01
   9.6850000e-01
   9.6670000e-01
   9.6490000e-01
   9.6310000e-01
   9.6130000e-01
   9.5950000e-01
   9.5770000e-01
   9.5590000e-01
   9.5410000e-01
   9.5230000e-01
   9.5050000e-01
   9.4870000e-01
   9.4690000e-01
   9.4510000e-01
   9.4330000e-01
   9.4150000e-01
   9.3970000e-01
   9.3790000e-01
   9.3610000e-01
   9.3430000e-01
   9.3250000e-01
   9.3070000e-01
   9.2890000e-01
   9.2710000e-01
   9.2530000e-01
   9.2350000e-01
   9.2170000e-01
   9.1990000e-01
   9.1810000e-01
   9.1630000e-01
   9.1450000e-01
   9.1270000e-01
   9.1090000e-01
   9.0910000e-01
   9.0730000e-01
   9.0550000e-01
   9.0370000e-01
   9.0190000e-01
   9.0010000e-01
   8.9830000e-01
   8.9650000e-01
   8.9470000e-01
   8.9290000e-01
   9.9910000e-01
   9.9730000e-01
   9.9550000e-01
   9.9370000e-01
   9.9190000e-01
   9.9010000e-01
   9.8830000e-01
   9.8650000e-01
   9.8470000e-01
   9.8290000e-01
   9.8110000e-01
   9.7930000e-01
   9.7750000e-01
   9.7570000e-01
   9.7390000e-01
   9.7210000e-01
   9.7030000e-01
   9.6850000e-01
   9.6670000e-01
   9.6490000e-01
   9.6310000e-01
   9.6130000e-01
   9.5950000e-01
   9.5770000e-01
   9.5590000e-01
   9.5410000e-01
   9.5230000e-01
   9.5050000e-01
   9.4870000e-01
   9.4690000e-01
   9.4510000e-01
   9.4330000e-01
   9.4150000e-01
   9.3970000e-01
   9.3790000e-01
   9.3610000e-01
   9.3430000e-01
   9.3250000e-01
   9.3070000e-01
   9.2890000e-01
   9.2710000e-01
   9.2530000e-01
   9.2350000e-01
   9.2170000e-01
   9.1990000e-01
   9.1810000e-01
   9.1630000e-01
   9.1450000e-01
   9.1270000e-01
   9.1090000e-01
   9.0910000e-01
   9.0730000e-01
   9.0550000e-01
   9.0370000e-01
   9.0190000e-01
   9.0010000e-01
   8.9830000e-01
   8.9650000e-01
   8.9470000e-01
   8.9290000e-01
   9.9910000e-01
   9.9730000e-01
   9.9550000e-01
   9.9370000e-01
   9.9190000e-01
   9.9010000e-01
   9.8830000e-01
   9.8650000e-01
   9.8470000e-01
   9.8290000e-01
   9.8110000e-01
   9.7930000e-01
   9.7750000e-01
   9.7570000e-01
   9.7390000e-01
   9.7210000e-01
   9.7030000e-01
   9.6850000e-01
   9.6670000e-01
   9.6490000e-01
   9.6310000e-01
   9.6130000e-01
   9.5950000e-01
   9.5770000e-01
   9.5590000e-01
   9.5410000e-01
   9.5230000e-01
   9.5050000e-01
   9.4870000e-01
   9.4690000e-01
   9.4510000e-01
   9.4330000e-01
   9.4150000e-01
   9.3970000e-01
   9.3790000e-01
   9.3610000e-01
   9.3430000e-01
   9.3250000e-01
   9.3070000e-01
   9.2890000e-01
   9.2710000e-01
   9.2530000e-01
   9.2350000e-01
   9.2170000e-01
   9.1990000e-01
   9.1810000e-01
   9.1630000e-01
   9.1450000e-01
   9.1270000e-01
   9.1090000e-01
   9.0910000e-01
   9.0730000e-01
   9.0550000e-01
   9.0370000e-01
   9.0190000e-01
   9.0010000e-01
   8.9830000e-01
   8.9650000e-01
   8.9470000e-01
   8.9290000e-01
   1.0000000e+01
   1.0000000e+01
   1.0000000e+01
   1.0000000e+01
   1.0000000e+01
   1.0000000e+01
   1.0000000e+01
   1.0000000e+01
   1.0000000e+01
   1.0000000e+01
   1.0000000e+01
   1.0000000e+01
   1.0000000e+01
   1.0000000e+01
   1.0000000e+01
   1.0000000e+01
   1.0000000e+01
   1.0000000e+01
   1.0000000e+01
   1.0000000e+01
   1.0000000e+01
   1.0000000e+01
   1.0000000e+01
   1.0000000e+01
   1.0000000e+01
   1.0000000e+01
   1.0000000e+01
   1.0000000e+01
   1.0000000e+01
   1.0000000e+01
   1.0000000e+01
   1.0000000e+01
   1.0000000e+01
   1.0000000e+01
   1.0000000e+01
   1.0000000e+01
   1.0000000e+01
   1.0000000e+01
   1.0000000e+01
   1.0000000e+01
   1.0000000e+01
   1.0000000e+01
   1.0000000e+01
   1.0000000e+01
   1.0000000e+01
   1.0000000e+01
   1.0000000e+01
   1.0000000e+01
   1.0000000e+01
   1.0000000e+01
   1.0000000e+01
   1.0000000e+01
   1.0000000e+01
   1.0000000e+01
   1.0000000e+01
   1.0000000e+01
   1.0000000e+01
   1.0000000e+01
   1.0000000e+01
   1.0000000e+01
   1.0000000e+01
   1.0000000e+01
   1.0000000e+01
   1.0000000e+01
   1.0000000e+01
   1.0000000e+01
   1.0000000e+01
   1.0000000e+01
   1.0000000e+01
   1.0000000e+01
   1.0000000e+01
   1.0000000e+01
   1.0000000e+01
   1.0000000e+01
   1.0000000e+01
   1.0000000e+01
   1.0000000e+01
   1.0000000e+01
   1.0000000e+01
   1.0000000e+01
   1.0000000e+01
   1.0000000e+01
   1.0000000e+01
   1.0000000e+01
   1.0000000e+01
   1.0000000e+01
   1.0000000e+01
   1.0000000e+01
   1.0000000e+01
   1.0000000e+01
   1.0000000e+01
   1.0000000e+01
   1.0000000e+01
   1.0000000e+01
   1.0000000e+01
   1.0000000e+01
   1.0000000e+01
   1.0000000e+01
   1.0000000e+01
   1.0000000e+01
   1.0000000e+01
   1.0000000e+01
   1.0000000e+01
   1.0000000e+01
   1.0000000e+01
   1.0000000e+01
   1.0000000e+01
   1.0000000e+01
   1.0000000e+01
   1.0000000e+01
   1.0000000e+01
   1.0000000e+01
   1.0000000e+01
   1.0000000e+01
   1.0000000e+01
   1.0000000e+01
   1.0000000e+01
   1.0000000e+01
   1.0000000e+01
   1.0000000e+01
   1.0000000e+01
   1.0000000e+01
   1.0000000e+01
   1.0000000e+01
   1.0000000e+01
   1.0000000e+01
   1.0000000e+01
   1.0000000e+01
   1.0000000e+01
   1.0000000e+01
   1.0000000e+01
   1.0000000e+01
   1.0000000e+01
   1.0000000e+01
   1.0000000e+01
   1.0000000e+01
   1.0000000e+01
   1.0000000e+01
   1.0000000e+01
   1.0000000e+01
   1.0000000e+01
   1.0000000e+01
   1.0000000e+01
   1.0000000e+01
   1.0000000e+01
   1.0000000e+01
   1.0000000e+01
   1.0000000e+01
   1.0000000e+01
   1.0000000e+01
   1.0000000e+01
   1.0000000e+01
   1.0000000e+01
   1.0000000e+01
   1.0000000e+01
   1.0000000e+01
   1.0000000e+01
   1.0000000e+01
   1.0000000e+01
   1.0000000e+01
   1.0000000e+01
   1.0000000e+01
   1.0000000e+01
   1.0000000e+01
   1.0000000e+01
   1.0000000e+01
   1.0000000e+01
   1.0000000e+01
   1.0000000e+01
   1.0000000e+01
   1.0000000e+01
   1.0000000e+01
   1.0000000e+01
   1.0000000e+01
   1.0000000e+01
   1.0000000e+01
   1.0000000e+01
   1.0000000e+01
   1.0000000e+01
   1.0000000e+01
   1.0000000e+01
   1.0000000e+01
   1.0000000e+01
   1.0000000e+01
   1.0000000e+01
   1.0000000e+01
   1.0000000e+01
   1.0000000e+01
   1.0000000e+01
   1.0000000e+01
   1.0000000e+01
   1.0000000e+01
   1.0000000e+01
   1.0000000e+01
   1.0000000e+01
   1.0000000e+01
   1.0000000e+01
   1.0000000e+01
   1.0000000e+01
   1.0000000e+01
   1.0000000e+01
   1.0000000e+01
   1.0000000e+01
   1.0000000e+01
   1.0000000e+01
   1.0000000e+01
   1.0000000e+01
   1.0000000e+01
   1.0000000e+01
   1.0000000e+01
   1.0000000e+01
   1.0000000e+01
   1.0000000e+01
   1.0000000e+01
   1.0000000e+01
   1.0000000e+01
   1.0000000e+01
   1.0000000e+01
   1.0000000e+01
   1.0000000e+01
   1.0000000e+01
   1.0000000e+01
   1.0000000e+01
   1.0000000e+01
   1.0000000e+01
   1.0000000e+01
   1.0000000e+01
   1.0000000e+01
   1.0000000e+01
   1.0000000e+01
   1.0000000e+01
   1.0000000e+01
   1.0000000e+01
   1.0000000e+01
   1.0000000e+01
   1.0000000e+01
   1.0000000e+01
   1.0000000e+01
   1.0000000e+01
   1.0000000e+01
