  0.000000
  0.000000
  0.000000
  0.000000
  0.000000
  0.000000
  0.000000
  0.000000
  0.000000
  0.000000
  0.000000
  0.000000
  0.000000
  0.000000
  0.000000
  0.000000
  0.000000
  0.000000
  0.000000
  0.000000
  0.000000
  0.000000
  0.000000
  0.000000
  0.000000
  0.000000
  0.000000
  0.000000
  0.000000
  0.000000
  0.000000
  0.000000
  0.000000
  0.000000
  0.000000
  0.000000
  0.000000
  0.000000
  0.000000
  0.000000
  0.000000
  0.000000
  0.000000
  0.000000
  0.000000
  0.000000
  0.000000
  0.000000
  0.000000
  0.000000
  0.000000
  0.000000
  0.000000
  0.000000
  0.000000
  0.000000
  0.000000
  0.000000
  0.000000
  0.000000
  0.000000
  0.000000
  0.000000
  0.000000
  0.000000
  0.000000
  0.000000
  0.000000
  0.000000
  0.000000
  0.000000
  0.000000
  0.000000
  0.000000
  0.000000
  0.000000
  0.000000
  0.000000
  0.000000
  0.000000
  0.000000
  0.000000
  0.000000
  0.000000
  0.000000
  0.000000
  0.000000
  0.000000
  0.000000
  0.000000
  0.000000
  0.000000
  0.000000
  0.000000
  0.000000
  0.000000
  0.000000
  0.000000
  0.000000
  0.000000
  0.000000
  0.000000
  0.000000
  0.000000
  0.000000
  0.000000
  0.000000
  0.000000
  0.000000
  0.000000
  0.000000
  0.000000
  0.000000
  0.000000
  0.000000
  0.000000
  0.000000
  0.000000
  0.000000
  0.000000
  0.000000
  0.000000
  0.000000
  0.000000
  0.000000
  0.000000
  0.000000
  0.000000
  0.000000
  0.000000
  0.000000
  0.000000
  0.000000
  0.000000
  0.000000
  0.000000
  0.000000
  0.000000
  0.000000
  0.000000
  0.000000
  0.000000
  0.000000
  0.000000
  0.000000
  0.000000
  0.000000
  0.000000
  0.000000
  0.000000
  0.000000
  0.000000
  0.000000
  0.000000
  0.000000
  0.000000
  0.000000
  0.000000
  0.000000
  0.000000
  0.000000
  0.000000
  0.000000
  0.000000
  0.000000
  0.000000
  0.000000
  0.000000
  0.000000
  0.000000
  0.000000
  0.000000
  0.000000
  0.000000
  0.000000
  0.000000
  0.000000
  0.000000
  0.000000
  0.000000
  0.000000
  0.000000
  0.000000
  0.466666
  0.466649
  0.466632
  0.466615
  0.466597
  0.466580
  0.466562
  0.466544
  0.466526
  0.466508
  0.466490
  0.466472
  0.466453
  0.466435
  0.466416
  0.466398
  0.466379
  0.466360
  0.466341
  0.466322
  0.466303
  0.466284
  0.466264
  0.466245
  0.466225
  0.466205
  0.466185
  0.466165
  0.466145
  0.466125
  0.466104
  0.466084
  0.466063
  0.466042
  0.466022
  0.466001
  0.465979
  0.465958
  0.465937
  0.465915
  0.465894
  0.465872
  0.465850
  0.465828
  0.465806
  0.465784
  0.465761
  0.465739
  0.465716
  0.465693
  0.465670
  0.465647
  0.465624
  0.465601
  0.465577
  0.465554
  0.465530
  0.465506
  0.465482
  0.465458
  0.465434
  0.466666
  0.466649
  0.466632
  0.466615
  0.466597
  0.466580
  0.466562
  0.466544
  0.466526
  0.466508
  0.466490
  0.466472
  0.466453
  0.466435
  0.466416
  0.466398
  0.466379
  0.466360
  0.466341
  0.466322
  0.466303
  0.466284
  0.466264
  0.466245
  0.466225
  0.466205
  0.466185
  0.466165
  0.466145
  0.466125
  0.466104
  0.466084
  0.466063
  0.466042
  0.466022
  0.466001
  0.465979
  0.465958
  0.465937
  0.465915
  0.465894
  0.465872
  0.465850
  0.465828
  0.465806
  0.465784
  0.465761
  0.465739
  0.465716
  0.465693
  0.465670
  0.465647
  0.465624
  0.465601
  0.465577
  0.465554
  0.465530
  0.465506
  0.465482
  0.465458
  0.465434
  0.466666
  0.466649
  0.466632
  0.466615
  0.466597
  0.466580
  0.466562
  0.466544
  0.466526
  0.466508
  0.466490
  0.466472
  0.466453
  0.466435
  0.466416
  0.466398
  0.466379
  0.466360
  0.466341
  0.466322
  0.466303
  0.466284
  0.466264
  0.466245
  0.466225
  0.466205
  0.466185
  0.466165
  0.466145
  0.466125
  0.466104
  0.466084
  0.466063
  0.466042
  0.466022
  0.466001
  0.465979
  0.465958
  0.465937
  0.465915
  0.465894
  0.465872
  0.465850
  0.465828
  0.465806
  0.465784
  0.465761
  0.465739
  0.465716
  0.465693
  0.465670
  0.465647
  0.465624
  0.465601
  0.465577
  0.465554
  0.465530
  0.465506
  0.465482
  0.465458
  0.465434
  0.466666
  0.466649
  0.466632
  0.466615
  0.466597
  0.466580
  0.466562
  0.466544
  0.466526
  0.466508
  0.466490
  0.466472
  0.466453
  0.466435
  0.466416
  0.466398
  0.466379
  0.466360
  0.466341
  0.466322
  0.466303
  0.466284
  0.466264
  0.466245
  0.466225
  0.466205
  0.466185
  0.466165
  0.466145
  0.466125
  0.466104
  0.466084
  0.466063
  0.466042
  0.466022
  0.466001
  0.465979
  0.465958
  0.465937
  0.465915
  0.465894
  0.465872
  0.465850
  0.465828
  0.465806
  0.465784
  0.465761
  0.465739
  0.465716
  0.465693
  0.465670
  0.465647
  0.465624
  0.465601
  0.465577
  0.465554
  0.465530
  0.465506
  0.465482
  0.465458
  0.465434
  0.466666
  0.466649
  0.466632
  0.466615
  0.466597
  0.466580
  0.466562
  0.466544
  0.466526
  0.466508
  0.466490
  0.466472
  0.466453
  0.466435
  0.466416
  0.466398
  0.466379
  0.466360
  0.466341
  0.466322
  0.466303
  0.466284
  0.466264
  0.466245
  0.466225
  0.466205
  0.466185
  0.466165
  0.466145
  0.466125
  0.466104
  0.466084
  0.466063
  0.466042
  0.466022
  0.466001
  0.465979
  0.465958
  0.465937
  0.465915
  0.465894
  0.465872
  0.465850
  0.465828
  0.465806
  0.465784
  0.465761
  0.465739
  0.465716
  0.465693
  0.465670
  0.465647
  0.465624
  0.465601
  0.465577
  0.465554
  0.465530
  0.465506
  0.465482
  0.465458
  0.465434
  0.466666
  0.466649
  0.466632
  0.466615
  0.466597
  0.466580
  0.466562
  0.466544
  0.466526
  0.466508
  0.466490
  0.466472
  0.466453
  0.466435
  0.466416
  0.466398
  0.466379
  0.466360
  0.466341
  0.466322
  0.466303
  0.466284
  0.466264
  0.466245
  0.466225
  0.466205
  0.466185
  0.466165
  0.466145
  0.466125
  0.466104
  0.466084
  0.466063
  0.466042
  0.466022
  0.466001
  0.465979
  0.465958
  0.465937
  0.465915
  0.465894
  0.465872
  0.465850
  0.465828
  0.465806
  0.465784
  0.465761
  0.465739
  0.465716
  0.465693
  0.465670
  0.465647
  0.465624
  0.465601
  0.465577
  0.465554
  0.465530
  0.465506
  0.465482
  0.465458
  0.465434
  0.466666
  0.466649
  0.466632
  0.466615
  0.466597
  0.466580
  0.466562
  0.466544
  0.466526
  0.466508
  0.466490
  0.466472
  0.466453
  0.466435
  0.466416
  0.466398
  0.466379
  0.466360
  0.466341
  0.466322
  0.466303
  0.466284
  0.466264
  0.466245
  0.466225
  0.466205
  0.466185
  0.466165
  0.466145
  0.466125
  0.466104
  0.466084
  0.466063
  0.466042
  0.466022
  0.466001
  0.465979
  0.465958
  0.465937
  0.465915
  0.465894
  0.465872
  0.465850
  0.465828
  0.465806
  0.465784
  0.465761
  0.465739
  0.465716
  0.465693
  0.465670
  0.465647
  0.465624
  0.465601
  0.465577
  0.465554
  0.465530
  0.465506
  0.465482
  0.465458
  0.465434
  0.466666
  0.466649
  0.466632
  0.466615
  0.466597
  0.466580
  0.466562
  0.466544
  0.466526
  0.466508
  0.466490
  0.466472
  0.466453
  0.466435
  0.466416
  0.466398
  0.466379
  0.466360
  0.466341
  0.466322
  0.466303
  0.466284
  0.466264
  0.466245
  0.466225
  0.466205
  0.466185
  0.466165
  0.466145
  0.466125
  0.466104
  0.466084
  0.466063
  0.466042
  0.466022
  0.466001
  0.465979
  0.465958
  0.465937
  0.465915
  0.465894
  0.465872
  0.465850
  0.465828
  0.465806
  0.465784
  0.465761
  0.465739
  0.465716
  0.465693
  0.465670
  0.465647
  0.465624
  0.465601
  0.465577
  0.465554
  0.465530
  0.465506
  0.465482
  0.465458
  0.465434
  0.466666
  0.466649
  0.466632
  0.466615
  0.466597
  0.466580
  0.466562
  0.466544
  0.466526
  0.466508
  0.466490
  0.466472
  0.466453
  0.466435
  0.466416
  0.466398
  0.466379
  0.466360
  0.466341
  0.466322
  0.466303
  0.466284
  0.466264
  0.466245
  0.466225
  0.466205
  0.466185
  0.466165
  0.466145
  0.466125
  0.466104
  0.466084
  0.466063
  0.466042
  0.466022
  0.466001
  0.465979
  0.465958
  0.465937
  0.465915
  0.465894
  0.465872
  0.465850
  0.465828
  0.465806
  0.465784
  0.465761
  0.465739
  0.465716
  0.465693
  0.465670
  0.465647
  0.465624
  0.465601
  0.465577
  0.465554
  0.465530
  0.465506
  0.465482
  0.465458
  0.465434
  0.466666
  0.466649
  0.466632
  0.466615
  0.466597
  0.466580
  0.466562
  0.466544
  0.466526
  0.466508
  0.466490
  0.466472
  0.466453
  0.466435
  0.466416
  0.466398
  0.466379
  0.466360
  0.466341
  0.466322
  0.466303
  0.466284
  0.466264
  0.466245
  0.466225
  0.466205
  0.466185
  0.466165
  0.466145
  0.466125
  0.466104
  0.466084
  0.466063
  0.466042
  0.466022
  0.466001
  0.465979
  0.465958
  0.465937
  0.465915
  0.465894
  0.465872
  0.465850
  0.465828
  0.465806
  0.465784
  0.465761
  0.465739
  0.465716
  0.465693
  0.465670
  0.465647
  0.465624
  0.465601
  0.465577
  0.465554
  0.465530
  0.465506
  0.465482
  0.465458
  0.465434
  0.466666
  0.466649
  0.466632
  0.466615
  0.466597
  0.466580
  0.466562
  0.466544
  0.466526
  0.466508
  0.466490
  0.466472
  0.466453
  0.466435
  0.466416
  0.466398
  0.466379
  0.466360
  0.466341
  0.466322
  0.466303
  0.466284
  0.466264
  0.466245
  0.466225
  0.466205
  0.466185
  0.466165
  0.466145
  0.466125
  0.466104
  0.466084
  0.466063
  0.466042
  0.466022
  0.466001
  0.465979
  0.465958
  0.465937
  0.465915
  0.465894
  0.465872
  0.465850
  0.465828
  0.465806
  0.465784
  0.465761
  0.465739
  0.465716
  0.465693
  0.465670
  0.465647
  0.465624
  0.465601
  0.465577
  0.465554
  0.465530
  0.465506
  0.465482
  0.465458
  0.465434
  0.466666
  0.466649
  0.466632
  0.466615
  0.466597
  0.466580
  0.466562
  0.466544
  0.466526
  0.466508
  0.466490
  0.466472
  0.466453
  0.466435
  0.466416
  0.466398
  0.466379
  0.466360
  0.466341
  0.466322
  0.466303
  0.466284
  0.466264
  0.466245
  0.466225
  0.466205
  0.466185
  0.466165
  0.466145
  0.466125
  0.466104
  0.466084
  0.466063
  0.466042
  0.466022
  0.466001
  0.465979
  0.465958
  0.465937
  0.465915
  0.465894
  0.465872
  0.465850
  0.465828
  0.465806
  0.465784
  0.465761
  0.465739
  0.465716
  0.465693
  0.465670
  0.465647
  0.465624
  0.465601
  0.465577
  0.465554
  0.465530
  0.465506
  0.465482
  0.465458
  0.465434
  0.466666
  0.466649
  0.466632
  0.466615
  0.466597
  0.466580
  0.466562
  0.466544
  0.466526
  0.466508
  0.466490
  0.466472
  0.466453
  0.466435
  0.466416
  0.466398
  0.466379
  0.466360
  0.466341
  0.466322
  0.466303
  0.466284
  0.466264
  0.466245
  0.466225
  0.466205
  0.466185
  0.466165
  0.466145
  0.466125
  0.466104
  0.466084
  0.466063
  0.466042
  0.466022
  0.466001
  0.465979
  0.465958
  0.465937
  0.465915
  0.465894
  0.465872
  0.465850
  0.465828
  0.465806
  0.465784
  0.465761
  0.465739
  0.465716
  0.465693
  0.465670
  0.465647
  0.465624
  0.465601
  0.465577
  0.465554
  0.465530
  0.465506
  0.465482
  0.465458
  0.465434
  0.466666
  0.466649
  0.466632
  0.466615
  0.466597
  0.466580
  0.466562
  0.466544
  0.466526
  0.466508
  0.466490
  0.466472
  0.466453
  0.466435
  0.466416
  0.466398
  0.466379
  0.466360
  0.466341
  0.466322
  0.466303
  0.466284
  0.466264
  0.466245
  0.466225
  0.466205
  0.466185
  0.466165
  0.466145
  0.466125
  0.466104
  0.466084
  0.466063
  0.466042
  0.466022
  0.466001
  0.465979
  0.465958
  0.465937
  0.465915
  0.465894
  0.465872
  0.465850
  0.465828
  0.465806
  0.465784
  0.465761
  0.465739
  0.465716
  0.465693
  0.465670
  0.465647
  0.465624
  0.465601
  0.465577
  0.465554
  0.465530
  0.465506
  0.465482
  0.465458
  0.465434
  0.466666
  0.466649
  0.466632
  0.466615
  0.466597
  0.466580
  0.466562
  0.466544
  0.466526
  0.466508
  0.466490
  0.466472
  0.466453
  0.466435
  0.466416
  0.466398
  0.466379
  0.466360
  0.466341
  0.466322
  0.466303
  0.466284
  0.466264
  0.466245
  0.466225
  0.466205
  0.466185
  0.466165
  0.466145
  0.466125
  0.466104
  0.466084
  0.466063
  0.466042
  0.466022
  0.466001
  0.465979
  0.465958
  0.465937
  0.465915
  0.465894
  0.465872
  0.465850
  0.465828
  0.465806
  0.465784
  0.465761
  0.465739
  0.465716
  0.465693
  0.465670
  0.465647
  0.465624
  0.465601
  0.465577
  0.465554
  0.465530
  0.465506
  0.465482
  0.465458
  0.465434
  0.466666
  0.466649
  0.466632
  0.466615
  0.466597
  0.466580
  0.466562
  0.466544
  0.466526
  0.466508
  0.466490
  0.466472
  0.466453
  0.466435
  0.466416
  0.466398
  0.466379
  0.466360
  0.466341
  0.466322
  0.466303
  0.466284
  0.466264
  0.466245
  0.466225
  0.466205
  0.466185
  0.466165
  0.466145
  0.466125
  0.466104
  0.466084
  0.466063
  0.466042
  0.466022
  0.466001
  0.465979
  0.465958
  0.465937
  0.465915
  0.465894
  0.465872
  0.465850
  0.465828
  0.465806
  0.465784
  0.465761
  0.465739
  0.465716
  0.465693
  0.465670
  0.465647
  0.465624
  0.465601
  0.465577
  0.465554
  0.465530
  0.465506
  0.465482
  0.465458
  0.465434
  0.466666
  0.466649
  0.466632
  0.466615
  0.466597
  0.466580
  0.466562
  0.466544
  0.466526
  0.466508
  0.466490
  0.466472
  0.466453
  0.466435
  0.466416
  0.466398
  0.466379
  0.466360
  0.466341
  0.466322
  0.466303
  0.466284
  0.466264
  0.466245
  0.466225
  0.466205
  0.466185
  0.466165
  0.466145
  0.466125
  0.466104
  0.466084
  0.466063
  0.466042
  0.466022
  0.466001
  0.465979
  0.465958
  0.465937
  0.465915
  0.465894
  0.465872
  0.465850
  0.465828
  0.465806
  0.465784
  0.465761
  0.465739
  0.465716
  0.465693
  0.465670
  0.465647
  0.465624
  0.465601
  0.465577
  0.465554
  0.465530
  0.465506
  0.465482
  0.465458
  0.465434
  0.466666
  0.466649
  0.466632
  0.466615
  0.466597
  0.466580
  0.466562
  0.466544
  0.466526
  0.466508
  0.466490
  0.466472
  0.466453
  0.466435
  0.466416
  0.466398
  0.466379
  0.466360
  0.466341
  0.466322
  0.466303
  0.466284
  0.466264
  0.466245
  0.466225
  0.466205
  0.466185
  0.466165
  0.466145
  0.466125
  0.466104
  0.466084
  0.466063
  0.466042
  0.466022
  0.466001
  0.465979
  0.465958
  0.465937
  0.465915
  0.465894
  0.465872
  0.465850
  0.465828
  0.465806
  0.465784
  0.465761
  0.465739
  0.465716
  0.465693
  0.465670
  0.465647
  0.465624
  0.465601
  0.465577
  0.465554
  0.465530
  0.465506
  0.465482
  0.465458
  0.465434
  0.466666
  0.466649
  0.466632
  0.466615
  0.466597
  0.466580
  0.466562
  0.466544
  0.466526
  0.466508
  0.466490
  0.466472
  0.466453
  0.466435
  0.466416
  0.466398
  0.466379
  0.466360
  0.466341
  0.466322
  0.466303
  0.466284
  0.466264
  0.466245
  0.466225
  0.466205
  0.466185
  0.466165
  0.466145
  0.466125
  0.466104
  0.466084
  0.466063
  0.466042
  0.466022
  0.466001
  0.465979
  0.465958
  0.465937
  0.465915
  0.465894
  0.465872
  0.465850
  0.465828
  0.465806
  0.465784
  0.465761
  0.465739
  0.465716
  0.465693
  0.465670
  0.465647
  0.465624
  0.465601
  0.465577
  0.465554
  0.465530
  0.465506
  0.465482
  0.465458
  0.465434
  0.466666
  0.466649
  0.466632
  0.466615
  0.466597
  0.466580
  0.466562
  0.466544
  0.466526
  0.466508
  0.466490
  0.466472
  0.466453
  0.466435
  0.466416
  0.466398
  0.466379
  0.466360
  0.466341
  0.466322
  0.466303
  0.466284
  0.466264
  0.466245
  0.466225
  0.466205
  0.466185
  0.466165
  0.466145
  0.466125
  0.466104
  0.466084
  0.466063
  0.466042
  0.466022
  0.466001
  0.465979
  0.465958
  0.465937
  0.465915
  0.465894
  0.465872
  0.465850
  0.465828
  0.465806
  0.465784
  0.465761
  0.465739
  0.465716
  0.465693
  0.465670
  0.465647
  0.465624
  0.465601
  0.465577
  0.465554
  0.465530
  0.465506
  0.465482
  0.465458
  0.465434
  0.466666
  0.466649
  0.466632
  0.466615
  0.466597
  0.466580
  0.466562
  0.466544
  0.466526
  0.466508
  0.466490
  0.466472
  0.466453
  0.466435
  0.466416
  0.466398
  0.466379
  0.466360
  0.466341
  0.466322
  0.466303
  0.466284
  0.466264
  0.466245
  0.466225
  0.466205
  0.466185
  0.466165
  0.466145
  0.466125
  0.466104
  0.466084
  0.466063
  0.466042
  0.466022
  0.466001
  0.465979
  0.465958
  0.465937
  0.465915
  0.465894
  0.465872
  0.465850
  0.465828
  0.465806
  0.465784
  0.465761
  0.465739
  0.465716
  0.465693
  0.465670
  0.465647
  0.465624
  0.465601
  0.465577
  0.465554
  0.465530
  0.465506
  0.465482
  0.465458
  0.465434
  0.466666
  0.466649
  0.466632
  0.466615
  0.466597
  0.466580
  0.466562
  0.466544
  0.466526
  0.466508
  0.466490
  0.466472
  0.466453
  0.466435
  0.466416
  0.466398
  0.466379
  0.466360
  0.466341
  0.466322
  0.466303
  0.466284
  0.466264
  0.466245
  0.466225
  0.466205
  0.466185
  0.466165
  0.466145
  0.466125
  0.466104
  0.466084
  0.466063
  0.466042
  0.466022
  0.466001
  0.465979
  0.465958
  0.465937
  0.465915
  0.465894
  0.465872
  0.465850
  0.465828
  0.465806
  0.465784
  0.465761
  0.465739
  0.465716
  0.465693
  0.465670
  0.465647
  0.465624
  0.465601
  0.465577
  0.465554
  0.465530
  0.465506
  0.465482
  0.465458
  0.465434
  0.466666
  0.466649
  0.466632
  0.466615
  0.466597
  0.466580
  0.466562
  0.466544
  0.466526
  0.466508
  0.466490
  0.466472
  0.466453
  0.466435
  0.466416
  0.466398
  0.466379
  0.466360
  0.466341
  0.466322
  0.466303
  0.466284
  0.466264
  0.466245
  0.466225
  0.466205
  0.466185
  0.466165
  0.466145
  0.466125
  0.466104
  0.466084
  0.466063
  0.466042
  0.466022
  0.466001
  0.465979
  0.465958
  0.465937
  0.465915
  0.465894
  0.465872
  0.465850
  0.465828
  0.465806
  0.465784
  0.465761
  0.465739
  0.465716
  0.465693
  0.465670
  0.465647
  0.465624
  0.465601
  0.465577
  0.465554
  0.465530
  0.465506
  0.465482
  0.465458
  0.465434
  0.466666
  0.466649
  0.466632
  0.466615
  0.466597
  0.466580
  0.466562
  0.466544
  0.466526
  0.466508
  0.466490
  0.466472
  0.466453
  0.466435
  0.466416
  0.466398
  0.466379
  0.466360
  0.466341
  0.466322
  0.466303
  0.466284
  0.466264
  0.466245
  0.466225
  0.466205
  0.466185
  0.466165
  0.466145
  0.466125
  0.466104
  0.466084
  0.466063
  0.466042
  0.466022
  0.466001
  0.465979
  0.465958
  0.465937
  0.465915
  0.465894
  0.465872
  0.465850
  0.465828
  0.465806
  0.465784
  0.465761
  0.465739
  0.465716
  0.465693
  0.465670
  0.465647
  0.465624
  0.465601
  0.465577
  0.465554
  0.465530
  0.465506
  0.465482
  0.465458
  0.465434
  0.466666
  0.466649
  0.466632
  0.466615
  0.466597
  0.466580
  0.466562
  0.466544
  0.466526
  0.466508
  0.466490
  0.466472
  0.466453
  0.466435
  0.466416
  0.466398
  0.466379
  0.466360
  0.466341
  0.466322
  0.466303
  0.466284
  0.466264
  0.466245
  0.466225
  0.466205
  0.466185
  0.466165
  0.466145
  0.466125
  0.466104
  0.466084
  0.466063
  0.466042
  0.466022
  0.466001
  0.465979
  0.465958
  0.465937
  0.465915
  0.465894
  0.465872
  0.465850
  0.465828
  0.465806
  0.465784
  0.465761
  0.465739
  0.465716
  0.465693
  0.465670
  0.465647
  0.465624
  0.465601
  0.465577
  0.465554
  0.465530
  0.465506
  0.465482
  0.465458
  0.465434
  0.466666
  0.466649
  0.466632
  0.466615
  0.466597
  0.466580
  0.466562
  0.466544
  0.466526
  0.466508
  0.466490
  0.466472
  0.466453
  0.466435
  0.466416
  0.466398
  0.466379
  0.466360
  0.466341
  0.466322
  0.466303
  0.466284
  0.466264
  0.466245
  0.466225
  0.466205
  0.466185
  0.466165
  0.466145
  0.466125
  0.466104
  0.466084
  0.466063
  0.466042
  0.466022
  0.466001
  0.465979
  0.465958
  0.465937
  0.465915
  0.465894
  0.465872
  0.465850
  0.465828
  0.465806
  0.465784
  0.465761
  0.465739
  0.465716
  0.465693
  0.465670
  0.465647
  0.465624
  0.465601
  0.465577
  0.465554
  0.465530
  0.465506
  0.465482
  0.465458
  0.465434
  0.466666
  0.466649
  0.466632
  0.466615
  0.466597
  0.466580
  0.466562
  0.466544
  0.466526
  0.466508
  0.466490
  0.466472
  0.466453
  0.466435
  0.466416
  0.466398
  0.466379
  0.466360
  0.466341
  0.466322
  0.466303
  0.466284
  0.466264
  0.466245
  0.466225
  0.466205
  0.466185
  0.466165
  0.466145
  0.466125
  0.466104
  0.466084
  0.466063
  0.466042
  0.466022
  0.466001
  0.465979
  0.465958
  0.465937
  0.465915
  0.465894
  0.465872
  0.465850
  0.465828
  0.465806
  0.465784
  0.465761
  0.465739
  0.465716
  0.465693
  0.465670
  0.465647
  0.465624
  0.465601
  0.465577
  0.465554
  0.465530
  0.465506
  0.465482
  0.465458
  0.465434
  0.466666
  0.466649
  0.466632
  0.466615
  0.466597
  0.466580
  0.466562
  0.466544
  0.466526
  0.466508
  0.466490
  0.466472
  0.466453
  0.466435
  0.466416
  0.466398
  0.466379
  0.466360
  0.466341
  0.466322
  0.466303
  0.466284
  0.466264
  0.466245
  0.466225
  0.466205
  0.466185
  0.466165
  0.466145
  0.466125
  0.466104
  0.466084
  0.466063
  0.466042
  0.466022
  0.466001
  0.465979
  0.465958
  0.465937
  0.465915
  0.465894
  0.465872
  0.465850
  0.465828
  0.465806
  0.465784
  0.465761
  0.465739
  0.465716
  0.465693
  0.465670
  0.465647
  0.465624
  0.465601
  0.465577
  0.465554
  0.465530
  0.465506
  0.465482
  0.465458
  0.465434
  0.466666
  0.466649
  0.466632
  0.466615
  0.466597
  0.466580
  0.466562
  0.466544
  0.466526
  0.466508
  0.466490
  0.466472
  0.466453
  0.466435
  0.466416
  0.466398
  0.466379
  0.466360
  0.466341
  0.466322
  0.466303
  0.466284
  0.466264
  0.466245
  0.466225
  0.466205
  0.466185
  0.466165
  0.466145
  0.466125
  0.466104
  0.466084
  0.466063
  0.466042
  0.466022
  0.466001
  0.465979
  0.465958
  0.465937
  0.465915
  0.465894
  0.465872
  0.465850
  0.465828
  0.465806
  0.465784
  0.465761
  0.465739
  0.465716
  0.465693
  0.465670
  0.465647
  0.465624
  0.465601
  0.465577
  0.465554
  0.465530
  0.465506
  0.465482
  0.465458
  0.465434
  0.466666
  0.466649
  0.466632
  0.466615
  0.466597
  0.466580
  0.466562
  0.466544
  0.466526
  0.466508
  0.466490
  0.466472
  0.466453
  0.466435
  0.466416
  0.466398
  0.466379
  0.466360
  0.466341
  0.466322
  0.466303
  0.466284
  0.466264
  0.466245
  0.466225
  0.466205
  0.466185
  0.466165
  0.466145
  0.466125
  0.466104
  0.466084
  0.466063
  0.466042
  0.466022
  0.466001
  0.465979
  0.465958
  0.465937
  0.465915
  0.465894
  0.465872
  0.465850
  0.465828
  0.465806
  0.465784
  0.465761
  0.465739
  0.465716
  0.465693
  0.465670
  0.465647
  0.465624
  0.465601
  0.465577
  0.465554
  0.465530
  0.465506
  0.465482
  0.465458
  0.465434
  0.000000
  0.000000
  0.000000
  0.000000
  0.000000
  0.000000
  0.000000
  0.000000
  0.000000
  0.000000
  0.000000
  0.000000
  0.000000
  0.000000
  0.000000
  0.000000
  0.000000
  0.000000
  0.000000
  0.000000
  0.000000
  0.000000
  0.000000
  0.000000
  0.000000
  0.000000
  0.000000
  0.000000
  0.000000
  0.000000
  0.000000
  0.000000
  0.000000
  0.000000
  0.000000
  0.000000
  0.000000
  0.000000
  0.000000
  0.000000
  0.000000
  0.000000
  0.000000
  0.000000
  0.000000
  0.000000
  0.000000
  0.000000
  0.000000
  0.000000
  0.000000
  0.000000
  0.000000
  0.000000
  0.000000
  0.000000
  0.000000
  0.000000
  0.000000
  0.000000
  0.000000
  0.000000
  0.000000
  0.000000
  0.000000
  0.000000
  0.000000
  0.000000
  0.000000
  0.000000
  0.000000
  0.000000
  0.000000
  0.000000
  0.000000
  0.000000
  0.000000
  0.000000
  0.000000
  0.000000
  0.000000
  0.000000
  0.000000
  0.000000
  0.000000
  0.000000
  0.000000
  0.000000
  0.000000
  0.000000
  0.000000
  0.000000
  0.000000
  0.000000
  0.000000
  0.000000
  0.000000
  0.000000
  0.000000
  0.000000
  0.000000
  0.000000
  0.000000
  0.000000
  0.000000
  0.000000
  0.000000
  0.000000
  0.000000
  0.000000
  0.000000
  0.000000
  0.000000
  0.000000
  0.000000
  0.000000
  0.000000
  0.000000
  0.000000
  0.000000
  0.000000
  0.000000
  0.000000
  0.000000
  0.000000
  0.000000
  0.000000
  0.000000
  0.000000
  0.000000
  0.000000
  0.000000
  0.000000
  0.000000
  0.000000
  0.000000
  0.000000
  0.000000
  0.000000
  0.000000
  0.000000
  0.000000
  0.000000
  0.000000
  0.000000
  0.000000
  0.000000
  0.000000
  0.000000
  0.000000
  0.000000
  0.000000
  0.000000
  0.000000
  0.000000
  0.000000
  0.000000
  0.000000
  0.000000
  0.000000
  0.000000
  0.000000
  0.000000
  0.000000
  0.000000
  0.000000
  0.000000
  0.000000
  0.000000
  0.000000
  0.000000
  0.000000
  0.000000
  0.000000
  0.000000
  0.000000
  0.000000
  0.000000
  0.000000
  0.000000
  0.000000
  0.000000
  0.000000
