  0.000000
  9.000000
 18.000000
 27.000000
 36.000000
 45.000000
 54.000000
 63.000000
 72.000000
 81.000000
 90.000000
 99.000000
108.000000
117.000000
126.000000
135.000000
144.000000
153.000000
162.000000
171.000000
180.000000
189.000000
198.000000
207.000000
216.000000
225.000000
234.000000
243.000000
252.000000
261.000000
270.000000
279.000000
288.000000
297.000000
306.000000
315.000000
324.000000
333.000000
342.000000
351.000000
360.000000
369.000000
378.000000
387.000000
396.000000
405.000000
414.000000
423.000000
432.000000
441.000000
450.000000
459.000000
468.000000
477.000000
486.000000
495.000000
504.000000
513.000000
522.000000
531.000000
540.000000
