0 0 0 0 0 0 0 0 0 0 0 0 0 0 0 0 0 0 0 0 0 0 0 0 0 0 0 0 0 0
0 0.133 0.133 0.133 0.133 0.133 0.133 0.133 0.133 0.133 0.133 0.133 0.133 0.133 0.133 0.133 0.133 0.133 0.133 0.133 0.133 0.133 0.133 0.133 0.133 0.133 0.133 0.133 0.133 0
0 0.133228571 0.133228571 0.133228571 0.133228571 0.133228571 0.133228571 0.133228571 0.133228571 0.133228571 0.133228571 0.133228571 0.133228571 0.133228571 0.133228571 0.133228571 0.133228571 0.133228571 0.133228571 0.133228571 0.133228571 0.133228571 0.133228571 0.133228571 0.133228571 0.133228571 0.133228571 0.133228571 0.133228571 0
0 0.133457142 0.133457142 0.133457142 0.133457142 0.133457142 0.133457142 0.133457142 0.133457142 0.133457142 0.133457142 0.133457142 0.133457142 0.133457142 0.133457142 0.133457142 0.133457142 0.133457142 0.133457142 0.133457142 0.133457142 0.133457142 0.133457142 0.133457142 0.133457142 0.133457142 0.133457142 0.133457142 0.133457142 0
0 0.133685713 0.133685713 0.133685713 0.133685713 0.133685713 0.133685713 0.133685713 0.133685713 0.133685713 0.133685713 0.133685713 0.133685713 0.133685713 0.133685713 0.133685713 0.133685713 0.133685713 0.133685713 0.133685713 0.133685713 0.133685713 0.133685713 0.133685713 0.133685713 0.133685713 0.133685713 0.133685713 0.133685713 0
0 0.133914284 0.133914284 0.133914284 0.133914284 0.133914284 0.133914284 0.133914284 0.133914284 0.133914284 0.133914284 0.133914284 0.133914284 0.133914284 0.133914284 0.133914284 0.133914284 0.133914284 0.133914284 0.133914284 0.133914284 0.133914284 0.133914284 0.133914284 0.133914284 0.133914284 0.133914284 0.133914284 0.133914284 0
0 0.134142855 0.134142855 0.134142855 0.134142855 0.134142855 0.134142855 0.134142855 0.134142855 0.134142855 0.134142855 0.134142855 0.134142855 0.134142855 0.134142855 0.134142855 0.134142855 0.134142855 0.134142855 0.134142855 0.134142855 0.134142855 0.134142855 0.134142855 0.134142855 0.134142855 0.134142855 0.134142855 0.134142855 0
0 0.134371426 0.134371426 0.134371426 0.134371426 0.134371426 0.134371426 0.134371426 0.134371426 0.134371426 0.134371426 0.134371426 0.134371426 0.134371426 0.134371426 0.134371426 0.134371426 0.134371426 0.134371426 0.134371426 0.134371426 0.134371426 0.134371426 0.134371426 0.134371426 0.134371426 0.134371426 0.134371426 0.134371426 0
0 0.134599997 0.134599997 0.134599997 0.134599997 0.134599997 0.134599997 0.134599997 0.134599997 0.134599997 0.134599997 0.134599997 0.134599997 0.134599997 0.134599997 0.134599997 0.134599997 0.134599997 0.134599997 0.134599997 0.134599997 0.134599997 0.134599997 0.134599997 0.134599997 0.134599997 0.134599997 0.134599997 0.134599997 0
0 0.134828568 0.134828568 0.134828568 0.134828568 0.134828568 0.134828568 0.134828568 0.134828568 0.134828568 0.134828568 0.134828568 0.134828568 0.134828568 0.134828568 0.134828568 0.134828568 0.134828568 0.134828568 0.134828568 0.134828568 0.134828568 0.134828568 0.134828568 0.134828568 0.134828568 0.134828568 0.134828568 0.134828568 0
0 0.135057139 0.135057139 0.135057139 0.135057139 0.135057139 0.135057139 0.135057139 0.135057139 0.135057139 0.135057139 0.135057139 0.135057139 0.135057139 0.135057139 0.135057139 0.135057139 0.135057139 0.135057139 0.135057139 0.135057139 0.135057139 0.135057139 0.135057139 0.135057139 0.135057139 0.135057139 0.135057139 0.135057139 0
0 0.13528571 0.13528571 0.13528571 0.13528571 0.13528571 0.13528571 0.13528571 0.13528571 0.13528571 0.13528571 0.13528571 0.13528571 0.13528571 0.13528571 0.13528571 0.13528571 0.13528571 0.13528571 0.13528571 0.13528571 0.13528571 0.13528571 0.13528571 0.13528571 0.13528571 0.13528571 0.13528571 0.13528571 0
0 0.135514281 0.135514281 0.135514281 0.135514281 0.135514281 0.135514281 0.135514281 0.135514281 0.135514281 0.135514281 0.135514281 0.135514281 0.135514281 0.135514281 0.135514281 0.135514281 0.135514281 0.135514281 0.135514281 0.135514281 0.135514281 0.135514281 0.135514281 0.135514281 0.135514281 0.135514281 0.135514281 0.135514281 0
0 0.135742852 0.135742852 0.135742852 0.135742852 0.135742852 0.135742852 0.135742852 0.135742852 0.135742852 0.135742852 0.135742852 0.135742852 0.135742852 0.135742852 0.135742852 0.135742852 0.135742852 0.135742852 0.135742852 0.135742852 0.135742852 0.135742852 0.135742852 0.135742852 0.135742852 0.135742852 0.135742852 0.135742852 0
0 0.135971423 0.135971423 0.135971423 0.135971423 0.135971423 0.135971423 0.135971423 0.135971423 0.135971423 0.135971423 0.135971423 0.135971423 0.135971423 0.135971423 0.135971423 0.135971423 0.135971423 0.135971423 0.135971423 0.135971423 0.135971423 0.135971423 0.135971423 0.135971423 0.135971423 0.135971423 0.135971423 0.135971423 0
0 0.136199994 0.136199994 0.136199994 0.136199994 0.136199994 0.136199994 0.136199994 0.136199994 0.136199994 0.136199994 0.136199994 0.136199994 0.136199994 0.136199994 0.136199994 0.136199994 0.136199994 0.136199994 0.136199994 0.136199994 0.136199994 0.136199994 0.136199994 0.136199994 0.136199994 0.136199994 0.136199994 0.136199994 0
0 0.136428565 0.136428565 0.136428565 0.136428565 0.136428565 0.136428565 0.136428565 0.136428565 0.136428565 0.136428565 0.136428565 0.136428565 0.136428565 0.136428565 0.136428565 0.136428565 0.136428565 0.136428565 0.136428565 0.136428565 0.136428565 0.136428565 0.136428565 0.136428565 0.136428565 0.136428565 0.136428565 0.136428565 0
0 0.136657136 0.136657136 0.136657136 0.136657136 0.136657136 0.136657136 0.136657136 0.136657136 0.136657136 0.136657136 0.136657136 0.136657136 0.136657136 0.136657136 0.136657136 0.136657136 0.136657136 0.136657136 0.136657136 0.136657136 0.136657136 0.136657136 0.136657136 0.136657136 0.136657136 0.136657136 0.136657136 0.136657136 0
0 0.136885707 0.136885707 0.136885707 0.136885707 0.136885707 0.136885707 0.136885707 0.136885707 0.136885707 0.136885707 0.136885707 0.136885707 0.136885707 0.136885707 0.136885707 0.136885707 0.136885707 0.136885707 0.136885707 0.136885707 0.136885707 0.136885707 0.136885707 0.136885707 0.136885707 0.136885707 0.136885707 0.136885707 0
0 0.137114278 0.137114278 0.137114278 0.137114278 0.137114278 0.137114278 0.137114278 0.137114278 0.137114278 0.137114278 0.137114278 0.137114278 0.137114278 0.137114278 0.137114278 0.137114278 0.137114278 0.137114278 0.137114278 0.137114278 0.137114278 0.137114278 0.137114278 0.137114278 0.137114278 0.137114278 0.137114278 0.137114278 0
0 0.137342849 0.137342849 0.137342849 0.137342849 0.137342849 0.137342849 0.137342849 0.137342849 0.137342849 0.137342849 0.137342849 0.137342849 0.137342849 0.137342849 0.137342849 0.137342849 0.137342849 0.137342849 0.137342849 0.137342849 0.137342849 0.137342849 0.137342849 0.137342849 0.137342849 0.137342849 0.137342849 0.137342849 0
0 0.13757142 0.13757142 0.13757142 0.13757142 0.13757142 0.13757142 0.13757142 0.13757142 0.13757142 0.13757142 0.13757142 0.13757142 0.13757142 0.13757142 0.13757142 0.13757142 0.13757142 0.13757142 0.13757142 0.13757142 0.13757142 0.13757142 0.13757142 0.13757142 0.13757142 0.13757142 0.13757142 0.13757142 0
0 0.137799991 0.137799991 0.137799991 0.137799991 0.137799991 0.137799991 0.137799991 0.137799991 0.137799991 0.137799991 0.137799991 0.137799991 0.137799991 0.137799991 0.137799991 0.137799991 0.137799991 0.137799991 0.137799991 0.137799991 0.137799991 0.137799991 0.137799991 0.137799991 0.137799991 0.137799991 0.137799991 0.137799991 0
0 0.138028562 0.138028562 0.138028562 0.138028562 0.138028562 0.138028562 0.138028562 0.138028562 0.138028562 0.138028562 0.138028562 0.138028562 0.138028562 0.138028562 0.138028562 0.138028562 0.138028562 0.138028562 0.138028562 0.138028562 0.138028562 0.138028562 0.138028562 0.138028562 0.138028562 0.138028562 0.138028562 0.138028562 0
0 0.138257133 0.138257133 0.138257133 0.138257133 0.138257133 0.138257133 0.138257133 0.138257133 0.138257133 0.138257133 0.138257133 0.138257133 0.138257133 0.138257133 0.138257133 0.138257133 0.138257133 0.138257133 0.138257133 0.138257133 0.138257133 0.138257133 0.138257133 0.138257133 0.138257133 0.138257133 0.138257133 0.138257133 0
0 0.138485704 0.138485704 0.138485704 0.138485704 0.138485704 0.138485704 0.138485704 0.138485704 0.138485704 0.138485704 0.138485704 0.138485704 0.138485704 0.138485704 0.138485704 0.138485704 0.138485704 0.138485704 0.138485704 0.138485704 0.138485704 0.138485704 0.138485704 0.138485704 0.138485704 0.138485704 0.138485704 0.138485704 0
0 0.138714275 0.138714275 0.138714275 0.138714275 0.138714275 0.138714275 0.138714275 0.138714275 0.138714275 0.138714275 0.138714275 0.138714275 0.138714275 0.138714275 0.138714275 0.138714275 0.138714275 0.138714275 0.138714275 0.138714275 0.138714275 0.138714275 0.138714275 0.138714275 0.138714275 0.138714275 0.138714275 0.138714275 0
0 0.138942846 0.138942846 0.138942846 0.138942846 0.138942846 0.138942846 0.138942846 0.138942846 0.138942846 0.138942846 0.138942846 0.138942846 0.138942846 0.138942846 0.138942846 0.138942846 0.138942846 0.138942846 0.138942846 0.138942846 0.138942846 0.138942846 0.138942846 0.138942846 0.138942846 0.138942846 0.138942846 0.138942846 0
0 0.139171417 0.139171417 0.139171417 0.139171417 0.139171417 0.139171417 0.139171417 0.139171417 0.139171417 0.139171417 0.139171417 0.139171417 0.139171417 0.139171417 0.139171417 0.139171417 0.139171417 0.139171417 0.139171417 0.139171417 0.139171417 0.139171417 0.139171417 0.139171417 0.139171417 0.139171417 0.139171417 0.139171417 0
0 0.139399988 0.139399988 0.139399988 0.139399988 0.139399988 0.139399988 0.139399988 0.139399988 0.139399988 0.139399988 0.139399988 0.139399988 0.139399988 0.139399988 0.139399988 0.139399988 0.139399988 0.139399988 0.139399988 0.139399988 0.139399988 0.139399988 0.139399988 0.139399988 0.139399988 0.139399988 0.139399988 0.139399988 0
0 0.139628559 0.139628559 0.139628559 0.139628559 0.139628559 0.139628559 0.139628559 0.139628559 0.139628559 0.139628559 0.139628559 0.139628559 0.139628559 0.139628559 0.139628559 0.139628559 0.139628559 0.139628559 0.139628559 0.139628559 0.139628559 0.139628559 0.139628559 0.139628559 0.139628559 0.139628559 0.139628559 0.139628559 0
0 0.13985713 0.13985713 0.13985713 0.13985713 0.13985713 0.13985713 0.13985713 0.13985713 0.13985713 0.13985713 0.13985713 0.13985713 0.13985713 0.13985713 0.13985713 0.13985713 0.13985713 0.13985713 0.13985713 0.13985713 0.13985713 0.13985713 0.13985713 0.13985713 0.13985713 0.13985713 0.13985713 0.13985713 0
0 0.140085701 0.140085701 0.140085701 0.140085701 0.140085701 0.140085701 0.140085701 0.140085701 0.140085701 0.140085701 0.140085701 0.140085701 0.140085701 0.140085701 0.140085701 0.140085701 0.140085701 0.140085701 0.140085701 0.140085701 0.140085701 0.140085701 0.140085701 0.140085701 0.140085701 0.140085701 0.140085701 0.140085701 0
0 0.140314272 0.140314272 0.140314272 0.140314272 0.140314272 0.140314272 0.140314272 0.140314272 0.140314272 0.140314272 0.140314272 0.140314272 0.140314272 0.140314272 0.140314272 0.140314272 0.140314272 0.140314272 0.140314272 0.140314272 0.140314272 0.140314272 0.140314272 0.140314272 0.140314272 0.140314272 0.140314272 0.140314272 0
0 0.140542843 0.140542843 0.140542843 0.140542843 0.140542843 0.140542843 0.140542843 0.140542843 0.140542843 0.140542843 0.140542843 0.140542843 0.140542843 0.140542843 0.140542843 0.140542843 0.140542843 0.140542843 0.140542843 0.140542843 0.140542843 0.140542843 0.140542843 0.140542843 0.140542843 0.140542843 0.140542843 0.140542843 0
0 0.140771414 0.140771414 0.140771414 0.140771414 0.140771414 0.140771414 0.140771414 0.140771414 0.140771414 0.140771414 0.140771414 0.140771414 0.140771414 0.140771414 0.140771414 0.140771414 0.140771414 0.140771414 0.140771414 0.140771414 0.140771414 0.140771414 0.140771414 0.140771414 0.140771414 0.140771414 0.140771414 0.140771414 0
0 0.140999985 0.140999985 0.140999985 0.140999985 0.140999985 0.140999985 0.140999985 0.140999985 0.140999985 0.140999985 0.140999985 0.140999985 0.140999985 0.140999985 0.140999985 0.140999985 0.140999985 0.140999985 0.140999985 0.140999985 0.140999985 0.140999985 0.140999985 0.140999985 0.140999985 0.140999985 0.140999985 0.140999985 0
0 0.141281235 0.141281235 0.141281235 0.141281235 0.141281235 0.141281235 0.141281235 0.141281235 0.141281235 0.141281235 0.141281235 0.141281235 0.141281235 0.141281235 0.141281235 0.141281235 0.141281235 0.141281235 0.141281235 0.141281235 0.141281235 0.141281235 0.141281235 0.141281235 0.141281235 0.141281235 0.141281235 0.141281235 0
0 0.141562485 0.141562485 0.141562485 0.141562485 0.141562485 0.141562485 0.141562485 0.141562485 0.141562485 0.141562485 0.141562485 0.141562485 0.141562485 0.141562485 0.141562485 0.141562485 0.141562485 0.141562485 0.141562485 0.141562485 0.141562485 0.141562485 0.141562485 0.141562485 0.141562485 0.141562485 0.141562485 0.141562485 0
0 0.141843735 0.141843735 0.141843735 0.141843735 0.141843735 0.141843735 0.141843735 0.141843735 0.141843735 0.141843735 0.141843735 0.141843735 0.141843735 0.141843735 0.141843735 0.141843735 0.141843735 0.141843735 0.141843735 0.141843735 0.141843735 0.141843735 0.141843735 0.141843735 0.141843735 0.141843735 0.141843735 0.141843735 0
0 0.142124985 0.142124985 0.142124985 0.142124985 0.142124985 0.142124985 0.142124985 0.142124985 0.142124985 0.142124985 0.142124985 0.142124985 0.142124985 0.142124985 0.142124985 0.142124985 0.142124985 0.142124985 0.142124985 0.142124985 0.142124985 0.142124985 0.142124985 0.142124985 0.142124985 0.142124985 0.142124985 0.142124985 0
0 0.142406235 0.142406235 0.142406235 0.142406235 0.142406235 0.142406235 0.142406235 0.142406235 0.142406235 0.142406235 0.142406235 0.142406235 0.142406235 0.142406235 0.142406235 0.142406235 0.142406235 0.142406235 0.142406235 0.142406235 0.142406235 0.142406235 0.142406235 0.142406235 0.142406235 0.142406235 0.142406235 0.142406235 0
0 0.142687485 0.142687485 0.142687485 0.142687485 0.142687485 0.142687485 0.142687485 0.142687485 0.142687485 0.142687485 0.142687485 0.142687485 0.142687485 0.142687485 0.142687485 0.142687485 0.142687485 0.142687485 0.142687485 0.142687485 0.142687485 0.142687485 0.142687485 0.142687485 0.142687485 0.142687485 0.142687485 0 0
0 0.142968735 0.142968735 0.142968735 0.142968735 0.142968735 0.142968735 0.142968735 0.142968735 0.142968735 0.142968735 0.142968735 0.142968735 0.142968735 0.142968735 0.142968735 0.142968735 0.142968735 0.142968735 0.142968735 0.142968735 0.142968735 0.142968735 0.142968735 0.142968735 0.142968735 0.142968735 0 0 0
0 0.143249985 0.143249985 0.143249985 0.143249985 0.143249985 0.143249985 0.143249985 0.143249985 0.143249985 0.143249985 0.143249985 0.143249985 0.143249985 0.143249985 0.143249985 0.143249985 0.143249985 0.143249985 0.143249985 0.143249985 0.143249985 0.143249985 0.143249985 0.143249985 0.143249985 0 0 0 0
0 0.143531235 0.143531235 0.143531235 0.143531235 0.143531235 0.143531235 0.143531235 0.143531235 0.143531235 0.143531235 0.143531235 0.143531235 0.143531235 0.143531235 0.143531235 0.143531235 0.143531235 0.143531235 0.143531235 0.143531235 0.143531235 0.143531235 0.143531235 0.143531235 0 0 0 0 0
0 0.143812485 0.143812485 0.143812485 0.143812485 0.143812485 0.143812485 0.143812485 0.143812485 0.143812485 0.143812485 0.143812485 0.143812485 0.143812485 0.143812485 0.143812485 0.143812485 0.143812485 0.143812485 0.143812485 0.143812485 0.143812485 0.143812485 0.143812485 0 0 0 0 0 0
0 0.144093735 0.144093735 0.144093735 0.144093735 0.144093735 0.144093735 0.144093735 0.144093735 0.144093735 0.144093735 0.144093735 0.144093735 0.144093735 0.144093735 0.144093735 0.144093735 0.144093735 0.144093735 0.144093735 0.144093735 0.144093735 0.144093735 0 0 0 0 0 0 0
0 0.144374985 0.144374985 0.144374985 0.144374985 0.144374985 0.144374985 0.144374985 0.144374985 0.144374985 0.144374985 0.144374985 0.144374985 0.144374985 0.144374985 0.144374985 0.144374985 0.144374985 0.144374985 0.144374985 0.144374985 0.144374985 0.144374985 0 0 0 0 0 0 0
0 0.144656235 0.144656235 0.144656235 0.144656235 0.144656235 0.144656235 0.144656235 0.144656235 0.144656235 0.144656235 0.144656235 0.144656235 0.144656235 0.144656235 0.144656235 0.144656235 0.144656235 0.144656235 0.144656235 0.144656235 0.144656235 0 0 0 0 0 0 0 0
0 0.144937485 0.144937485 0.144937485 0.144937485 0.144937485 0.144937485 0.144937485 0.144937485 0.144937485 0.144937485 0.144937485 0.144937485 0.144937485 0.144937485 0.144937485 0.144937485 0.144937485 0.144937485 0.144937485 0.144937485 0 0 0 0 0 0 0 0 0
0 0.145218735 0.145218735 0.145218735 0.145218735 0.145218735 0.145218735 0.145218735 0.145218735 0.145218735 0.145218735 0.145218735 0.145218735 0.145218735 0.145218735 0.145218735 0.145218735 0.145218735 0.145218735 0.145218735 0 0 0 0 0 0 0 0 0 0
0 0.145499985 0.145499985 0.145499985 0.145499985 0.145499985 0.145499985 0.145499985 0.145499985 0.145499985 0.145499985 0.145499985 0.145499985 0.145499985 0.145499985 0.145499985 0.145499985 0.145499985 0.145499985 0 0 0 0 0 0 0 0 0 0 0
0 0.145781235 0.145781235 0.145781235 0.145781235 0.145781235 0.145781235 0.145781235 0.145781235 0.145781235 0.145781235 0.145781235 0.145781235 0.145781235 0.145781235 0.145781235 0.145781235 0.145781235 0.145781235 0 0 0 0 0 0 0 0 0 0 0
0 0.146062485 0.146062485 0.146062485 0.146062485 0.146062485 0.146062485 0.146062485 0.146062485 0.146062485 0.146062485 0.146062485 0.146062485 0.146062485 0.146062485 0.146062485 0.146062485 0.146062485 0 0 0 0 0 0 0 0 0 0 0 0
0 0.146343735 0.146343735 0.146343735 0.146343735 0.146343735 0.146343735 0.146343735 0.146343735 0.146343735 0.146343735 0.146343735 0.146343735 0.146343735 0.146343735 0.146343735 0.146343735 0 0 0 0 0 0 0 0 0 0 0 0 0
0 0.146624985 0.146624985 0.146624985 0.146624985 0.146624985 0.146624985 0.146624985 0.146624985 0.146624985 0.146624985 0.146624985 0.146624985 0.146624985 0.146624985 0.146624985 0.146624985 0 0 0 0 0 0 0 0 0 0 0 0 0
0 0.146906235 0.146906235 0.146906235 0.146906235 0.146906235 0.146906235 0.146906235 0.146906235 0.146906235 0.146906235 0.146906235 0.146906235 0.146906235 0.146906235 0.146906235 0 0 0 0 0 0 0 0 0 0 0 0 0 0
0 0.147187485 0.147187485 0.147187485 0.147187485 0.147187485 0.147187485 0.147187485 0.147187485 0.147187485 0.147187485 0.147187485 0.147187485 0.147187485 0.147187485 0.147187485 0 0 0 0 0 0 0 0 0 0 0 0 0 0
0 0.147468735 0.147468735 0.147468735 0.147468735 0.147468735 0.147468735 0.147468735 0.147468735 0.147468735 0.147468735 0.147468735 0.147468735 0.147468735 0.147468735 0 0 0 0 0 0 0 0 0 0 0 0 0 0 0
0 0.147749985 0.147749985 0.147749985 0.147749985 0.147749985 0.147749985 0.147749985 0.147749985 0.147749985 0.147749985 0.147749985 0.147749985 0.147749985 0.147749985 0 0 0 0 0 0 0 0 0 0 0 0 0 0 0
0 0.148031235 0.148031235 0.148031235 0.148031235 0.148031235 0.148031235 0.148031235 0.148031235 0.148031235 0.148031235 0.148031235 0.148031235 0.148031235 0 0 0 0 0 0 0 0 0 0 0 0 0 0 0 0
0 0.148312485 0.148312485 0.148312485 0.148312485 0.148312485 0.148312485 0.148312485 0.148312485 0.148312485 0.148312485 0.148312485 0.148312485 0.148312485 0 0 0 0 0 0 0 0 0 0 0 0 0 0 0 0
0 0.148593735 0.148593735 0.148593735 0.148593735 0.148593735 0.148593735 0.148593735 0.148593735 0.148593735 0.148593735 0.148593735 0.148593735 0.148593735 0 0 0 0 0 0 0 0 0 0 0 0 0 0 0 0
0 0.148874985 0.148874985 0.148874985 0.148874985 0.148874985 0.148874985 0.148874985 0.148874985 0.148874985 0.148874985 0.148874985 0.148874985 0.148874985 0 0 0 0 0 0 0 0 0 0 0 0 0 0 0 0
0 0.149156235 0.149156235 0.149156235 0.149156235 0.149156235 0.149156235 0.149156235 0.149156235 0.149156235 0.149156235 0.149156235 0.149156235 0 0 0 0 0 0 0 0 0 0 0 0 0 0 0 0 0
0 0.149437485 0.149437485 0.149437485 0.149437485 0.149437485 0.149437485 0.149437485 0.149437485 0.149437485 0.149437485 0.149437485 0.149437485 0 0 0 0 0 0 0 0 0 0 0 0 0 0 0 0 0
0 0.149718735 0.149718735 0.149718735 0.149718735 0.149718735 0.149718735 0.149718735 0.149718735 0.149718735 0.149718735 0.149718735 0.149718735 0 0 0 0 0 0 0 0 0 0 0 0 0 0 0 0 0
0 0.149999985 0.149999985 0.149999985 0.149999985 0.149999985 0.149999985 0.149999985 0.149999985 0.149999985 0.149999985 0.149999985 0.149999985 0 0 0 0 0 0 0 0 0 0 0 0 0 0 0 0 0
0 0 0 0 0 0 0 0 0 0 0 0 0 0 0 0 0 0 0 0 0 0 0 0 0 0 0 0 0 0
0 0 0 0 0 0 0 0 0 0 0 0 0 0 0 0 0 0 0 0 0 0 0 0 0 0 0 0 0 0
0 0 0 0 0 0 0 0 0 0 0 0 0 0 0 0 0 0 0 0 0 0 0 0 0 0 0 0 0 0
0 0 0 0 0 0 0 0 0 0 0 0 0 0 0 0 0 0 0 0 0 0 0 0 0 0 0 0 0 0
0 0 0 0 0 0 0 0 0 0 0 0 0 0 0 0 0 0 0 0 0 0 0 0 0 0 0 0 0 0
0 0 0 0 0 0 0 0 0 0 0 0 0 0 0 0 0 0 0 0 0 0 0 0 0 0 0 0 0 0
0 0 0 0 0 0 0 0 0 0 0 0 0 0 0 0 0 0 0 0 0 0 0 0 0 0 0 0 0 0
0 0 0 0 0 0 0 0 0 0 0 0 0 0 0 0 0 0 0 0 0 0 0 0 0 0 0 0 0 0
0 0 0 0 0 0 0 0 0 0 0 0 0 0 0 0 0 0 0 0 0 0 0 0 0 0 0 0 0 0
0 0 0 0 0 0 0 0 0 0 0 0 0 0 0 0 0 0 0 0 0 0 0 0 0 0 0 0 0 0
0 0 0 0 0 0 0 0 0 0 0 0 0 0 0 0 0 0 0 0 0 0 0 0 0 0 0 0 0 0
0 0 0 0 0 0 0 0 0 0 0 0 0 0 0 0 0 0 0 0 0 0 0 0 0 0 0 0 0 0
0 0 0 0 0 0 0 0 0 0 0 0 0 0 0 0 0 0 0 0 0 0 0 0 0 0 0 0 0 0
0 0 0 0 0 0 0 0 0 0 0 0 0 0 0 0 0 0 0 0 0 0 0 0 0 0 0 0 0 0
0 0 0 0 0 0 0 0 0 0 0 0 0 0 0 0 0 0 0 0 0 0 0 0 0 0 0 0 0 0
0 0 0 0 0 0 0 0 0 0 0 0 0 0 0 0 0 0 0 0 0 0 0 0 0 0 0 0 0 0
0 0 0 0 0 0 0 0 0 0 0 0 0 0 0 0 0 0 0 0 0 0 0 0 0 0 0 0 0 0
0 0 0 0 0 0 0 0 0 0 0 0 0 0 0 0 0 0 0 0 0 0 0 0 0 0 0 0 0 0
0 0 0 0 0 0 0 0 0 0 0 0 0 0 0 0 0 0 0 0 0 0 0 0 0 0 0 0 0 0
0 0 0 0 0 0 0 0 0 0 0 0 0 0 0 0 0 0 0 0 0 0 0 0 0 0 0 0 0 0
0 0 0 0 0 0 0 0 0 0 0 0 0 0 0 0 0 0 0 0 0 0 0 0 0 0 0 0 0 0
0 0 0 0 0 0 0 0 0 0 0 0 0 0 0 0 0 0 0 0 0 0 0 0 0 0 0 0 0 0
0 0 0 0 0 0 0 0 0 0 0 0 0 0 0 0 0 0 0 0 0 0 0 0 0 0 0 0 0 0
0 0 0 0 0 0 0 0 0 0 0 0 0 0 0 0 0 0 0 0 0 0 0 0 0 0 0 0 0 0
0 0 0 0 0 0 0 0 0 0 0 0 0 0 0 0 0 0 0 0 0 0 0 0 0 0 0 0 0 0
0 0 0 0 0 0 0 0 0 0 0 0 0 0 0 0 0 0 0 0 0 0 0 0 0 0 0 0 0 0
0 0 0 0 0 0 0 0 0 0 0 0 0 0 0 0 0 0 0 0 0 0 0 0 0 0 0 0 0 0
0 0 0 0 0 0 0 0 0 0 0 0 0 0 0 0 0 0 0 0 0 0 0 0 0 0 0 0 0 0
0 0 0 0 0 0 0 0 0 0 0 0 0 0 0 0 0 0 0 0 0 0 0 0 0 0 0 0 0 0
0 0 0 0 0 0 0 0 0 0 0 0 0 0 0 0 0 0 0 0 0 0 0 0 0 0 0 0 0 0
0 0 0 0 0 0 0 0 0 0 0 0 0 0 0 0 0 0 0 0 0 0 0 0 0 0 0 0 0 0
0 0 0 0 0 0 0 0 0 0 0 0 0 0 0 0 0 0 0 0 0 0 0 0 0 0 0 0 0 0
0 0 0 0 0 0 0 0 0 0 0 0 0 0 0 0 0 0 0 0 0 0 0 0 0 0 0 0 0 0
0 0 0 0 0 0 0 0 0 0 0 0 0 0 0 0 0 0 0 0 0 0 0 0 0 0 0 0 0 0
0 0 0 0 0 0 0 0 0 0 0 0 0 0 0 0 0 0 0 0 0 0 0 0 0 0 0 0 0 0
0 0 0 0 0 0 0 0 0 0 0 0 0 0 0 0 0 0 0 0 0 0 0 0 0 0 0 0 0 0
0 0 0 0 0 0 0 0 0 0 0 0 0 0 0 0 0 0 0 0 0 0 0 0 0 0 0 0 0 0
0 0 0 0 0 0 0 0 0 0 0 0 0 0 0 0 0 0 0 0 0 0 0 0 0 0 0 0 0 0
0 0 0 0 0 0 0 0 0 0 0 0 0 0 0 0 0 0 0 0 0 0 0 0 0 0 0 0 0 0
0 0 0 0 0 0 0 0 0 0 0 0 0 0 0 0 0 0 0 0 0 0 0 0 0 0 0 0 0 0
0 0 0 0 0 0 0 0 0 0 0 0 0 0 0 0 0 0 0 0 0 0 0 0 0 0 0 0 0 0
0 0 0 0 0 0 0 0 0 0 0 0 0 0 0 0 0 0 0 0 0 0 0 0 0 0 0 0 0 0
0 0 0 0 0 0 0 0 0 0 0 0 0 0 0 0 0 0 0 0 0 0 0 0 0 0 0 0 0 0
0 0 0 0 0 0 0 0 0 0 0 0 0 0 0 0 0 0 0 0 0 0 0 0 0 0 0 0 0 0
0 0 0 0 0 0 0 0 0 0 0 0 0 0 0 0 0 0 0 0 0 0 0 0 0 0 0 0 0 0
0 0 0 0 0 0 0 0 0 0 0 0 0 0 0 0 0 0 0 0 0 0 0 0 0 0 0 0 0 0
0 0 0 0 0 0 0 0 0 0 0 0 0 0 0 0 0 0 0 0 0 0 0 0 0 0 0 0 0 0
0 0 0 0 0 0 0 0 0 0 0 0 0 0 0 0 0 0 0 0 0 0 0 0 0 0 0 0 0 0
0 0 0 0 0 0 0 0 0 0 0 0 0 0 0 0 0 0 0 0 0 0 0 0 0 0 0 0 0 0
0 0 0 0 0 0 0 0 0 0 0 0 0 0 0 0 0 0 0 0 0 0 0 0 0 0 0 0 0 0
0 0 0 0 0 0 0 0 0 0 0 0 0 0 0 0 0 0 0 0 0 0 0 0 0 0 0 0 0 0
0 0 0 0 0 0 0 0 0 0 0 0 0 0 0 0 0 0 0 0 0 0 0 0 0 0 0 0 0 0
0 0 0 0 0 0 0 0 0 0 0 0 0 0 0 0 0 0 0 0 0 0 0 0 0 0 0 0 0 0
0 0 0 0 0 0 0 0 0 0 0 0 0 0 0 0 0 0 0 0 0 0 0 0 0 0 0 0 0 0
0 0 0 0 0 0 0 0 0 0 0 0 0 0 0 0 0 0 0 0 0 0 0 0 0 0 0 0 0 0
0 0 0 0 0 0 0 0 0 0 0 0 0 0 0 0 0 0 0 0 0 0 0 0 0 0 0 0 0 0
0 0 0 0 0 0 0 0 0 0 0 0 0 0 0 0 0 0 0 0 0 0 0 0 0 0 0 0 0 0
0 0 0 0 0 0 0 0 0 0 0 0 0 0 0 0 0 0 0 0 0 0 0 0 0 0 0 0 0 0
0 0 0 0 0 0 0 0 0 0 0 0 0 0 0 0 0 0 0 0 0 0 0 0 0 0 0 0 0 0
0 0 0 0 0 0 0 0 0 0 0 0 0 0 0 0 0 0 0 0 0 0 0 0 0 0 0 0 0 0
0 0 0 0 0 0 0 0 0 0 0 0 0 0 0 0 0 0 0 0 0 0 0 0 0 0 0 0 0 0
0 0 0 0 0 0 0 0 0 0 0 0 0 0 0 0 0 0 0 0 0 0 0 0 0 0 0 0 0 0
0 0 0 0 0 0 0 0 0 0 0 0 0 0 0 0 0 0 0 0 0 0 0 0 0 0 0 0 0 0
0 0 0 0 0 0 0 0 0 0 0 0 0 0 0 0 0 0 0 0 0 0 0 0 0 0 0 0 0 0
0 0 0 0 0 0 0 0 0 0 0 0 0 0 0 0 0 0 0 0 0 0 0 0 0 0 0 0 0 0
0 0 0 0 0 0 0 0 0 0 0 0 0 0 0 0 0 0 0 0 0 0 0 0 0 0 0 0 0 0
0 0 0 0 0 0 0 0 0 0 0 0 0 0 0 0 0 0 0 0 0 0 0 0 0 0 0 0 0 0
0 0 0 0 0 0 0 0 0 0 0 0 0 0 0 0 0 0 0 0 0 0 0 0 0 0 0 0 0 0
0 0 0 0 0 0 0 0 0 0 0 0 0 0 0 0 0 0 0 0 0 0 0 0 0 0 0 0 0 0
0 0 0 0 0 0 0 0 0 0 0 0 0 0 0 0 0 0 0 0 0 0 0 0 0 0 0 0 0 0
0 0 0 0 0 0 0 0 0 0 0 0 0 0 0 0 0 0 0 0 0 0 0 0 0 0 0 0 0 0
0 0 0 0 0 0 0 0 0 0 0 0 0 0 0 0 0 0 0 0 0 0 0 0 0 0 0 0 0 0
0 0 0 0 0 0 0 0 0 0 0 0 0 0 0 0 0 0 0 0 0 0 0 0 0 0 0 0 0 0
0 0 0 0 0 0 0 0 0 0 0 0 0 0 0 0 0 0 0 0 0 0 0 0 0 0 0 0 0 0
0 0 0 0 0 0 0 0 0 0 0 0 0 0 0 0 0 0 0 0 0 0 0 0 0 0 0 0 0 0
0 0 0 0 0 0 0 0 0 0 0 0 0 0 0 0 0 0 0 0 0 0 0 0 0 0 0 0 0 0
0 0 0 0 0 0 0 0 0 0 0 0 0 0 0 0 0 0 0 0 0 0 0 0 0 0 0 0 0 0
0 0 0 0 0 0 0 0 0 0 0 0 0 0 0 0 0 0 0 0 0 0 0 0 0 0 0 0 0 0
0 0 0 0 0 0 0 0 0 0 0 0 0 0 0 0 0 0 0 0 0 0 0 0 0 0 0 0 0 0
0 0 0 0 0 0 0 0 0 0 0 0 0 0 0 0 0 0 0 0 0 0 0 0 0 0 0 0 0 0
0 0 0 0 0 0 0 0 0 0 0 0 0 0 0 0 0 0 0 0 0 0 0 0 0 0 0 0 0 0
0 0 0 0 0 0 0 0 0 0 0 0 0 0 0 0 0 0 0 0 0 0 0 0 0 0 0 0 0 0
0 0 0 0 0 0 0 0 0 0 0 0 0 0 0 0 0 0 0 0 0 0 0 0 0 0 0 0 0 0
0 0 0 0 0 0 0 0 0 0 0 0 0 0 0 0 0 0 0 0 0 0 0 0 0 0 0 0 0 0
0 0 0 0 0 0 0 0 0 0 0 0 0 0 0 0 0 0 0 0 0 0 0 0 0 0 0 0 0 0
0 0 0 0 0 0 0 0 0 0 0 0 0 0 0 0 0 0 0 0 0 0 0 0 0 0 0 0 0 0
0 0 0 0 0 0 0 0 0 0 0 0 0 0 0 0 0 0 0 0 0 0 0 0 0 0 0 0 0 0
0 0 0 0 0 0 0 0 0 0 0 0 0 0 0 0 0 0 0 0 0 0 0 0 0 0 0 0 0 0
0 0 0 0 0 0 0 0 0 0 0 0 0 0 0 0 0 0 0 0 0 0 0 0 0 0 0 0 0 0
0 0 0 0 0 0 0 0 0 0 0 0 0 0 0 0 0 0 0 0 0 0 0 0 0 0 0 0 0 0
0 0 0 0 0 0 0 0 0 0 0 0 0 0 0 0 0 0 0 0 0 0 0 0 0 0 0 0 0 0
0 0 0 0 0 0 0 0 0 0 0 0 0 0 0 0 0 0 0 0 0 0 0 0 0 0 0 0 0 0
0 0 0 0 0 0 0 0 0 0 0 0 0 0 0 0 0 0 0 0 0 0 0 0 0 0 0 0 0 0
0 0 0 0 0 0 0 0 0 0 0 0 0 0 0 0 0 0 0 0 0 0 0 0 0 0 0 0 0 0
0 0 0 0 0 0 0 0 0 0 0 0 0 0 0 0 0 0 0 0 0 0 0 0 0 0 0 0 0 0
0 0 0 0 0 0 0 0 0 0 0 0 0 0 0 0 0 0 0 0 0 0 0 0 0 0 0 0 0 0
0 0 0 0 0 0 0 0 0 0 0 0 0 0 0 0 0 0 0 0 0 0 0 0 0 0 0 0 0 0
0 0 0 0 0 0 0 0 0 0 0 0 0 0 0 0 0 0 0 0 0 0 0 0 0 0 0 0 0 0
0 0 0 0 0 0 0 0 0 0 0 0 0 0 0 0 0 0 0 0 0 0 0 0 0 0 0 0 0 0
0 0 0 0 0 0 0 0 0 0 0 0 0 0 0 0 0 0 0 0 0 0 0 0 0 0 0 0 0 0
0 0 0 0 0 0 0 0 0 0 0 0 0 0 0 0 0 0 0 0 0 0 0 0 0 0 0 0 0 0
0 0 0 0 0 0 0 0 0 0 0 0 0 0 0 0 0 0 0 0 0 0 0 0 0 0 0 0 0 0
