   1.3304157e-01
   1.3303104e-01
   1.3301322e-01
   1.3299329e-01
   1.3297351e-01
   1.3295369e-01
   1.3293395e-01
   1.3291421e-01
   1.3289443e-01
   1.3287463e-01
   1.3285481e-01
   1.3283497e-01
   1.3281511e-01
   1.3279523e-01
   1.3277532e-01
   1.3275539e-01
   1.3273544e-01
   1.3271546e-01
   1.3269547e-01
   1.3267545e-01
   1.3265542e-01
   1.3263536e-01
   1.3261530e-01
   1.3259525e-01
   1.3257524e-01
   1.3255530e-01
   1.3253553e-01
   1.3251602e-01
   1.3249696e-01
   1.3247857e-01
   1.3246116e-01
   1.3244510e-01
   1.3243085e-01
   1.3241889e-01
   1.3240972e-01
   1.3240382e-01
   1.3240156e-01
   1.3240322e-01
   1.3240889e-01
   1.3241851e-01
   1.3243181e-01
   1.3244838e-01
   1.3246766e-01
   1.3248902e-01
   1.3251174e-01
   1.3253509e-01
   1.3255845e-01
   1.3258090e-01
   1.3260128e-01
   1.3261826e-01
   1.3263007e-01
   1.3263429e-01
   1.3262766e-01
   1.3260591e-01
   1.3256357e-01
   1.3249393e-01
   1.3238908e-01
   1.3224011e-01
   1.3203745e-01
   1.3177140e-01
   1.3143269e-01
   1.3101322e-01
   1.3050665e-01
   1.2990886e-01
   1.2921836e-01
   1.2843628e-01
   1.2756627e-01
   1.2661419e-01
   1.2558762e-01
   1.2449544e-01
   1.2334706e-01
   1.2215220e-01
   1.2092042e-01
   1.1966083e-01
   1.1838188e-01
   1.1709126e-01
   1.1579582e-01
   1.1450159e-01
   1.1321377e-01
   1.1193684e-01
   1.1067461e-01
   1.0943012e-01
   1.0820593e-01
   1.0700412e-01
   1.0582638e-01
   1.0467401e-01
   1.0354808e-01
   1.0244991e-01
   1.0137921e-01
   1.0033634e-01
   9.9321448e-02
   9.8334659e-02
   9.7375922e-02
   9.6445008e-02
   9.5541694e-02
   9.4665700e-02
   9.3816701e-02
   9.2994334e-02
   9.2198210e-02
   9.1427916e-02
   9.0683021e-02
   8.9963079e-02
   8.9267633e-02
   8.8596219e-02
   8.7948411e-02
   8.7323761e-02
   8.6721701e-02
   8.6141741e-02
   8.5583395e-02
   8.5046176e-02
   8.4529600e-02
   8.4033188e-02
   8.3556459e-02
   8.3098940e-02
   8.2660156e-02
   8.2239637e-02
   8.1836915e-02
   8.1451523e-02
   8.1083048e-02
   8.0731045e-02
   8.0394977e-02
   8.0074376e-02
   7.9768782e-02
   7.9477733e-02
   7.9200770e-02
   7.8937436e-02
   7.8687274e-02
   7.8449832e-02
   7.8224658e-02
   7.8011306e-02
   7.7809332e-02
   7.7618297e-02
   7.7437767e-02
   7.7267424e-02
   7.7106744e-02
   7.6955290e-02
   7.6812647e-02
   7.6678402e-02
   7.6552145e-02
   7.6433472e-02
   7.6321974e-02
   7.6217243e-02
   7.6118867e-02
   7.6026423e-02
   7.5939478e-02
   7.5857588e-02
   7.5780290e-02
   7.5707116e-02
   7.5637665e-02
   7.5571289e-02
   7.5507430e-02
   7.5445508e-02
   7.5384920e-02
   7.5325040e-02
   7.5265406e-02
   7.5205451e-02
   7.5144258e-02
   7.5081164e-02
   7.5015513e-02
   7.4946666e-02
   7.4874011e-02
   7.4796966e-02
   7.4715076e-02
   7.4627825e-02
   7.4534702e-02
   7.4435319e-02
   7.4329347e-02
   7.4216517e-02
   7.4096621e-02
   7.3969512e-02
   7.3835096e-02
   7.3693329e-02
   7.3544215e-02
   7.3387800e-02
   7.3224162e-02
   7.3053411e-02
   7.2875700e-02
   7.2691290e-02
   7.2500214e-02
   7.2302644e-02
   7.2098762e-02
   7.1888757e-02
   7.1672822e-02
   7.1451156e-02
   7.1223958e-02
   7.0991431e-02
   7.0753777e-02
   7.0511204e-02
   7.0263918e-02
   7.0012126e-02
   6.9756037e-02
   6.9495921e-02
   6.9232005e-02
   6.8964413e-02
   6.8693355e-02
   6.8419037e-02
   6.8141668e-02
   6.7861458e-02
   6.7578615e-02
   6.7293347e-02
   6.7005862e-02
   6.6716364e-02
   6.6425055e-02
   6.6132130e-02
   6.5837782e-02
   6.5542196e-02
   6.5245584e-02
   6.4948168e-02
   6.4650022e-02
   6.4351295e-02
   6.4052134e-02
   6.3752676e-02
   6.3453052e-02
   6.3153388e-02
   6.2853804e-02
   6.2554416e-02
   6.2255334e-02
   6.1956664e-02
   6.1658509e-02
   6.1360970e-02
   6.1064142e-02
   6.0768120e-02
   6.0473041e-02
   6.0178990e-02
   5.9886001e-02
   5.9594151e-02
   5.9303517e-02
   5.9014175e-02
   5.8726196e-02
   5.8439651e-02
   5.8154608e-02
   5.7871134e-02
   5.7589293e-02
   5.7309146e-02
   5.7030754e-02
   5.6754175e-02
   5.6479464e-02
   5.6206675e-02
   5.5935860e-02
   5.5667133e-02
   5.5400481e-02
   5.5135938e-02
   5.4873544e-02
   5.4613339e-02
   5.4355359e-02
   5.4099639e-02
   5.3846214e-02
   5.3595114e-02
   5.3346371e-02
   5.3100011e-02
   5.2856061e-02
   5.2614585e-02
   5.2375580e-02
   5.2139051e-02
   5.1905017e-02
   5.1673497e-02
   5.1444527e-02
   5.1218139e-02
   5.0994305e-02
   5.0773036e-02
   5.0554340e-02
   5.0338226e-02
   5.0124698e-02
   4.9913762e-02
   4.9705423e-02
   4.9499681e-02
   4.9296539e-02
   4.9095996e-02
   4.8898049e-02
   4.8702698e-02
   4.8509935e-02
   4.8319756e-02
   4.8132153e-02
   4.7947116e-02
   4.7764633e-02
   4.7584737e-02
   4.7407366e-02
   4.7232501e-02
   4.7060121e-02
   4.6890204e-02
   4.6722725e-02
   4.6557658e-02
   4.6394973e-02
   4.6234641e-02
   4.6076627e-02
   4.5920898e-02
   4.5767417e-02
   4.5616144e-02
   4.5467040e-02
   4.5320061e-02
   4.5175164e-02
   4.5032302e-02
   4.4891428e-02
   4.4752491e-02
   4.4615470e-02
   4.4480289e-02
   4.4346883e-02
   4.4215196e-02
   4.4085167e-02
   4.3956738e-02
   4.3829846e-02
   4.3704427e-02
   4.3580419e-02
   4.3457758e-02
   4.3336377e-02
   4.3216213e-02
   4.3097201e-02
   4.2979275e-02
   4.2862374e-02
   4.2746433e-02
   4.2631390e-02
   4.2517186e-02
   4.2403760e-02
   4.2291060e-02
   4.2179058e-02
   4.2067718e-02
   4.1956930e-02
   4.1846641e-02
   4.1736802e-02
   4.1627361e-02
   4.1518272e-02
   4.1409488e-02
   4.1300966e-02
   4.1192664e-02
   4.1084540e-02
   4.0976558e-02
   4.0868679e-02
   4.0760871e-02
   4.0653098e-02
   4.0545331e-02
   4.0437540e-02
   4.0329696e-02
   4.0221775e-02
   4.0113766e-02
   4.0005645e-02
   3.9897377e-02
   3.9788942e-02
   3.9680321e-02
   3.9571498e-02
   3.9462457e-02
   3.9353186e-02
   3.9243672e-02
   3.9133906e-02
   3.9023878e-02
   3.8913581e-02
   3.8803009e-02
   3.8692157e-02
   3.8581021e-02
   3.8469599e-02
   3.8357889e-02
   3.8245891e-02
   3.8133607e-02
   3.8021037e-02
   3.7908187e-02
   3.7795078e-02
   3.7681694e-02
   3.7568039e-02
   3.7454120e-02
   3.7339943e-02
   3.7225517e-02
   3.7110849e-02
   3.6995950e-02
   3.6880828e-02
   3.6765495e-02
   3.6649962e-02
   3.6534240e-02
   3.6418340e-02
   3.6302276e-02
   3.6186058e-02
   3.6069699e-02
   3.5953211e-02
   3.5836606e-02
   3.5719894e-02
   3.5603088e-02
   3.5486200e-02
   3.5369254e-02
   3.5252249e-02
   3.5135193e-02
   3.5018096e-02
   3.4900970e-02
   3.4783825e-02
   3.4666672e-02
   3.4549521e-02
   3.4432384e-02
   3.4315271e-02
   3.4198193e-02
   3.4081161e-02
   3.3964187e-02
   3.3847281e-02
   3.3730454e-02
   3.3613718e-02
   3.3497084e-02
   3.3380563e-02
   3.3264166e-02
   3.3147903e-02
   3.3031787e-02
   3.2915827e-02
   3.2800041e-02
   3.2684440e-02
   3.2569027e-02
   3.2453812e-02
   3.2338806e-02
   3.2224017e-02
   3.2109456e-02
   3.1995133e-02
   3.1881055e-02
   3.1767233e-02
   3.1653675e-02
   3.1540390e-02
   3.1427387e-02
   3.1314674e-02
   3.1202258e-02
   3.1090149e-02
   3.0978353e-02
   3.0866879e-02
   3.0755734e-02
   3.0644924e-02
   3.0534458e-02
   3.0424342e-02
   3.0314583e-02
   3.0205193e-02
   3.0096177e-02
   2.9987536e-02
   2.9879276e-02
   2.9771402e-02
   2.9663921e-02
   2.9556837e-02
   2.9450155e-02
   2.9343881e-02
   2.9238019e-02
   2.9132574e-02
   2.9027551e-02
   2.8922954e-02
   2.8818787e-02
   2.8715055e-02
   2.8611762e-02
   2.8508911e-02
   2.8406506e-02
   2.8304552e-02
   2.8203051e-02
   2.8102006e-02
   2.8001421e-02
   2.7901299e-02
   2.7801643e-02
   2.7702461e-02
   2.7603752e-02
   2.7505516e-02
   2.7407755e-02
   2.7310470e-02
   2.7213664e-02
   2.7117337e-02
   2.7021492e-02
   2.6926129e-02
   2.6831250e-02
   2.6736855e-02
   2.6642946e-02
   2.6549523e-02
   2.6456586e-02
   2.6364135e-02
   2.6272172e-02
   2.6180695e-02
   2.6089704e-02
   2.5999201e-02
   2.5909183e-02
   2.5819650e-02
   2.5730602e-02
   2.5642037e-02
   2.5553955e-02
   2.5466355e-02
   2.5379239e-02
   2.5292603e-02
   2.5206445e-02
   2.5120761e-02
   2.5035550e-02
   2.4950811e-02
   2.4866540e-02
   2.4782736e-02
   2.4699396e-02
   2.4616517e-02
   2.4534098e-02
   2.4452135e-02
   2.4370626e-02
   2.4289567e-02
   2.4208956e-02
   2.4128790e-02
   2.4049065e-02
   2.3969778e-02
   2.3890926e-02
   2.3812504e-02
   2.3734511e-02
   2.3656942e-02
   2.3579793e-02
   2.3503060e-02
   2.3426740e-02
   2.3350829e-02
   2.3275326e-02
   2.3200224e-02
   2.3125519e-02
   2.3051206e-02
   2.2977279e-02
   2.2903736e-02
   2.2830572e-02
   2.2757781e-02
   2.2685360e-02
   2.2613304e-02
   2.2541609e-02
   2.2470269e-02
   2.2399280e-02
   2.2328638e-02
   2.2258337e-02
   2.2188373e-02
   2.2118742e-02
   2.2049438e-02
   2.1980456e-02
   2.1911793e-02
   2.1843444e-02
   2.1775403e-02
   2.1707666e-02
   2.1640228e-02
   2.1573085e-02
   2.1506231e-02
   2.1439663e-02
   2.1373378e-02
   2.1307371e-02
   2.1241635e-02
   2.1176165e-02
   2.1110958e-02
   2.1046009e-02
   2.0981314e-02
   2.0916867e-02
   2.0852666e-02
   2.0788705e-02
   2.0724980e-02
   2.0661487e-02
   2.0598223e-02
   2.0535183e-02
   2.0472363e-02
   2.0409760e-02
   2.0347369e-02
   2.0285186e-02
   2.0223209e-02
   2.0161434e-02
   2.0099856e-02
   2.0038472e-02
   1.9977280e-02
   1.9916276e-02
   1.9855455e-02
   1.9794816e-02
   1.9734355e-02
   1.9674069e-02
   1.9613956e-02
   1.9554014e-02
   1.9494237e-02
   1.9434624e-02
   1.9375171e-02
   1.9315877e-02
   1.9256737e-02
   1.9197750e-02
   1.9138913e-02
   1.9080224e-02
   1.9021680e-02
   1.8963279e-02
   1.8905019e-02
   1.8846898e-02
   1.8788914e-02
   1.8731065e-02
   1.8673348e-02
   1.8615763e-02
   1.8558307e-02
   1.8500978e-02
   1.8443775e-02
   1.8386696e-02
   1.8329740e-02
   1.8272906e-02
   1.8216191e-02
   1.8159595e-02
   1.8103116e-02
   1.8046753e-02
   1.7990504e-02
   1.7934370e-02
   1.7878349e-02
   1.7822440e-02
   1.7766642e-02
   1.7710955e-02
   1.7655376e-02
   1.7599906e-02
   1.7544543e-02
   1.7489288e-02
   1.7434138e-02
   1.7379094e-02
   1.7324155e-02
   1.7269321e-02
   1.7214591e-02
   1.7159965e-02
   1.7105443e-02
   1.7051023e-02
   1.6996706e-02
   1.6942492e-02
   1.6888381e-02
   1.6834371e-02
   1.6780463e-02
   1.6726658e-02
   1.6672954e-02
   1.6619352e-02
   1.6565851e-02
   1.6512452e-02
   1.6459155e-02
   1.6405960e-02
   1.6352866e-02
   1.6299874e-02
   1.6246984e-02
   1.6194196e-02
   1.6141510e-02
   1.6088927e-02
   1.6036446e-02
   1.5984068e-02
   1.5931793e-02
   1.5879622e-02
   1.5827553e-02
   1.5775589e-02
   1.5723728e-02
   1.5671970e-02
   1.5620318e-02
   1.5568769e-02
   1.5517326e-02
   1.5465988e-02
   1.5414755e-02
   1.5363628e-02
   1.5312607e-02
   1.5261693e-02
   1.5210885e-02
   1.5160185e-02
   1.5109592e-02
   1.5059107e-02
   1.5008730e-02
   1.4958462e-02
   1.4908302e-02
   1.4858253e-02
   1.4808313e-02
   1.4758483e-02
   1.4708763e-02
   1.4659155e-02
   1.4609658e-02
   1.4560273e-02
   1.4511000e-02
   1.4461839e-02
   1.4412792e-02
   1.4363858e-02
   1.4315037e-02
   1.4266331e-02
   1.4217739e-02
   1.4169262e-02
   1.4120900e-02
   1.4072654e-02
   1.4024525e-02
   1.3976512e-02
   1.3928615e-02
   1.3880836e-02
   1.3833175e-02
   1.3785631e-02
   1.3738205e-02
   1.3690897e-02
   1.3643708e-02
   1.3596638e-02
   1.3549688e-02
   1.3502857e-02
   1.3456146e-02
   1.3409555e-02
   1.3363084e-02
   1.3316734e-02
   1.3270505e-02
   1.3224397e-02
   1.3178411e-02
   1.3132546e-02
   1.3086802e-02
   1.3041181e-02
   1.2995682e-02
   1.2950305e-02
