   1.4116078e-01
   1.4118073e-01
   1.4120528e-01
   1.4123074e-01
   1.4125596e-01
   1.4128056e-01
   1.4130441e-01
   1.4132740e-01
   1.4134963e-01
   1.4137127e-01
   1.4139262e-01
   1.4141388e-01
   1.4143515e-01
   1.4145634e-01
   1.4147716e-01
   1.4149726e-01
   1.4151615e-01
   1.4153221e-01
   1.4154279e-01
   1.4154356e-01
   1.4152763e-01
   1.4148488e-01
   1.4140160e-01
   1.4126092e-01
   1.4104415e-01
   1.4073305e-01
   1.4031261e-01
   1.3977363e-01
   1.3911440e-01
   1.3834103e-01
   1.3746644e-01
   1.3650833e-01
   1.3548693e-01
   1.3442284e-01
   1.3333541e-01
   1.3224172e-01
   1.3115608e-01
   1.3008991e-01
   1.2905186e-01
   1.2804818e-01
   1.2708302e-01
   1.2615884e-01
   1.2527679e-01
   1.2443704e-01
   1.2363907e-01
   1.2288190e-01
   1.2216426e-01
   1.2148472e-01
   1.2084176e-01
   1.2023382e-01
   1.1965931e-01
   1.1911666e-01
   1.1860426e-01
   1.1812055e-01
   1.1766396e-01
   1.1723297e-01
   1.1682611e-01
   1.1644198e-01
   1.1607929e-01
   1.1573681e-01
   1.1541343e-01
   1.1510814e-01
   1.1481999e-01
   1.1454815e-01
   1.1429184e-01
   1.1405035e-01
   1.1382300e-01
   1.1360916e-01
   1.1340823e-01
   1.1321961e-01
   1.1304275e-01
   1.1287708e-01
   1.1272205e-01
   1.1257709e-01
   1.1244163e-01
   1.1231503e-01
   1.1219665e-01
   1.1208576e-01
   1.1198163e-01
   1.1188341e-01
   1.1179018e-01
   1.1170092e-01
   1.1161445e-01
   1.1152942e-01
   1.1144432e-01
   1.1135738e-01
   1.1126665e-01
   1.1116993e-01
   1.1106483e-01
   1.1094886e-01
   1.1081950e-01
   1.1067574e-01
   1.1051899e-01
   1.1034884e-01
   1.1015949e-01
   1.0994770e-01
   1.0971130e-01
   1.0944959e-01
   1.0916220e-01
   1.0884944e-01
   1.0851194e-01
   1.0815076e-01
   1.0776733e-01
   1.0736332e-01
   1.0694056e-01
   1.0650089e-01
   1.0604617e-01
   1.0557822e-01
   1.0509878e-01
   1.0460950e-01
   1.0411185e-01
   1.0360718e-01
   1.0309667e-01
   1.0258141e-01
   1.0206239e-01
   1.0154053e-01
   1.0101667e-01
   1.0049154e-01
   9.9965813e-02
   9.9440048e-02
   9.8914758e-02
   9.8390396e-02
   9.7867369e-02
   9.7346034e-02
   9.6826699e-02
   9.6309629e-02
   9.5795046e-02
   9.5283141e-02
   9.4774079e-02
   9.4268009e-02
   9.3765067e-02
   9.3265377e-02
   9.2769051e-02
   9.2276194e-02
   9.1786902e-02
   9.1301268e-02
   9.0819380e-02
   9.0341330e-02
   8.9867210e-02
   8.9397117e-02
   8.8931148e-02
   8.8469403e-02
   8.8011983e-02
   8.7558983e-02
   8.7110496e-02
   8.6666605e-02
   8.6227393e-02
   8.5793141e-02
   8.5364924e-02
   8.4943998e-02
   8.4528893e-02
   8.4119299e-02
   8.3715214e-02
   8.3316610e-02
   8.2923469e-02
   8.2535786e-02
   8.2153568e-02
   8.1776841e-02
   8.1405637e-02
   8.1039988e-02
   8.0679928e-02
   8.0325487e-02
   7.9976693e-02
   7.9633574e-02
   7.9296152e-02
   7.8964445e-02
   7.8638462e-02
   7.8318209e-02
   7.8003686e-02
   7.7694887e-02
   7.7391803e-02
   7.7094422e-02
   7.6802724e-02
   7.6516687e-02
   7.6236282e-02
   7.5961475e-02
   7.5692226e-02
   7.5428489e-02
   7.5170213e-02
   7.4917340e-02
   7.4669806e-02
   7.4427539e-02
   7.4190462e-02
   7.3958489e-02
   7.3731527e-02
   7.3509476e-02
   7.3292224e-02
   7.3079656e-02
   7.2871644e-02
   7.2668051e-02
   7.2468731e-02
   7.2273526e-02
   7.2082268e-02
   7.1894778e-02
   7.1710865e-02
   7.1530326e-02
   7.1352948e-02
   7.1178508e-02
   7.1006771e-02
   7.0837498e-02
   7.0670440e-02
   7.0505344e-02
   7.0341957e-02
   7.0180025e-02
   7.0019295e-02
   6.9859523e-02
   6.9700471e-02
   6.9541914e-02
   6.9383637e-02
   6.9225443e-02
   6.9067150e-02
   6.8908595e-02
   6.8749632e-02
   6.8590137e-02
   6.8430000e-02
   6.8269134e-02
   6.8107466e-02
   6.7944941e-02
   6.7781517e-02
   6.7617168e-02
   6.7451877e-02
   6.7285636e-02
   6.7118446e-02
   6.6950316e-02
   6.6781258e-02
   6.6611288e-02
   6.6440426e-02
   6.6268697e-02
   6.6096127e-02
   6.5922743e-02
   6.5748576e-02
   6.5573656e-02
   6.5398013e-02
   6.5221676e-02
   6.5044675e-02
   6.4867040e-02
   6.4688804e-02
   6.4510002e-02
   6.4330677e-02
   6.4150869e-02
   6.3970618e-02
   6.3790063e-02
   6.3609204e-02
   6.3427954e-02
   6.3246393e-02
   6.3064539e-02
   6.2882493e-02
   6.2700100e-02
   6.2517343e-02
   6.2334244e-02
   6.2150837e-02
   6.1967223e-02
   6.1783343e-02
   6.1599224e-02
   6.1414936e-02
   6.1230446e-02
   6.1045767e-02
   6.0860924e-02
   6.0675938e-02
   6.0490830e-02
   6.0305620e-02
   6.0120333e-02
   5.9934989e-02
   5.9749607e-02
   5.9564204e-02
   5.9378799e-02
   5.9193411e-02
   5.9008057e-02
   5.8822755e-02
   5.8637522e-02
   5.8452376e-02
   5.8267335e-02
   5.8082418e-02
   5.7897641e-02
   5.7713022e-02
   5.7528580e-02
   5.7344335e-02
   5.7160347e-02
   5.6976586e-02
   5.6793079e-02
   5.6609868e-02
   5.6426973e-02
   5.6244384e-02
   5.6062128e-02
   5.5880224e-02
   5.5698682e-02
   5.5517526e-02
   5.5336778e-02
   5.5156525e-02
   5.4976774e-02
   5.4797554e-02
   5.4618889e-02
   5.4440726e-02
   5.4263085e-02
   5.4086000e-02
   5.3909529e-02
   5.3733689e-02
   5.3558461e-02
   5.3383840e-02
   5.3209844e-02
   5.3036489e-02
   5.2863787e-02
   5.2691752e-02
   5.2520401e-02
   5.2349750e-02
   5.2179815e-02
   5.2010610e-02
   5.1842150e-02
   5.1674451e-02
   5.1507527e-02
   5.1341392e-02
   5.1176060e-02
   5.1011543e-02
   5.0847855e-02
   5.0685009e-02
   5.0523019e-02
   5.0361897e-02
   5.0201655e-02
   5.0042306e-02
   4.9883863e-02
   4.9726335e-02
   4.9569735e-02
   4.9414072e-02
   4.9259355e-02
   4.9105592e-02
   4.8952789e-02
   4.8800953e-02
   4.8650089e-02
   4.8500206e-02
   4.8351309e-02
   4.8203406e-02
   4.8056504e-02
   4.7910609e-02
   4.7765726e-02
   4.7621857e-02
   4.7479007e-02
   4.7337177e-02
   4.7196370e-02
   4.7056585e-02
   4.6917825e-02
   4.6780087e-02
   4.6643371e-02
   4.6507673e-02
   4.6372992e-02
   4.6239322e-02
   4.6106661e-02
   4.5975002e-02
   4.5844340e-02
   4.5714668e-02
   4.5585980e-02
   4.5458268e-02
   4.5331523e-02
   4.5205737e-02
   4.5080899e-02
   4.4956998e-02
   4.4834025e-02
   4.4711966e-02
   4.4590809e-02
   4.4470542e-02
   4.4351149e-02
   4.4232618e-02
   4.4114933e-02
   4.3998078e-02
   4.3882038e-02
   4.3766797e-02
   4.3652339e-02
   4.3538646e-02
   4.3425701e-02
   4.3313488e-02
   4.3201989e-02
   4.3091187e-02
   4.2981065e-02
   4.2871605e-02
   4.2762790e-02
   4.2654603e-02
   4.2547027e-02
   4.2440046e-02
   4.2333642e-02
   4.2227801e-02
   4.2122504e-02
   4.2017738e-02
   4.1913486e-02
   4.1809733e-02
   4.1706465e-02
   4.1603667e-02
   4.1501325e-02
   4.1399425e-02
   4.1297955e-02
   4.1196900e-02
   4.1096249e-02
   4.0995989e-02
   4.0896110e-02
   4.0796598e-02
   4.0697444e-02
   4.0598638e-02
   4.0500168e-02
   4.0402025e-02
   4.0304200e-02
   4.0206684e-02
   4.0109469e-02
   4.0012546e-02
   3.9915907e-02
   3.9819545e-02
   3.9723453e-02
   3.9627623e-02
   3.9532051e-02
   3.9436728e-02
   3.9341651e-02
   3.9246812e-02
   3.9152207e-02
   3.9057831e-02
   3.8963680e-02
   3.8869748e-02
   3.8776032e-02
   3.8682528e-02
   3.8589233e-02
   3.8496143e-02
   3.8403255e-02
   3.8310566e-02
   3.8218073e-02
   3.8125773e-02
   3.8033666e-02
   3.7941748e-02
   3.7850018e-02
   3.7758474e-02
   3.7667116e-02
   3.7575942e-02
   3.7484951e-02
   3.7394141e-02
   3.7303513e-02
   3.7213065e-02
   3.7122796e-02
   3.7032705e-02
   3.6942793e-02
   3.6853059e-02
   3.6763501e-02
   3.6674119e-02
   3.6584914e-02
   3.6495883e-02
   3.6407028e-02
   3.6318347e-02
   3.6229841e-02
   3.6141509e-02
   3.6053351e-02
   3.5965367e-02
   3.5877556e-02
   3.5789919e-02
   3.5702456e-02
   3.5615166e-02
   3.5528051e-02
   3.5441109e-02
   3.5354341e-02
   3.5267747e-02
   3.5181327e-02
   3.5095082e-02
   3.5009012e-02
   3.4923117e-02
   3.4837398e-02
   3.4751855e-02
   3.4666489e-02
   3.4581300e-02
   3.4496288e-02
   3.4411456e-02
   3.4326802e-02
   3.4242328e-02
   3.4158035e-02
   3.4073923e-02
   3.3989993e-02
   3.3906246e-02
   3.3822683e-02
   3.3739305e-02
   3.3656113e-02
   3.3573106e-02
   3.3490287e-02
   3.3407657e-02
   3.3325215e-02
   3.3242964e-02
   3.3160903e-02
   3.3079035e-02
   3.2997359e-02
   3.2915877e-02
   3.2834590e-02
   3.2753499e-02
   3.2672604e-02
   3.2591908e-02
   3.2511409e-02
   3.2431111e-02
   3.2351013e-02
   3.2271117e-02
   3.2191424e-02
   3.2111934e-02
   3.2032649e-02
   3.1953569e-02
   3.1874696e-02
   3.1796031e-02
   3.1717574e-02
   3.1639327e-02
   3.1561290e-02
   3.1483465e-02
   3.1405852e-02
   3.1328452e-02
   3.1251266e-02
   3.1174296e-02
   3.1097542e-02
   3.1021005e-02
   3.0944685e-02
   3.0868585e-02
   3.0792704e-02
   3.0717043e-02
   3.0641604e-02
   3.0566387e-02
   3.0491392e-02
   3.0416622e-02
   3.0342077e-02
   3.0267757e-02
   3.0193663e-02
   3.0119796e-02
   3.0046156e-02
   2.9972745e-02
   2.9899563e-02
   2.9826610e-02
   2.9753887e-02
   2.9681396e-02
   2.9609136e-02
   2.9537107e-02
   2.9465311e-02
   2.9393749e-02
   2.9322420e-02
   2.9251324e-02
   2.9180464e-02
   2.9109838e-02
   2.9039447e-02
   2.8969292e-02
   2.8899372e-02
   2.8829689e-02
   2.8760242e-02
   2.8691032e-02
   2.8622059e-02
   2.8553322e-02
   2.8484823e-02
   2.8416561e-02
   2.8348537e-02
   2.8280750e-02
   2.8213201e-02
   2.8145889e-02
   2.8078814e-02
   2.8011976e-02
   2.7945376e-02
   2.7879012e-02
   2.7812885e-02
   2.7746995e-02
   2.7681341e-02
   2.7615923e-02
   2.7550741e-02
   2.7485794e-02
   2.7421082e-02
   2.7356604e-02
   2.7292361e-02
   2.7228351e-02
   2.7164574e-02
   2.7101029e-02
   2.7037716e-02
   2.6974634e-02
   2.6911783e-02
   2.6849162e-02
   2.6786771e-02
   2.6724608e-02
   2.6662672e-02
   2.6600964e-02
   2.6539482e-02
   2.6478225e-02
   2.6417193e-02
   2.6356384e-02
   2.6295799e-02
   2.6235434e-02
   2.6175291e-02
   2.6115368e-02
   2.6055663e-02
   2.5996177e-02
   2.5936907e-02
   2.5877853e-02
   2.5819014e-02
   2.5760388e-02
   2.5701975e-02
   2.5643773e-02
   2.5585781e-02
   2.5527998e-02
   2.5470424e-02
   2.5413056e-02
   2.5355893e-02
   2.5298935e-02
   2.5242179e-02
   2.5185625e-02
   2.5129272e-02
   2.5073118e-02
   2.5017162e-02
   2.4961403e-02
   2.4905839e-02
   2.4850469e-02
   2.4795292e-02
   2.4740306e-02
   2.4685510e-02
   2.4630903e-02
   2.4576483e-02
   2.4522249e-02
   2.4468200e-02
   2.4414335e-02
   2.4360651e-02
   2.4307148e-02
   2.4253824e-02
   2.4200679e-02
   2.4147709e-02
   2.4094916e-02
   2.4042296e-02
   2.3989849e-02
   2.3937573e-02
   2.3885467e-02
   2.3833530e-02
   2.3781760e-02
   2.3730157e-02
   2.3678718e-02
   2.3627443e-02
   2.3576329e-02
   2.3525377e-02
   2.3474585e-02
   2.3423951e-02
   2.3373475e-02
   2.3323154e-02
   2.3272989e-02
   2.3222977e-02
   2.3173117e-02
   2.3123409e-02
   2.3073850e-02
   2.3024441e-02
   2.2975179e-02
   2.2926065e-02
   2.2877095e-02
   2.2828270e-02
   2.2779589e-02
   2.2731049e-02
   2.2682651e-02
   2.2634393e-02
   2.2586274e-02
   2.2538293e-02
   2.2490449e-02
   2.2442741e-02
   2.2395168e-02
   2.2347729e-02
   2.2300424e-02
   2.2253250e-02
   2.2206207e-02
   2.2159295e-02
   2.2112511e-02
   2.2065856e-02
   2.2019329e-02
   2.1972928e-02
   2.1926653e-02
   2.1880503e-02
   2.1834476e-02
   2.1788573e-02
   2.1742792e-02
   2.1697133e-02
   2.1651594e-02
   2.1606176e-02
   2.1560876e-02
   2.1515695e-02
   2.1470632e-02
   2.1425685e-02
   2.1380855e-02
   2.1336140e-02
   2.1291540e-02
   2.1247054e-02
   2.1202681e-02
   2.1158422e-02
   2.1114274e-02
   2.1070238e-02
   2.1026313e-02
   2.0982498e-02
