   1.1693556e-01
   1.0021072e-01
   9.5008486e-02
   9.1238528e-02
   8.8167797e-02
   8.5955304e-02
   8.4316730e-02
   8.3021528e-02
   8.1945753e-02
   8.1019398e-02
   8.0204102e-02
   7.9496640e-02
   7.8896733e-02
   7.8396581e-02
   7.7973353e-02
   7.7603207e-02
   7.7276690e-02
   7.6991748e-02
   7.6744618e-02
   7.6530596e-02
   7.6347257e-02
   7.6202243e-02
   7.6105393e-02
   7.6044179e-02
   7.6013571e-02
   7.6017243e-02
   7.6047343e-02
   7.6096004e-02
   7.6164307e-02
   7.6253997e-02
   7.6358100e-02
   7.6472783e-02
   7.6599015e-02
   7.6735818e-02
   7.6880602e-02
   7.7031629e-02
   7.7187705e-02
   7.7346394e-02
   7.7505420e-02
   7.7666515e-02
   7.7828729e-02
   7.7987971e-02
   7.8147194e-02
   7.8305739e-02
   7.8469647e-02
   7.8634797e-02
   7.8795084e-02
   7.8952139e-02
   7.9106411e-02
   7.9256128e-02
   7.9400226e-02
   7.9537975e-02
   7.9668584e-02
   7.9791368e-02
   7.9905803e-02
   8.0011572e-02
   8.0108614e-02
   8.0197099e-02
   8.0277390e-02
   8.0350000e-02
   8.0415514e-02
   8.0474519e-02
   8.0527577e-02
   8.0575221e-02
   8.0617956e-02
   8.0656258e-02
   8.0690574e-02
   8.0721331e-02
   8.0748942e-02
   8.0773816e-02
   8.0796336e-02
   8.0816834e-02
   8.0835582e-02
   8.0852801e-02
   8.0868657e-02
   8.0883263e-02
   8.0896689e-02
   8.0908965e-02
   8.0920092e-02
   8.0930057e-02
   8.0938839e-02
   8.0946425e-02
   8.0952814e-02
   8.0958031e-02
   8.0962121e-02
   8.0965157e-02
   8.0967235e-02
   8.0968474e-02
   8.0969008e-02
   8.0968985e-02
   8.0968564e-02
   8.0967912e-02
   8.0967202e-02
   8.0966610e-02
   8.0966310e-02
   8.0966466e-02
   8.0967226e-02
   8.0968709e-02
   8.0970996e-02
   8.0974119e-02
   8.0978051e-02
   8.0982695e-02
   8.0987873e-02
   8.0993315e-02
   8.0998643e-02
   8.1003361e-02
   8.1006840e-02
   8.1008299e-02
   8.1006794e-02
   8.1001210e-02
   8.0990251e-02
   8.0972455e-02
   8.0946206e-02
   8.0909772e-02
   8.0861348e-02
   8.0799117e-02
   8.0721303e-02
   8.0626227e-02
   8.0512352e-02
   8.0378313e-02
   8.0222955e-02
   8.0045388e-02
   7.9845037e-02
   7.9621674e-02
   7.9375448e-02
   7.9106896e-02
   7.8816919e-02
   7.8506719e-02
   7.8175653e-02
   7.7825244e-02
   7.7462332e-02
   7.7087207e-02
   7.6699685e-02
   7.6301391e-02
   7.5893908e-02
   7.5478749e-02
   7.5057475e-02
   7.4631394e-02
   7.4201583e-02
   7.3769084e-02
   7.3334887e-02
   7.2899876e-02
   7.2464836e-02
   7.2030467e-02
   7.1597190e-02
   7.1164573e-02
   7.0734020e-02
   7.0308372e-02
   6.9886045e-02
   6.9466384e-02
   6.9049810e-02
   6.8637471e-02
   6.8229272e-02
   6.7825720e-02
   6.7426668e-02
   6.7032552e-02
   6.6643173e-02
   6.6258903e-02
   6.5879542e-02
   6.5505419e-02
   6.5136330e-02
   6.4772617e-02
   6.4414074e-02
   6.4060840e-02
   6.3712719e-02
   6.3370009e-02
   6.3032511e-02
   6.2700438e-02
   6.2373592e-02
   6.2052171e-02
   6.1735982e-02
   6.1425208e-02
   6.1119643e-02
   6.0819464e-02
   6.0524549e-02
   6.0236242e-02
   5.9954570e-02
   5.9676692e-02
   5.9402590e-02
   5.9133784e-02
   5.8870325e-02
   5.8612242e-02
   5.8359370e-02
   5.8111806e-02
   5.7869351e-02
   5.7632089e-02
   5.7399855e-02
   5.7172749e-02
   5.6950617e-02
   5.6733554e-02
   5.6521404e-02
   5.6314253e-02
   5.6111943e-02
   5.5914551e-02
   5.5721924e-02
   5.5534136e-02
   5.5351041e-02
   5.5172710e-02
   5.4998992e-02
   5.4829948e-02
   5.4665431e-02
   5.4505497e-02
   5.4349999e-02
   5.4198987e-02
   5.4052309e-02
   5.3910009e-02
   5.3771932e-02
   5.3638113e-02
   5.3508392e-02
   5.3382797e-02
   5.3261162e-02
   5.3143505e-02
   5.3029653e-02
   5.2919617e-02
   5.2813214e-02
   5.2710443e-02
   5.2611114e-02
   5.2515214e-02
   5.2422542e-02
   5.2333071e-02
   5.2246588e-02
   5.2163052e-02
   5.2082233e-02
   5.2004075e-02
   5.1928331e-02
   5.1854926e-02
   5.1783596e-02
   5.1714247e-02
   5.1646595e-02
   5.1580527e-02
   5.1515743e-02
   5.1452112e-02
   5.1389320e-02
   5.1327224e-02
   5.1265500e-02
   5.1203999e-02
   5.1142396e-02
   5.1080545e-02
   5.1018128e-02
   5.0955011e-02
   5.0890892e-02
   5.0825660e-02
   5.0759037e-02
   5.0690942e-02
   5.0621130e-02
   5.0549552e-02
   5.0476002e-02
   5.0400468e-02
   5.0322782e-02
   5.0242967e-02
   5.0160894e-02
   5.0076619e-02
   4.9990047e-02
   4.9901262e-02
   4.9810196e-02
   4.9716957e-02
   4.9621499e-02
   4.9523945e-02
   4.9424267e-02
   4.9322600e-02
   4.9218929e-02
   4.9113392e-02
   4.9005984e-02
   4.8896848e-02
   4.8785980e-02
   4.8673523e-02
   4.8559479e-02
   4.8443985e-02
   4.8327044e-02
   4.8208792e-02
   4.8089231e-02
   4.7968493e-02
   4.7846582e-02
   4.7723625e-02
   4.7599627e-02
   4.7474710e-02
   4.7348877e-02
   4.7222245e-02
   4.7094815e-02
   4.6966699e-02
   4.6837895e-02
   4.6708508e-02
   4.6578534e-02
   4.6448072e-02
   4.6317117e-02
   4.6185763e-02
   4.6054008e-02
   4.5921941e-02
   4.5789559e-02
   4.5656952e-02
   4.5524115e-02
   4.5391135e-02
   4.5258008e-02
   4.5124814e-02
   4.4991550e-02
   4.4858287e-02
   4.4725021e-02
   4.4591821e-02
   4.4458681e-02
   4.4325664e-02
   4.4192764e-02
   4.4060042e-02
   4.3927490e-02
   4.3795165e-02
   4.3663059e-02
   4.3531226e-02
   4.3399657e-02
   4.3268404e-02
   4.3137459e-02
   4.3006869e-02
   4.2876626e-02
   4.2746777e-02
   4.2617311e-02
   4.2488272e-02
   4.2359652e-02
   4.2231491e-02
   4.2103781e-02
   4.1976559e-02
   4.1849817e-02
   4.1723591e-02
   4.1597874e-02
   4.1472699e-02
   4.1348057e-02
   4.1223980e-02
   4.1100458e-02
   4.0977525e-02
   4.0855169e-02
   4.0733421e-02
   4.0612272e-02
   4.0491750e-02
   4.0371844e-02
   4.0252583e-02
   4.0133956e-02
   4.0015988e-02
   3.9898671e-02
   3.9782029e-02
   3.9666051e-02
   3.9550761e-02
   3.9436150e-02
   3.9322239e-02
   3.9209019e-02
   3.9096511e-02
   3.8984706e-02
   3.8873623e-02
   3.8763255e-02
   3.8653619e-02
   3.8544708e-02
   3.8436540e-02
   3.8329106e-02
   3.8222423e-02
   3.8116484e-02
   3.8011304e-02
   3.7906876e-02
   3.7803214e-02
   3.7700310e-02
   3.7598180e-02
   3.7496814e-02
   3.7396227e-02
   3.7296409e-02
   3.7197374e-02
   3.7099112e-02
   3.7001635e-02
   3.6904934e-02
   3.6809019e-02
   3.6713881e-02
   3.6619530e-02
   3.6525955e-02
   3.6433166e-02
   3.6341153e-02
   3.6249925e-02
   3.6159473e-02
   3.6069802e-02
   3.5980905e-02
   3.5892788e-02
   3.5805440e-02
   3.5718867e-02
   3.5633059e-02
   3.5548020e-02
   3.5463740e-02
   3.5380223e-02
   3.5297456e-02
   3.5215442e-02
   3.5134169e-02
   3.5053640e-02
   3.4973840e-02
   3.4894772e-02
   3.4816420e-02
   3.4738785e-02
   3.4661853e-02
   3.4585622e-02
   3.4510077e-02
   3.4435216e-02
   3.4361022e-02
   3.4287492e-02
   3.4214610e-02
   3.4142371e-02
   3.4070757e-02
   3.3999763e-02
   3.3929371e-02
   3.3859573e-02
   3.3790351e-02
   3.3721697e-02
   3.3653592e-02
   3.3586027e-02
   3.3518983e-02
   3.3452449e-02
   3.3386405e-02
   3.3320842e-02
   3.3255738e-02
   3.3191084e-02
   3.3126858e-02
   3.3063050e-02
   3.2999639e-02
   3.2936613e-02
   3.2873954e-02
   3.2811649e-02
   3.2749678e-02
   3.2688031e-02
   3.2626689e-02
   3.2565641e-02
   3.2504867e-02
   3.2444359e-02
   3.2384097e-02
   3.2324073e-02
   3.2264269e-02
   3.2204676e-02
   3.2145277e-02
   3.2086065e-02
   3.2027024e-02
   3.1968146e-02
   3.1909417e-02
   3.1850830e-02
   3.1792371e-02
   3.1734035e-02
   3.1675808e-02
   3.1617685e-02
   3.1559655e-02
   3.1501713e-02
   3.1443848e-02
   3.1386056e-02
   3.1328327e-02
   3.1270659e-02
   3.1213042e-02
   3.1155473e-02
   3.1097946e-02
   3.1040457e-02
   3.0983000e-02
   3.0925573e-02
   3.0868171e-02
   3.0810792e-02
   3.0753430e-02
   3.0696087e-02
   3.0638756e-02
   3.0581439e-02
   3.0524131e-02
   3.0466833e-02
   3.0409542e-02
   3.0352258e-02
   3.0294979e-02
   3.0237706e-02
   3.0180438e-02
   3.0123176e-02
   3.0065918e-02
   3.0008666e-02
   2.9951420e-02
   2.9894183e-02
   2.9836952e-02
   2.9779732e-02
   2.9722521e-02
   2.9665324e-02
   2.9608139e-02
   2.9550649e-02
   2.9492544e-02
   2.9434441e-02
   2.9376945e-02
   2.9319929e-02
   2.9263035e-02
   2.9206131e-02
   2.9149229e-02
   2.9092342e-02
   2.9035462e-02
   2.8978585e-02
   2.8921719e-02
   2.8864877e-02
   2.8808070e-02
   2.8751311e-02
   2.8694604e-02
   2.8637956e-02
   2.8581367e-02
   2.8524839e-02
   2.8468373e-02
   2.8411969e-02
   2.8355627e-02
   2.8299351e-02
   2.8243140e-02
   2.8186999e-02
   2.8130927e-02
   2.8074930e-02
   2.8019008e-02
   2.7963164e-02
   2.7907400e-02
   2.7851720e-02
   2.7796123e-02
   2.7740613e-02
   2.7685192e-02
   2.7629862e-02
   2.7574624e-02
   2.7519481e-02
   2.7464434e-02
   2.7409486e-02
   2.7354638e-02
   2.7299892e-02
   2.7245250e-02
   2.7190714e-02
   2.7136285e-02
   2.7081966e-02
   2.7027758e-02
   2.6973663e-02
   2.6919683e-02
   2.6865819e-02
   2.6812073e-02
   2.6758447e-02
   2.6704942e-02
   2.6651561e-02
   2.6598304e-02
   2.6545173e-02
   2.6492170e-02
   2.6439296e-02
   2.6386553e-02
   2.6333942e-02
   2.6281464e-02
   2.6229122e-02
   2.6176921e-02
   2.6124918e-02
   2.6073185e-02
   2.6021603e-02
   2.5969962e-02
   2.5918307e-02
   2.5866815e-02
   2.5815483e-02
   2.5764237e-02
   2.5713169e-02
   2.5662427e-02
   2.5612037e-02
   2.5561925e-02
   2.5511896e-02
   2.5461758e-02
   2.5411578e-02
   2.5361556e-02
   2.5311752e-02
   2.5262165e-02
   2.5212782e-02
   2.5163548e-02
   2.5114467e-02
   2.5065567e-02
   2.5016813e-02
   2.4968208e-02
   2.4919775e-02
   2.4871483e-02
   2.4823339e-02
   2.4775369e-02
   2.4727545e-02
   2.4679873e-02
   2.4632379e-02
   2.4585036e-02
   2.4537847e-02
   2.4490837e-02
   2.4443979e-02
   2.4397277e-02
   2.4350753e-02
   2.4304384e-02
   2.4258169e-02
   2.4212134e-02
   2.4166254e-02
   2.4120529e-02
   2.4074984e-02
   2.4029594e-02
   2.3984361e-02
   2.3939307e-02
   2.3894409e-02
   2.3849669e-02
   2.3805107e-02
   2.3760703e-02
   2.3716455e-02
   2.3672385e-02
   2.3628473e-02
   2.3584718e-02
   2.3541140e-02
   2.3497723e-02
   2.3454504e-02
   2.3411597e-02
   2.3368982e-02
   2.3326448e-02
   2.3283822e-02
   2.3241165e-02
   2.3198670e-02
   2.3156457e-02
   2.3114519e-02
   2.3072795e-02
   2.3031240e-02
   2.2989843e-02
   2.2948603e-02
   2.2907517e-02
   2.2866582e-02
   2.2825794e-02
   2.2785152e-02
   2.2744658e-02
   2.2704312e-02
   2.2664117e-02
   2.2624074e-02
   2.2584184e-02
   2.2544445e-02
   2.2504859e-02
   2.2465424e-02
   2.2426138e-02
   2.2387002e-02
   2.2348013e-02
   2.2309172e-02
   2.2270476e-02
   2.2231926e-02
   2.2193521e-02
   2.2155259e-02
   2.2117140e-02
   2.2079164e-02
   2.2041330e-02
   2.2003636e-02
   2.1966083e-02
   2.1928669e-02
   2.1891394e-02
   2.1854256e-02
   2.1817256e-02
   2.1780391e-02
   2.1743661e-02
   2.1707065e-02
   2.1670603e-02
   2.1634272e-02
   2.1598072e-02
   2.1562003e-02
   2.1526062e-02
   2.1490250e-02
   2.1454565e-02
   2.1419006e-02
   2.1383572e-02
   2.1348262e-02
   2.1313074e-02
   2.1278009e-02
   2.1243065e-02
   2.1208240e-02
   2.1173534e-02
   2.1138945e-02
   2.1104473e-02
   2.1070117e-02
   2.1035874e-02
   2.1001745e-02
   2.0967729e-02
   2.0933823e-02
   2.0900027e-02
   2.0866341e-02
   2.0832762e-02
   2.0799290e-02
   2.0765924e-02
   2.0732662e-02
   2.0699504e-02
   2.0666449e-02
   2.0633495e-02
   2.0600642e-02
   2.0567888e-02
   2.0535233e-02
   2.0502675e-02
   2.0470214e-02
   2.0437848e-02
   2.0405576e-02
   2.0373398e-02
   2.0341313e-02
   2.0309319e-02
   2.0277416e-02
   2.0245602e-02
   2.0213877e-02
