   1.5012469e-01
   7.0803685e-02
   9.0749279e-02
   8.2665224e-02
   7.9389615e-02
   7.8874031e-02
   7.7935400e-02
   7.7127839e-02
   7.6601464e-02
   7.6176598e-02
   7.5792024e-02
   7.5424920e-02
   7.5085821e-02
   7.4789518e-02
   7.4542701e-02
   7.4339240e-02
   7.4163653e-02
   7.4006780e-02
   7.3869629e-02
   7.3752917e-02
   7.3653518e-02
   7.3568940e-02
   7.3502082e-02
   7.3465939e-02
   7.3463908e-02
   7.3485211e-02
   7.3533361e-02
   7.3608377e-02
   7.3699534e-02
   7.3804149e-02
   7.3926368e-02
   7.4064851e-02
   7.4213176e-02
   7.4370742e-02
   7.4538411e-02
   7.4713995e-02
   7.4895034e-02
   7.5080359e-02
   7.5268770e-02
   7.5457987e-02
   7.5646992e-02
   7.5836587e-02
   7.6022569e-02
   7.6204718e-02
   7.6386655e-02
   7.6568915e-02
   7.6754409e-02
   7.6935584e-02
   7.7110509e-02
   7.7282359e-02
   7.7449572e-02
   7.7610120e-02
   7.7763486e-02
   7.7909119e-02
   7.8046433e-02
   7.8175005e-02
   7.8294541e-02
   7.8404922e-02
   7.8506244e-02
   7.8598802e-02
   7.8683062e-02
   7.8759608e-02
   7.8829062e-02
   7.8892022e-02
   7.8949053e-02
   7.9000684e-02
   7.9047401e-02
   7.9089646e-02
   7.9127829e-02
   7.9162336e-02
   7.9193551e-02
   7.9221857e-02
   7.9247612e-02
   7.9271133e-02
   7.9292691e-02
   7.9312514e-02
   7.9330778e-02
   7.9347616e-02
   7.9363117e-02
   7.9377342e-02
   7.9390326e-02
   7.9402091e-02
   7.9412653e-02
   7.9422035e-02
   7.9430264e-02
   7.9437386e-02
   7.9443465e-02
   7.9448583e-02
   7.9452838e-02
   7.9456345e-02
   7.9459228e-02
   7.9461622e-02
   7.9463666e-02
   7.9465504e-02
   7.9467286e-02
   7.9469162e-02
   7.9471279e-02
   7.9473775e-02
   7.9476772e-02
   7.9480364e-02
   7.9484610e-02
   7.9489522e-02
   7.9495055e-02
   7.9501097e-02
   7.9507455e-02
   7.9513846e-02
   7.9519879e-02
   7.9525045e-02
   7.9528696e-02
   7.9530035e-02
   7.9528099e-02
   7.9521755e-02
   7.9509694e-02
   7.9490446e-02
   7.9462399e-02
   7.9423841e-02
   7.9373005e-02
   7.9308129e-02
   7.9227510e-02
   7.9129556e-02
   7.9012822e-02
   7.8876046e-02
   7.8718189e-02
   7.8538487e-02
   7.8336498e-02
   7.8112126e-02
   7.7865648e-02
   7.7597714e-02
   7.7309312e-02
   7.7001360e-02
   7.6673934e-02
   7.6330514e-02
   7.5975014e-02
   7.5606824e-02
   7.5226745e-02
   7.4836624e-02
   7.4438020e-02
   7.4032501e-02
   7.3621518e-02
   7.3206194e-02
   7.2787539e-02
   7.2366582e-02
   7.1944264e-02
   7.1521402e-02
   7.1098725e-02
   7.0676844e-02
   7.0255951e-02
   6.9836167e-02
   6.9420093e-02
   6.9008501e-02
   6.8598899e-02
   6.8191574e-02
   6.7787756e-02
   6.7388138e-02
   6.6992580e-02
   6.6601435e-02
   6.6214702e-02
   6.5832665e-02
   6.5455265e-02
   6.5082753e-02
   6.4715054e-02
   6.4352376e-02
   6.3994634e-02
   6.3642035e-02
   6.3294435e-02
   6.2951921e-02
   6.2614424e-02
   6.2282115e-02
   6.1954876e-02
   6.1632825e-02
   6.1315851e-02
   6.1004063e-02
   6.0697353e-02
   6.0395815e-02
   6.0099337e-02
   5.9808042e-02
   5.9522041e-02
   5.9242183e-02
   5.8967543e-02
   5.8696584e-02
   5.8430062e-02
   5.8168936e-02
   5.7913069e-02
   5.7662422e-02
   5.7416861e-02
   5.7176379e-02
   5.6940837e-02
   5.6710273e-02
   5.6484595e-02
   5.6263855e-02
   5.6047960e-02
   5.5836949e-02
   5.5630725e-02
   5.5429319e-02
   5.5232628e-02
   5.5040680e-02
   5.4853378e-02
   5.4670748e-02
   5.4492695e-02
   5.4319242e-02
   5.4150286e-02
   5.3985846e-02
   5.3825821e-02
   5.3670226e-02
   5.3518959e-02
   5.3372028e-02
   5.3229326e-02
   5.3090854e-02
   5.2956502e-02
   5.2826264e-02
   5.2700023e-02
   5.2577767e-02
   5.2459372e-02
   5.2344818e-02
   5.2233974e-02
   5.2126809e-02
   5.2023185e-02
   5.1923063e-02
   5.1826293e-02
   5.1732824e-02
   5.1642497e-02
   5.1555249e-02
   5.1470906e-02
   5.1389391e-02
   5.1310516e-02
   5.1234189e-02
   5.1160203e-02
   5.1088448e-02
   5.1018701e-02
   5.0950833e-02
   5.0884603e-02
   5.0819863e-02
   5.0756354e-02
   5.0693912e-02
   5.0632266e-02
   5.0571241e-02
   5.0510555e-02
   5.0450029e-02
   5.0389380e-02
   5.0328432e-02
   5.0266911e-02
   5.0204653e-02
   5.0141399e-02
   5.0077009e-02
   5.0011249e-02
   4.9944008e-02
   4.9875083e-02
   4.9804397e-02
   4.9731784e-02
   4.9657203e-02
   4.9580526e-02
   4.9501747e-02
   4.9420775e-02
   4.9337636e-02
   4.9252271e-02
   4.9164734e-02
   4.9074991e-02
   4.8983119e-02
   4.8889105e-02
   4.8793041e-02
   4.8694932e-02
   4.8594880e-02
   4.8492899e-02
   4.8389099e-02
   4.8283502e-02
   4.8176220e-02
   4.8067279e-02
   4.7956790e-02
   4.7844781e-02
   4.7731361e-02
   4.7616559e-02
   4.7500482e-02
   4.7383156e-02
   4.7264688e-02
   4.7145103e-02
   4.7024503e-02
   4.6902915e-02
   4.6780435e-02
   4.6657089e-02
   4.6532968e-02
   4.6408095e-02
   4.6282558e-02
   4.6156374e-02
   4.6029626e-02
   4.5902329e-02
   4.5774560e-02
   4.5646333e-02
   4.5517721e-02
   4.5388738e-02
   4.5259454e-02
   4.5129884e-02
   4.5000097e-02
   4.4870105e-02
   4.4739975e-02
   4.4609720e-02
   4.4479401e-02
   4.4349027e-02
   4.4218655e-02
   4.4088295e-02
   4.3957999e-02
   4.3827773e-02
   4.3697667e-02
   4.3567687e-02
   4.3437878e-02
   4.3308245e-02
   4.3178831e-02
   4.3049641e-02
   4.2920713e-02
   4.2792052e-02
   4.2663696e-02
   4.2535647e-02
   4.2407942e-02
   4.2280583e-02
   4.2153603e-02
   4.2027003e-02
   4.1900817e-02
   4.1775045e-02
   4.1649716e-02
   4.1524831e-02
   4.1400420e-02
   4.1276481e-02
   4.1153041e-02
   4.1030102e-02
   4.0907687e-02
   4.0785796e-02
   4.0664452e-02
   4.0543654e-02
   4.0423426e-02
   4.0303765e-02
   4.0184692e-02
   4.0066208e-02
   3.9948330e-02
   3.9831057e-02
   3.9714408e-02
   3.9598380e-02
   3.9482992e-02
   3.9368241e-02
   3.9254144e-02
   3.9140698e-02
   3.9027918e-02
   3.8915803e-02
   3.8804366e-02
   3.8693605e-02
   3.8583535e-02
   3.8474152e-02
   3.8365470e-02
   3.8257486e-02
   3.8150213e-02
   3.8043649e-02
   3.7937804e-02
   3.7832677e-02
   3.7728280e-02
   3.7624608e-02
   3.7521673e-02
   3.7419473e-02
   3.7318016e-02
   3.7217301e-02
   3.7117335e-02
   3.7018117e-02
   3.6919653e-02
   3.6821942e-02
   3.6724990e-02
   3.6628794e-02
   3.6533359e-02
   3.6438683e-02
   3.6344769e-02
   3.6251615e-02
   3.6159224e-02
   3.6067592e-02
   3.5976724e-02
   3.5886614e-02
   3.5797266e-02
   3.5708675e-02
   3.5620846e-02
   3.5533771e-02
   3.5447454e-02
   3.5361888e-02
   3.5277077e-02
   3.5193013e-02
   3.5109697e-02
   3.5027123e-02
   3.4945290e-02
   3.4864190e-02
   3.4783824e-02
   3.4704182e-02
   3.4625264e-02
   3.4547059e-02
   3.4469565e-02
   3.4392773e-02
   3.4316679e-02
   3.4241272e-02
   3.4166548e-02
   3.4092495e-02
   3.4019108e-02
   3.3946375e-02
   3.3874289e-02
   3.3802837e-02
   3.3732011e-02
   3.3661798e-02
   3.3592189e-02
   3.3523170e-02
   3.3454731e-02
   3.3386856e-02
   3.3319536e-02
   3.3252754e-02
   3.3186499e-02
   3.3120754e-02
   3.3055509e-02
   3.2990744e-02
   3.2926448e-02
   3.2862605e-02
   3.2799200e-02
   3.2736215e-02
   3.2673640e-02
   3.2611454e-02
   3.2549646e-02
   3.2488198e-02
   3.2427096e-02
   3.2366324e-02
   3.2305869e-02
   3.2245714e-02
   3.2185846e-02
   3.2126249e-02
   3.2066912e-02
   3.2007819e-02
   3.1948958e-02
   3.1890314e-02
   3.1831877e-02
   3.1773633e-02
   3.1715571e-02
   3.1657678e-02
   3.1599946e-02
   3.1542361e-02
   3.1484916e-02
   3.1427597e-02
   3.1370399e-02
   3.1313310e-02
   3.1256323e-02
   3.1199428e-02
   3.1142619e-02
   3.1085888e-02
   3.1029228e-02
   3.0972632e-02
   3.0916096e-02
   3.0859610e-02
   3.0803173e-02
   3.0746777e-02
   3.0690419e-02
   3.0634094e-02
   3.0577798e-02
   3.0521527e-02
   3.0465280e-02
   3.0409051e-02
   3.0352839e-02
   3.0296641e-02
   3.0240456e-02
   3.0184281e-02
   3.0128116e-02
   3.0071958e-02
   3.0015808e-02
   2.9959663e-02
   2.9903524e-02
   2.9847390e-02
   2.9791262e-02
   2.9735139e-02
   2.9679022e-02
   2.9622911e-02
   2.9566808e-02
   2.9510712e-02
   2.9454626e-02
   2.9398550e-02
   2.9342486e-02
   2.9286401e-02
   2.9230064e-02
   2.9173425e-02
   2.9116947e-02
   2.9060930e-02
   2.9005199e-02
   2.8949509e-02
   2.8893789e-02
   2.8838045e-02
   2.8782281e-02
   2.8726493e-02
   2.8670694e-02
   2.8614905e-02
   2.8559149e-02
   2.8503440e-02
   2.8447787e-02
   2.8392191e-02
   2.8336655e-02
   2.8281176e-02
   2.8225756e-02
   2.8170393e-02
   2.8115088e-02
   2.8059843e-02
   2.8004660e-02
   2.7949541e-02
   2.7894488e-02
   2.7839505e-02
   2.7784594e-02
   2.7729758e-02
   2.7674998e-02
   2.7620316e-02
   2.7565716e-02
   2.7511198e-02
   2.7456765e-02
   2.7402418e-02
   2.7348159e-02
   2.7293990e-02
   2.7239913e-02
   2.7185929e-02
   2.7132041e-02
   2.7078251e-02
   2.7024559e-02
   2.6970968e-02
   2.6917480e-02
   2.6864096e-02
   2.6810819e-02
   2.6757649e-02
   2.6704589e-02
   2.6651640e-02
   2.6598804e-02
   2.6546083e-02
   2.6493478e-02
   2.6440991e-02
   2.6388623e-02
   2.6336377e-02
   2.6284253e-02
   2.6232253e-02
   2.6180378e-02
   2.6128630e-02
   2.6077011e-02
   2.6025522e-02
   2.5974163e-02
   2.5922937e-02
   2.5871846e-02
   2.5820901e-02
   2.5770156e-02
   2.5719635e-02
   2.5669189e-02
   2.5618664e-02
   2.5568172e-02
   2.5517894e-02
   2.5467806e-02
   2.5417848e-02
   2.5368119e-02
   2.5318726e-02
   2.5269641e-02
   2.5220730e-02
   2.5171792e-02
   2.5122718e-02
   2.5073661e-02
   2.5024829e-02
   2.4976259e-02
   2.4927917e-02
   2.4879762e-02
   2.4831743e-02
   2.4783872e-02
   2.4736170e-02
   2.4688608e-02
   2.4641191e-02
   2.4593937e-02
   2.4546821e-02
   2.4499855e-02
   2.4453058e-02
   2.4406406e-02
   2.4359910e-02
   2.4313586e-02
   2.4267410e-02
   2.4221390e-02
   2.4175541e-02
   2.4129842e-02
   2.4084298e-02
   2.4038925e-02
   2.3993701e-02
   2.3948632e-02
   2.3903735e-02
   2.3858988e-02
   2.3814397e-02
   2.3769977e-02
   2.3725709e-02
   2.3681598e-02
   2.3637657e-02
   2.3593870e-02
   2.3550238e-02
   2.3506778e-02
   2.3463471e-02
   2.3420320e-02
   2.3377339e-02
   2.3334511e-02
   2.3291840e-02
   2.3249338e-02
   2.3206997e-02
   2.3164859e-02
   2.3123002e-02
   2.3081357e-02
   2.3039714e-02
   2.2997968e-02
   2.2956250e-02
   2.2914773e-02
   2.2873625e-02
   2.2832755e-02
   2.2792075e-02
   2.2751541e-02
   2.2711148e-02
   2.2670902e-02
   2.2630803e-02
   2.2590850e-02
   2.2551040e-02
   2.2511375e-02
   2.2471859e-02
   2.2432492e-02
   2.2393278e-02
   2.2354215e-02
   2.2315304e-02
   2.2276542e-02
   2.2237928e-02
   2.2199461e-02
   2.2161138e-02
   2.2122959e-02
   2.2084921e-02
   2.2047025e-02
   2.2009269e-02
   2.1971653e-02
   2.1934176e-02
   2.1896837e-02
   2.1859637e-02
   2.1822573e-02
   2.1785647e-02
   2.1748857e-02
   2.1712202e-02
   2.1675682e-02
   2.1639296e-02
   2.1603042e-02
   2.1566921e-02
   2.1530930e-02
   2.1495070e-02
   2.1459339e-02
   2.1423737e-02
   2.1388262e-02
   2.1352913e-02
   2.1317690e-02
   2.1282591e-02
   2.1247616e-02
   2.1212763e-02
   2.1178032e-02
   2.1143422e-02
   2.1108930e-02
   2.1074558e-02
   2.1040302e-02
   2.1006163e-02
   2.0972139e-02
   2.0938230e-02
   2.0904434e-02
   2.0870750e-02
   2.0837176e-02
   2.0803713e-02
   2.0770359e-02
   2.0737113e-02
   2.0703974e-02
   2.0670940e-02
   2.0638012e-02
   2.0605187e-02
   2.0572465e-02
   2.0539844e-02
   2.0507325e-02
   2.0474905e-02
   2.0442583e-02
   2.0410359e-02
   2.0378232e-02
   2.0346201e-02
   2.0314264e-02
   2.0282421e-02
   2.0250670e-02
   2.0219012e-02
   2.0187444e-02
   2.0155966e-02
   2.0124576e-02
