   0.0000000e+00
   0.0000000e+00
   0.0000000e+00
   0.0000000e+00
   0.0000000e+00
   0.0000000e+00
   0.0000000e+00
   0.0000000e+00
   0.0000000e+00
   0.0000000e+00
   0.0000000e+00
   0.0000000e+00
   0.0000000e+00
   0.0000000e+00
   0.0000000e+00
   0.0000000e+00
   0.0000000e+00
   0.0000000e+00
   0.0000000e+00
   6.2435962e-05
   9.3720147e-05
   6.2664642e-05
   6.2848183e-05
   6.3771941e-05
   3.3870524e-04
   4.6483804e-03
   1.7468362e-02
   3.8732393e-02
   5.1472154e-02
   5.3792903e-02
   5.1860583e-02
   5.0853842e-02
   5.0359990e-02
   5.0130281e-02
   4.9980816e-02
   4.9694660e-02
   4.9525459e-02
   4.9386065e-02
   4.9296338e-02
   4.9240435e-02
   4.9217484e-02
   4.9226364e-02
   4.9259728e-02
   4.9311380e-02
   4.9380392e-02
   4.9466729e-02
   4.9566939e-02
   4.9678508e-02
   4.9800034e-02
   4.9928322e-02
   5.0061435e-02
   5.0198305e-02
   5.0336696e-02
   5.0475194e-02
   5.0613149e-02
   5.0750029e-02
   5.0885986e-02
   5.1021535e-02
   5.1157475e-02
   5.1293792e-02
   5.1429365e-02
   5.1563412e-02
   5.1695179e-02
   5.1823764e-02
   5.1948203e-02
   5.2067589e-02
   5.2181164e-02
   5.2288194e-02
   5.2388444e-02
   5.2482095e-02
   5.2569177e-02
   5.2649826e-02
   5.2724405e-02
   5.2793347e-02
   5.2857086e-02
   5.2916002e-02
   5.2970398e-02
   5.3020525e-02
   5.3066626e-02
   5.3108972e-02
   5.3147865e-02
   5.3183637e-02
   5.3216632e-02
   5.3247189e-02
   5.3275618e-02
   5.3302189e-02
   5.3327112e-02
   5.3350534e-02
   5.3372547e-02
   5.3393204e-02
   5.3412529e-02
   5.3430538e-02
   5.3447243e-02
   5.3462667e-02
   5.3476846e-02
   5.3489834e-02
   5.3501698e-02
   5.3512519e-02
   5.3522389e-02
   5.3531407e-02
   5.3539684e-02
   5.3547338e-02
   5.3554492e-02
   5.3561273e-02
   5.3567806e-02
   5.3574214e-02
   5.3580609e-02
   5.3587095e-02
   5.3593763e-02
   5.3600693e-02
   5.3607946e-02
   5.3615568e-02
   5.3623581e-02
   5.3631981e-02
   5.3640726e-02
   5.3649738e-02
   5.3658888e-02
   5.3667991e-02
   5.3676800e-02
   5.3684994e-02
   5.3692172e-02
   5.3697841e-02
   5.3701410e-02
   5.3702180e-02
   5.3699340e-02
   5.3691968e-02
   5.3679043e-02
   5.3659459e-02
   5.3632059e-02
   5.3595665e-02
   5.3549109e-02
   5.3491271e-02
   5.3421144e-02
   5.3337868e-02
   5.3240722e-02
   5.3129144e-02
   5.3002777e-02
   5.2861492e-02
   5.2705390e-02
   5.2534812e-02
   5.2350325e-02
   5.2152702e-02
   5.1942879e-02
   5.1721903e-02
   5.1490882e-02
   5.1250950e-02
   5.1003235e-02
   5.0748829e-02
   5.0488745e-02
   5.0223923e-02
   4.9955281e-02
   4.9683725e-02
   4.9410067e-02
   4.9134970e-02
   4.8859018e-02
   4.8582779e-02
   4.8306791e-02
   4.8031517e-02
   4.7757336e-02
   4.7484573e-02
   4.7213514e-02
   4.6944412e-02
   4.6677542e-02
   4.6413182e-02
   4.6151478e-02
   4.5892481e-02
   4.5636286e-02
   4.5383053e-02
   4.5132927e-02
   4.4885975e-02
   4.4642196e-02
   4.4401598e-02
   4.4164239e-02
   4.3930188e-02
   4.3699478e-02
   4.3472101e-02
   4.3248046e-02
   4.3027307e-02
   4.2809888e-02
   4.2595790e-02
   4.2385010e-02
   4.2177545e-02
   4.1973386e-02
   4.1772526e-02
   4.1574956e-02
   4.1380661e-02
   4.1189629e-02
   4.1001846e-02
   4.0817296e-02
   4.0635966e-02
   4.0457843e-02
   4.0282913e-02
   4.0111165e-02
   3.9942582e-02
   3.9777145e-02
   3.9614829e-02
   3.9455618e-02
   3.9299515e-02
   3.9146529e-02
   3.8996659e-02
   3.8849883e-02
   3.8706167e-02
   3.8565490e-02
   3.8427853e-02
   3.8293264e-02
   3.8161715e-02
   3.8033182e-02
   3.7907635e-02
   3.7785054e-02
   3.7665424e-02
   3.7548735e-02
   3.7434973e-02
   3.7324125e-02
   3.7216177e-02
   3.7111113e-02
   3.7008917e-02
   3.6909569e-02
   3.6813049e-02
   3.6719337e-02
   3.6628407e-02
   3.6540238e-02
   3.6454803e-02
   3.6372076e-02
   3.6292028e-02
   3.6214629e-02
   3.6139847e-02
   3.6067646e-02
   3.5997988e-02
   3.5930835e-02
   3.5866142e-02
   3.5803862e-02
   3.5743945e-02
   3.5686339e-02
   3.5630984e-02
   3.5577821e-02
   3.5526784e-02
   3.5477801e-02
   3.5430800e-02
   3.5385699e-02
   3.5342414e-02
   3.5300852e-02
   3.5260919e-02
   3.5222509e-02
   3.5185514e-02
   3.5149817e-02
   3.5115295e-02
   3.5081817e-02
   3.5049247e-02
   3.5017442e-02
   3.4986252e-02
   3.4955523e-02
   3.4925097e-02
   3.4894811e-02
   3.4864503e-02
   3.4834007e-02
   3.4803160e-02
   3.4771802e-02
   3.4739777e-02
   3.4706935e-02
   3.4673133e-02
   3.4638240e-02
   3.4602133e-02
   3.4564703e-02
   3.4525853e-02
   3.4485499e-02
   3.4443572e-02
   3.4400016e-02
   3.4354790e-02
   3.4307864e-02
   3.4259222e-02
   3.4208859e-02
   3.4156783e-02
   3.4103009e-02
   3.4047562e-02
   3.3990474e-02
   3.3931782e-02
   3.3871531e-02
   3.3809768e-02
   3.3746544e-02
   3.3681915e-02
   3.3615934e-02
   3.3548659e-02
   3.3480148e-02
   3.3410459e-02
   3.3339647e-02
   3.3267771e-02
   3.3194886e-02
   3.3121046e-02
   3.3046305e-02
   3.2970716e-02
   3.2894329e-02
   3.2817195e-02
   3.2739362e-02
   3.2660877e-02
   3.2581787e-02
   3.2502135e-02
   3.2421965e-02
   3.2341317e-02
   3.2260232e-02
   3.2178746e-02
   3.2096895e-02
   3.2014715e-02
   3.1932236e-02
   3.1849491e-02
   3.1766510e-02
   3.1683321e-02
   3.1599954e-02
   3.1516436e-02
   3.1432794e-02
   3.1349054e-02
   3.1265243e-02
   3.1181386e-02
   3.1097505e-02
   3.1013624e-02
   3.0929765e-02
   3.0845948e-02
   3.0762193e-02
   3.0678519e-02
   3.0594942e-02
   3.0511479e-02
   3.0428147e-02
   3.0344960e-02
   3.0261933e-02
   3.0179079e-02
   3.0096412e-02
   3.0013944e-02
   2.9931687e-02
   2.9849653e-02
   2.9767854e-02
   2.9686299e-02
   2.9605000e-02
   2.9523966e-02
   2.9443207e-02
   2.9362732e-02
   2.9282550e-02
   2.9202670e-02
   2.9123100e-02
   2.9043848e-02
   2.8964923e-02
   2.8886332e-02
   2.8808081e-02
   2.8730179e-02
   2.8652631e-02
   2.8575444e-02
   2.8498625e-02
   2.8422179e-02
   2.8346112e-02
   2.8270429e-02
   2.8195136e-02
   2.8120237e-02
   2.8045738e-02
   2.7971643e-02
   2.7897957e-02
   2.7824684e-02
   2.7751828e-02
   2.7679393e-02
   2.7607384e-02
   2.7535802e-02
   2.7464653e-02
   2.7393939e-02
   2.7323664e-02
   2.7253830e-02
   2.7184441e-02
   2.7115500e-02
   2.7047010e-02
   2.6978972e-02
   2.6911391e-02
   2.6844267e-02
   2.6777605e-02
   2.6711405e-02
   2.6645671e-02
   2.6580404e-02
   2.6515606e-02
   2.6451280e-02
   2.6387428e-02
   2.6324050e-02
   2.6261148e-02
   2.6198725e-02
   2.6136780e-02
   2.6075316e-02
   2.6014334e-02
   2.5953833e-02
   2.5893815e-02
   2.5834280e-02
   2.5775228e-02
   2.5716660e-02
   2.5658575e-02
   2.5600974e-02
   2.5543855e-02
   2.5487219e-02
   2.5431064e-02
   2.5375391e-02
   2.5320197e-02
   2.5265484e-02
   2.5211249e-02
   2.5157492e-02
   2.5104210e-02
   2.5051404e-02
   2.4999070e-02
   2.4947207e-02
   2.4895813e-02
   2.4844886e-02
   2.4794423e-02
   2.4744421e-02
   2.4694878e-02
   2.4645790e-02
   2.4597153e-02
   2.4548964e-02
   2.4501217e-02
   2.4453910e-02
   2.4407036e-02
   2.4360593e-02
   2.4314573e-02
   2.4268972e-02
   2.4223785e-02
   2.4179005e-02
   2.4134626e-02
   2.4090642e-02
   2.4047045e-02
   2.4003828e-02
   2.3960985e-02
   2.3918506e-02
   2.3876385e-02
   2.3834612e-02
   2.3793179e-02
   2.3752077e-02
   2.3711297e-02
   2.3670830e-02
   2.3630666e-02
   2.3590796e-02
   2.3551209e-02
   2.3511897e-02
   2.3472848e-02
   2.3434053e-02
   2.3395502e-02
   2.3357185e-02
   2.3319091e-02
   2.3281209e-02
   2.3243530e-02
   2.3206044e-02
   2.3168741e-02
   2.3131611e-02
   2.3094645e-02
   2.3057833e-02
   2.3021166e-02
   2.2984635e-02
   2.2948231e-02
   2.2911945e-02
   2.2875769e-02
   2.2839695e-02
   2.2803715e-02
   2.2767821e-02
   2.2732005e-02
   2.2696261e-02
   2.2660580e-02
   2.2624957e-02
   2.2589387e-02
   2.2553862e-02
   2.2518377e-02
   2.2482928e-02
   2.2447508e-02
   2.2412113e-02
   2.2376739e-02
   2.2341381e-02
   2.2306034e-02
   2.2270696e-02
   2.2235363e-02
   2.2200031e-02
   2.2164698e-02
   2.2129361e-02
   2.2094017e-02
   2.2058665e-02
   2.2023301e-02
   2.1987925e-02
   2.1952535e-02
   2.1917129e-02
   2.1881707e-02
   2.1846268e-02
   2.1810809e-02
   2.1775332e-02
   2.1739836e-02
   2.1704320e-02
   2.1668785e-02
   2.1633229e-02
   2.1597655e-02
   2.1562061e-02
   2.1526449e-02
   2.1490818e-02
   2.1455171e-02
   2.1419507e-02
   2.1383828e-02
   2.1348134e-02
   2.1312427e-02
   2.1276708e-02
   2.1240978e-02
   2.1205238e-02
   2.1169490e-02
   2.1133736e-02
   2.1097979e-02
   2.1062223e-02
   2.1026469e-02
   2.0990718e-02
   2.0954969e-02
   2.0919220e-02
   2.0883473e-02
   2.0847731e-02
   2.0811999e-02
   2.0776283e-02
   2.0740585e-02
   2.0704904e-02
   2.0669238e-02
   2.0633585e-02
   2.0597947e-02
   2.0562328e-02
   2.0526733e-02
   2.0491165e-02
   2.0455630e-02
   2.0420127e-02
   2.0384658e-02
   2.0349221e-02
   2.0313817e-02
   2.0278447e-02
   2.0243112e-02
   2.0207814e-02
   2.0172555e-02
   2.0137339e-02
   2.0102167e-02
   2.0067040e-02
   2.0031960e-02
   1.9996927e-02
   1.9961943e-02
   1.9927009e-02
   1.9892126e-02
   1.9857295e-02
   1.9822518e-02
   1.9787797e-02
   1.9753132e-02
   1.9718525e-02
   1.9683978e-02
   1.9649492e-02
   1.9615069e-02
   1.9580709e-02
   1.9546414e-02
   1.9512185e-02
   1.9478023e-02
   1.9443930e-02
   1.9409905e-02
   1.9375951e-02
   1.9342067e-02
   1.9308257e-02
   1.9274520e-02
   1.9240857e-02
   1.9207270e-02
   1.9173759e-02
   1.9140326e-02
   1.9106972e-02
   1.9073697e-02
   1.9040504e-02
   1.9007393e-02
   1.8974365e-02
   1.8941421e-02
   1.8908560e-02
   1.8875783e-02
   1.8843088e-02
   1.8810476e-02
   1.8777948e-02
   1.8745507e-02
   1.8713154e-02
   1.8680894e-02
   1.8648727e-02
   1.8616655e-02
   1.8584675e-02
   1.8552786e-02
   1.8520986e-02
   1.8489273e-02
   1.8457651e-02
   1.8426120e-02
   1.8394685e-02
   1.8363348e-02
   1.8332109e-02
   1.8300966e-02
   1.8269916e-02
   1.8238959e-02
   1.8208093e-02
   1.8177321e-02
   1.8146647e-02
   1.8116072e-02
   1.8085600e-02
   1.8055229e-02
   1.8024958e-02
   1.7994785e-02
   1.7964709e-02
   1.7934729e-02
   1.7904846e-02
   1.7875060e-02
   1.7845373e-02
   1.7815786e-02
   1.7786300e-02
   1.7756916e-02
   1.7727632e-02
   1.7698449e-02
   1.7669367e-02
   1.7640384e-02
   1.7611501e-02
   1.7582717e-02
   1.7554034e-02
   1.7525451e-02
   1.7496968e-02
   1.7468586e-02
   1.7440304e-02
   1.7412123e-02
   1.7384043e-02
   1.7356064e-02
   1.7328185e-02
   1.7300408e-02
   1.7272731e-02
   1.7245156e-02
   1.7217682e-02
   1.7190309e-02
   1.7163036e-02
   1.7135861e-02
   1.7108784e-02
   1.7081802e-02
   1.7054916e-02
   1.7028126e-02
   1.7001435e-02
   1.6974842e-02
   1.6948350e-02
   1.6921956e-02
   1.6895661e-02
   1.6869461e-02
   1.6843357e-02
   1.6817346e-02
   1.6791432e-02
   1.6765614e-02
   1.6739893e-02
   1.6714269e-02
   1.6688742e-02
   1.6663308e-02
   1.6637966e-02
   1.6612716e-02
   1.6587555e-02
   1.6562485e-02
   1.6537506e-02
   1.6512619e-02
   1.6487825e-02
   1.6463123e-02
   1.6438513e-02
   1.6413994e-02
   1.6389564e-02
   1.6365221e-02
   1.6340965e-02
   1.6316795e-02
   1.6292711e-02
   1.6268712e-02
   1.6244798e-02
   1.6220970e-02
   1.6197226e-02
   1.6173566e-02
   1.6149990e-02
   1.6126496e-02
   1.6103084e-02
   1.6079753e-02
   1.6056503e-02
   1.6033332e-02
   1.6010241e-02
   1.5987227e-02
   1.5964292e-02
   1.5941433e-02
   1.5918652e-02
   1.5895946e-02
   1.5873316e-02
   1.5850760e-02
   1.5828279e-02
   1.5805871e-02
   1.5783536e-02
   1.5761273e-02
   1.5739082e-02
