   0.0000000e+00
   0.0000000e+00
   0.0000000e+00
   0.0000000e+00
   0.0000000e+00
   0.0000000e+00
   0.0000000e+00
   0.0000000e+00
   0.0000000e+00
   0.0000000e+00
   0.0000000e+00
   0.0000000e+00
   0.0000000e+00
   0.0000000e+00
   0.0000000e+00
   0.0000000e+00
   0.0000000e+00
   0.0000000e+00
   0.0000000e+00
   0.0000000e+00
   0.0000000e+00
   0.0000000e+00
   0.0000000e+00
   0.0000000e+00
   0.0000000e+00
   0.0000000e+00
   0.0000000e+00
   0.0000000e+00
   0.0000000e+00
   0.0000000e+00
   0.0000000e+00
   0.0000000e+00
   0.0000000e+00
   0.0000000e+00
   0.0000000e+00
   0.0000000e+00
   0.0000000e+00
   0.0000000e+00
   0.0000000e+00
   6.2435959e-05
   9.3720144e-05
   6.2664718e-05
   6.2846439e-05
   6.3003530e-05
   6.3132825e-05
   6.3234943e-05
   6.3312959e-05
   6.3371039e-05
   6.3413439e-05
   6.3443793e-05
   6.3464483e-05
   6.3715965e-05
   1.2287167e-04
   1.7405594e-03
   7.5737757e-03
   2.1591952e-02
   3.6357468e-02
   4.5317135e-02
   4.5663984e-02
   4.4021975e-02
   4.3314660e-02
   4.3062346e-02
   4.3166249e-02
   4.2922777e-02
   4.2624284e-02
   4.2420336e-02
   4.2192816e-02
   4.1947933e-02
   4.1697093e-02
   4.1437549e-02
   4.1169015e-02
   4.0880157e-02
   4.0569353e-02
   4.0250384e-02
   3.9935292e-02
   3.9625974e-02
   3.9309066e-02
   3.8975334e-02
   3.8629305e-02
   3.8274763e-02
   3.7935632e-02
   3.7704055e-02
   3.7472981e-02
   3.7251794e-02
   3.7063111e-02
   3.6922711e-02
   3.6796306e-02
   3.6682279e-02
   3.6581107e-02
   3.6515292e-02
   3.6484493e-02
   3.6437173e-02
   3.6383415e-02
   3.6324399e-02
   3.6266259e-02
   3.6210807e-02
   3.6157943e-02
   3.6101353e-02
   3.6041931e-02
   3.5982633e-02
   3.5925153e-02
   3.5870099e-02
   3.5817790e-02
   3.5768451e-02
   3.5722151e-02
   3.5678868e-02
   3.5638605e-02
   3.5601293e-02
   3.5566604e-02
   3.5534390e-02
   3.5504290e-02
   3.5476121e-02
   3.5449717e-02
   3.5424930e-02
   3.5401643e-02
   3.5379765e-02
   3.5359227e-02
   3.5339977e-02
   3.5321979e-02
   3.5305215e-02
   3.5289673e-02
   3.5275350e-02
   3.5262249e-02
   3.5250370e-02
   3.5239712e-02
   3.5230259e-02
   3.5221979e-02
   3.5214815e-02
   3.5208683e-02
   3.5203463e-02
   3.5199000e-02
   3.5195095e-02
   3.5191507e-02
   3.5187938e-02
   3.5184034e-02
   3.5179376e-02
   3.5173472e-02
   3.5165755e-02
   3.5155577e-02
   3.5142220e-02
   3.5124904e-02
   3.5102808e-02
   3.5075094e-02
   3.5040938e-02
   3.4999556e-02
   3.4950239e-02
   3.4892380e-02
   3.4825497e-02
   3.4749247e-02
   3.4663424e-02
   3.4567979e-02
   3.4463023e-02
   3.4348823e-02
   3.4225794e-02
   3.4094492e-02
   3.3955595e-02
   3.3809864e-02
   3.3658109e-02
   3.3501170e-02
   3.3339879e-02
   3.3175029e-02
   3.3007364e-02
   3.2837578e-02
   3.2666309e-02
   3.2494150e-02
   3.2321650e-02
   3.2149300e-02
   3.1977510e-02
   3.1806619e-02
   3.1636919e-02
   3.1468677e-02
   3.1302127e-02
   3.1137488e-02
   3.0974896e-02
   3.0814446e-02
   3.0656243e-02
   3.0500363e-02
   3.0346877e-02
   3.0195841e-02
   3.0047351e-02
   2.9901308e-02
   2.9757716e-02
   2.9616574e-02
   2.9477869e-02
   2.9341611e-02
   2.9207764e-02
   2.9076279e-02
   2.8947119e-02
   2.8820259e-02
   2.8695679e-02
   2.8573345e-02
   2.8453223e-02
   2.8335280e-02
   2.8219485e-02
   2.8105800e-02
   2.7994186e-02
   2.7884656e-02
   2.7777128e-02
   2.7671563e-02
   2.7567936e-02
   2.7466218e-02
   2.7366383e-02
   2.7268401e-02
   2.7172246e-02
   2.7077900e-02
   2.6985349e-02
   2.6894573e-02
   2.6805561e-02
   2.6718302e-02
   2.6632779e-02
   2.6548977e-02
   2.6466885e-02
   2.6386493e-02
   2.6307796e-02
   2.6230794e-02
   2.6155485e-02
   2.6081863e-02
   2.6009917e-02
   2.5939636e-02
   2.5871016e-02
   2.5804056e-02
   2.5738760e-02
   2.5675130e-02
   2.5613164e-02
   2.5552859e-02
   2.5494211e-02
   2.5437212e-02
   2.5381857e-02
   2.5328139e-02
   2.5276052e-02
   2.5225594e-02
   2.5176759e-02
   2.5129546e-02
   2.5083951e-02
   2.5039968e-02
   2.4997593e-02
   2.4956819e-02
   2.4917639e-02
   2.4880046e-02
   2.4844029e-02
   2.4809578e-02
   2.4776680e-02
   2.4745322e-02
   2.4715485e-02
   2.4687150e-02
   2.4660292e-02
   2.4634891e-02
   2.4610920e-02
   2.4588352e-02
   2.4567154e-02
   2.4547291e-02
   2.4528724e-02
   2.4511411e-02
   2.4495305e-02
   2.4480360e-02
   2.4466579e-02
   2.4453879e-02
   2.4442165e-02
   2.4431371e-02
   2.4421427e-02
   2.4412254e-02
   2.4403773e-02
   2.4395896e-02
   2.4388533e-02
   2.4381586e-02
   2.4375007e-02
   2.4368647e-02
   2.4362383e-02
   2.4356104e-02
   2.4349697e-02
   2.4343045e-02
   2.4336029e-02
   2.4328530e-02
   2.4320431e-02
   2.4311619e-02
   2.4301986e-02
   2.4291428e-02
   2.4279849e-02
   2.4267185e-02
   2.4253326e-02
   2.4238202e-02
   2.4221762e-02
   2.4203958e-02
   2.4184740e-02
   2.4164081e-02
   2.4141965e-02
   2.4118389e-02
   2.4093356e-02
   2.4066880e-02
   2.4038986e-02
   2.4009703e-02
   2.3979069e-02
   2.3947126e-02
   2.3913921e-02
   2.3879505e-02
   2.3843932e-02
   2.3807258e-02
   2.3769540e-02
   2.3730834e-02
   2.3691199e-02
   2.3650692e-02
   2.3609369e-02
   2.3567285e-02
   2.3524493e-02
   2.3481045e-02
   2.3436989e-02
   2.3392374e-02
   2.3347243e-02
   2.3301641e-02
   2.3255608e-02
   2.3209183e-02
   2.3162405e-02
   2.3115306e-02
   2.3067921e-02
   2.3020281e-02
   2.2972416e-02
   2.2924352e-02
   2.2876116e-02
   2.2827731e-02
   2.2779220e-02
   2.2730603e-02
   2.2681900e-02
   2.2633130e-02
   2.2584308e-02
   2.2535451e-02
   2.2486576e-02
   2.2437695e-02
   2.2388826e-02
   2.2339981e-02
   2.2291173e-02
   2.2242414e-02
   2.2193718e-02
   2.2145096e-02
   2.2096559e-02
   2.2048119e-02
   2.1999785e-02
   2.1951566e-02
   2.1903472e-02
   2.1855512e-02
   2.1807693e-02
   2.1760023e-02
   2.1712509e-02
   2.1665159e-02
   2.1617978e-02
   2.1570972e-02
   2.1524146e-02
   2.1477505e-02
   2.1431056e-02
   2.1384803e-02
   2.1338751e-02
   2.1292905e-02
   2.1247270e-02
   2.1201849e-02
   2.1156647e-02
   2.1111668e-02
   2.1066915e-02
   2.1022393e-02
   2.0978103e-02
   2.0934051e-02
   2.0890237e-02
   2.0846665e-02
   2.0803338e-02
   2.0760258e-02
   2.0717427e-02
   2.0674847e-02
   2.0632520e-02
   2.0590448e-02
   2.0548632e-02
   2.0507074e-02
   2.0465776e-02
   2.0424737e-02
   2.0383961e-02
   2.0343446e-02
   2.0303194e-02
   2.0263207e-02
   2.0223484e-02
   2.0184026e-02
   2.0144834e-02
   2.0105909e-02
   2.0067256e-02
   2.0028869e-02
   1.9990750e-02
   1.9952898e-02
   1.9915314e-02
   1.9877997e-02
   1.9840949e-02
   1.9804170e-02
   1.9767658e-02
   1.9731415e-02
   1.9695439e-02
   1.9659731e-02
   1.9624290e-02
   1.9589115e-02
   1.9554207e-02
   1.9519565e-02
   1.9485189e-02
   1.9451077e-02
   1.9417230e-02
   1.9383647e-02
   1.9350325e-02
   1.9317265e-02
   1.9284464e-02
   1.9251922e-02
   1.9219638e-02
   1.9187610e-02
   1.9155837e-02
   1.9124318e-02
   1.9093054e-02
   1.9062042e-02
   1.9031282e-02
   1.9000774e-02
   1.8970518e-02
   1.8940513e-02
   1.8910761e-02
   1.8881261e-02
   1.8852015e-02
   1.8823024e-02
   1.8794289e-02
   1.8765812e-02
   1.8737595e-02
   1.8709638e-02
   1.8681944e-02
   1.8654515e-02
   1.8627352e-02
   1.8600456e-02
   1.8573830e-02
   1.8547473e-02
   1.8521386e-02
   1.8495569e-02
   1.8470023e-02
   1.8444746e-02
   1.8419736e-02
   1.8394991e-02
   1.8370508e-02
   1.8346284e-02
   1.8322313e-02
   1.8298592e-02
   1.8275114e-02
   1.8251873e-02
   1.8228862e-02
   1.8206075e-02
   1.8183503e-02
   1.8161138e-02
   1.8138972e-02
   1.8116998e-02
   1.8095206e-02
   1.8073589e-02
   1.8052138e-02
   1.8030845e-02
   1.8009702e-02
   1.7988703e-02
   1.7967839e-02
   1.7947104e-02
   1.7926491e-02
   1.7905993e-02
   1.7885605e-02
   1.7865320e-02
   1.7845132e-02
   1.7825036e-02
   1.7805025e-02
   1.7785095e-02
   1.7765240e-02
   1.7745454e-02
   1.7725731e-02
   1.7706067e-02
   1.7686455e-02
   1.7666891e-02
   1.7647368e-02
   1.7627882e-02
   1.7608427e-02
   1.7588999e-02
   1.7569593e-02
   1.7550203e-02
   1.7530826e-02
   1.7511457e-02
   1.7492092e-02
   1.7472727e-02
   1.7453358e-02
   1.7433983e-02
   1.7414598e-02
   1.7395199e-02
   1.7375784e-02
   1.7356349e-02
   1.7336891e-02
   1.7317407e-02
   1.7297894e-02
   1.7278348e-02
   1.7258766e-02
   1.7239145e-02
   1.7219482e-02
   1.7199775e-02
   1.7180019e-02
   1.7160214e-02
   1.7140356e-02
   1.7120445e-02
   1.7100479e-02
   1.7080458e-02
   1.7060381e-02
   1.7040248e-02
   1.7020061e-02
   1.6999819e-02
   1.6979525e-02
   1.6959179e-02
   1.6938785e-02
   1.6918343e-02
   1.6897854e-02
   1.6877321e-02
   1.6856744e-02
   1.6836123e-02
   1.6815457e-02
   1.6794747e-02
   1.6773989e-02
   1.6753184e-02
   1.6732329e-02
   1.6711423e-02
   1.6690465e-02
   1.6669454e-02
   1.6648389e-02
   1.6627271e-02
   1.6606101e-02
   1.6584879e-02
   1.6563609e-02
   1.6542294e-02
   1.6520936e-02
   1.6499540e-02
   1.6478111e-02
   1.6456653e-02
   1.6435172e-02
   1.6413672e-02
   1.6392160e-02
   1.6370640e-02
   1.6349118e-02
   1.6327595e-02
   1.6306073e-02
   1.6284554e-02
   1.6263034e-02
   1.6241511e-02
   1.6219981e-02
   1.6198439e-02
   1.6176879e-02
   1.6155298e-02
   1.6133692e-02
   1.6112058e-02
   1.6090395e-02
   1.6068704e-02
   1.6046986e-02
   1.6025244e-02
   1.6003482e-02
   1.5981703e-02
   1.5959915e-02
   1.5938122e-02
   1.5916331e-02
   1.5894550e-02
   1.5872788e-02
   1.5851054e-02
   1.5829359e-02
   1.5807710e-02
   1.5786119e-02
   1.5764591e-02
   1.5743129e-02
   1.5721734e-02
   1.5700402e-02
   1.5679126e-02
   1.5657898e-02
   1.5636707e-02
   1.5615545e-02
   1.5594402e-02
   1.5573270e-02
   1.5552143e-02
   1.5531016e-02
   1.5509886e-02
   1.5488753e-02
   1.5467618e-02
   1.5446486e-02
   1.5425360e-02
   1.5404248e-02
   1.5383159e-02
   1.5362102e-02
   1.5341088e-02
   1.5320128e-02
   1.5299236e-02
   1.5278424e-02
   1.5257707e-02
   1.5237099e-02
   1.5216616e-02
   1.5196274e-02
   1.5176089e-02
   1.5156075e-02
   1.5136241e-02
   1.5116584e-02
   1.5097097e-02
   1.5077764e-02
   1.5058564e-02
   1.5039478e-02
   1.5020487e-02
   1.5001576e-02
   1.4982733e-02
   1.4963949e-02
   1.4945219e-02
   1.4926539e-02
   1.4907909e-02
   1.4889332e-02
   1.4870811e-02
   1.4852352e-02
   1.4833965e-02
   1.4815657e-02
   1.4797440e-02
   1.4779324e-02
   1.4761321e-02
   1.4743442e-02
   1.4725698e-02
   1.4708100e-02
   1.4690658e-02
   1.4673383e-02
   1.4656289e-02
   1.4639394e-02
   1.4622716e-02
   1.4606270e-02
   1.4590069e-02
   1.4574114e-02
   1.4558401e-02
   1.4542915e-02
   1.4527640e-02
   1.4512555e-02
   1.4497643e-02
   1.4482884e-02
   1.4468263e-02
   1.4453764e-02
   1.4439369e-02
   1.4425058e-02
   1.4410808e-02
   1.4396591e-02
   1.4382382e-02
   1.4368158e-02
   1.4353899e-02
   1.4339590e-02
   1.4325223e-02
   1.4310790e-02
   1.4296286e-02
   1.4281708e-02
   1.4267057e-02
   1.4252330e-02
   1.4237531e-02
   1.4222660e-02
   1.4207719e-02
   1.4192712e-02
   1.4177642e-02
   1.4162511e-02
   1.4147322e-02
   1.4132079e-02
   1.4116784e-02
   1.4101440e-02
   1.4086048e-02
   1.4070613e-02
   1.4055135e-02
   1.4039617e-02
   1.4024060e-02
   1.4008468e-02
   1.3992841e-02
   1.3977181e-02
   1.3961490e-02
   1.3945769e-02
   1.3930020e-02
   1.3914245e-02
   1.3898444e-02
   1.3882622e-02
   1.3866778e-02
   1.3850914e-02
   1.3835034e-02
   1.3819139e-02
   1.3803230e-02
   1.3787309e-02
   1.3771379e-02
   1.3755451e-02
   1.3739516e-02
   1.3723584e-02
   1.3707655e-02
   1.3691736e-02
