   0.0000000e+00
   0.0000000e+00
   0.0000000e+00
   0.0000000e+00
   0.0000000e+00
   0.0000000e+00
   0.0000000e+00
   0.0000000e+00
   0.0000000e+00
   0.0000000e+00
   0.0000000e+00
   0.0000000e+00
   0.0000000e+00
   0.0000000e+00
   0.0000000e+00
   0.0000000e+00
   0.0000000e+00
   0.0000000e+00
   0.0000000e+00
   0.0000000e+00
   0.0000000e+00
   0.0000000e+00
   0.0000000e+00
   0.0000000e+00
   0.0000000e+00
   0.0000000e+00
   0.0000000e+00
   0.0000000e+00
   0.0000000e+00
   0.0000000e+00
   0.0000000e+00
   0.0000000e+00
   0.0000000e+00
   0.0000000e+00
   0.0000000e+00
   0.0000000e+00
   0.0000000e+00
   0.0000000e+00
   0.0000000e+00
   0.0000000e+00
   0.0000000e+00
   0.0000000e+00
   0.0000000e+00
   0.0000000e+00
   0.0000000e+00
   0.0000000e+00
   0.0000000e+00
   0.0000000e+00
   0.0000000e+00
   0.0000000e+00
   0.0000000e+00
   0.0000000e+00
   0.0000000e+00
   0.0000000e+00
   0.0000000e+00
   0.0000000e+00
   0.0000000e+00
   0.0000000e+00
   0.0000000e+00
   0.0000000e+00
   0.0000000e+00
   0.0000000e+00
   4.1498790e-08
   1.3244184e-07
   1.5767596e-05
   3.1393129e-05
   4.7089357e-05
   6.2794377e-05
   6.2919143e-05
   6.3058976e-05
   6.3173770e-05
   6.3264497e-05
   6.3333972e-05
   6.3385839e-05
   6.3423805e-05
   6.3451186e-05
   6.3470715e-05
   6.3484544e-05
   6.3494275e-05
   6.3500927e-05
   6.3504551e-05
   6.3646405e-05
   9.0045002e-05
   1.0079050e-03
   5.1157690e-03
   1.5446267e-02
   2.9679741e-02
   3.9718989e-02
   4.3754311e-02
   4.1740728e-02
   4.1275385e-02
   4.1221297e-02
   4.1426861e-02
   4.1249398e-02
   4.1210265e-02
   4.1258006e-02
   4.1283914e-02
   4.1293108e-02
   4.1294290e-02
   4.1280830e-02
   4.1248201e-02
   4.1197744e-02
   4.1134783e-02
   4.1065917e-02
   4.0994560e-02
   4.0917796e-02
   4.0829960e-02
   4.0731082e-02
   4.0622932e-02
   4.0502296e-02
   4.0369825e-02
   4.0228557e-02
   4.0077757e-02
   3.9915911e-02
   3.9740138e-02
   3.9557092e-02
   3.9389064e-02
   3.9247171e-02
   3.9105086e-02
   3.8927593e-02
   3.8711475e-02
   3.8481593e-02
   3.8239548e-02
   3.7987099e-02
   3.7745736e-02
   3.7524038e-02
   3.7317866e-02
   3.7121195e-02
   3.6914358e-02
   3.6699496e-02
   3.6495866e-02
   3.6288434e-02
   3.6096351e-02
   3.5932496e-02
   3.5777972e-02
   3.5645659e-02
   3.5548867e-02
   3.5475687e-02
   3.5403821e-02
   3.5353517e-02
   3.5330368e-02
   3.5266456e-02
   3.5122205e-02
   3.5001748e-02
   3.4977063e-02
   3.4979971e-02
   3.4949511e-02
   3.4912033e-02
   3.4977503e-02
   3.5181803e-02
   3.5454697e-02
   3.5692165e-02
   3.5787846e-02
   3.5762678e-02
   3.5723196e-02
   3.5739782e-02
   3.5852329e-02
   3.6030980e-02
   3.6187700e-02
   3.6291122e-02
   3.6389438e-02
   3.6518320e-02
   3.6648929e-02
   3.6713718e-02
   3.6635764e-02
   3.6412567e-02
   3.6172114e-02
   3.6045842e-02
   3.6022017e-02
   3.5975648e-02
   3.5835487e-02
   3.5668394e-02
   3.5564167e-02
   3.5524883e-02
   3.5487100e-02
   3.5396000e-02
   3.5250722e-02
   3.5074688e-02
   3.4891943e-02
   3.4709461e-02
   3.4524597e-02
   3.4326108e-02
   3.4107236e-02
   3.3877457e-02
   3.3658236e-02
   3.3461119e-02
   3.3276657e-02
   3.3093143e-02
   3.2915818e-02
   3.2760284e-02
   3.2633046e-02
   3.2521224e-02
   3.2401346e-02
   3.2258158e-02
   3.2094419e-02
   3.1925634e-02
   3.1765820e-02
   3.1616635e-02
   3.1470532e-02
   3.1320914e-02
   3.1165251e-02
   3.1003254e-02
   3.0837741e-02
   3.0675868e-02
   3.0524309e-02
   3.0382201e-02
   3.0242712e-02
   3.0100974e-02
   2.9957194e-02
   2.9813610e-02
   2.9671596e-02
   2.9532552e-02
   2.9398298e-02
   2.9269657e-02
   2.9146944e-02
   2.9031656e-02
   2.8925369e-02
   2.8827390e-02
   2.8734638e-02
   2.8643736e-02
   2.8553130e-02
   2.8462827e-02
   2.8372760e-02
   2.8282307e-02
   2.8191163e-02
   2.8099797e-02
   2.8009202e-02
   2.7921446e-02
   2.7839397e-02
   2.7763496e-02
   2.7689814e-02
   2.7613466e-02
   2.7533228e-02
   2.7451749e-02
   2.7372561e-02
   2.7297797e-02
   2.7227697e-02
   2.7161153e-02
   2.7096714e-02
   2.7033486e-02
   2.6971348e-02
   2.6910562e-02
   2.6851285e-02
   2.6793577e-02
   2.6737780e-02
   2.6684680e-02
   2.6635068e-02
   2.6589319e-02
   2.6546486e-02
   2.6506198e-02
   2.6468523e-02
   2.6433473e-02
   2.6400505e-02
   2.6368834e-02
   2.6338474e-02
   2.6309814e-02
   2.6283016e-02
   2.6258112e-02
   2.6234628e-02
   2.6211878e-02
   2.6189439e-02
   2.6167033e-02
   2.6144635e-02
   2.6122396e-02
   2.6100968e-02
   2.6081154e-02
   2.6063813e-02
   2.6048468e-02
   2.6034886e-02
   2.6022850e-02
   2.6012338e-02
   2.6003755e-02
   2.5997354e-02
   2.5993675e-02
   2.5993260e-02
   2.5996350e-02
   2.6002613e-02
   2.6010945e-02
   2.6019335e-02
   2.6025552e-02
   2.6028117e-02
   2.6026650e-02
   2.6021584e-02
   2.6013484e-02
   2.6002476e-02
   2.5988466e-02
   2.5971527e-02
   2.5951750e-02
   2.5929158e-02
   2.5903894e-02
   2.5876025e-02
   2.5845160e-02
   2.5810822e-02
   2.5773446e-02
   2.5734777e-02
   2.5697079e-02
   2.5662006e-02
   2.5630200e-02
   2.5601698e-02
   2.5576475e-02
   2.5554640e-02
   2.5536412e-02
   2.5522231e-02
   2.5512834e-02
   2.5508708e-02
   2.5509445e-02
   2.5513710e-02
   2.5519730e-02
   2.5526638e-02
   2.5537784e-02
   2.5546121e-02
   2.5549985e-02
   2.5549432e-02
   2.5544639e-02
   2.5535935e-02
   2.5523789e-02
   2.5508682e-02
   2.5490916e-02
   2.5470518e-02
   2.5447410e-02
   2.5421761e-02
   2.5394165e-02
   2.5365490e-02
   2.5336603e-02
   2.5308241e-02
   2.5281047e-02
   2.5255646e-02
   2.5232668e-02
   2.5212724e-02
   2.5196360e-02
   2.5184026e-02
   2.5176054e-02
   2.5172662e-02
   2.5173964e-02
   2.5178971e-02
   2.5177678e-02
   2.5178092e-02
   2.5184688e-02
   2.5211301e-02
   2.5240893e-02
   2.5269429e-02
   2.5295914e-02
   2.5321191e-02
   2.5346505e-02
   2.5372626e-02
   2.5399631e-02
   2.5427131e-02
   2.5454615e-02
   2.5481662e-02
   2.5508001e-02
   2.5533515e-02
   2.5558215e-02
   2.5582178e-02
   2.5605418e-02
   2.5627795e-02
   2.5649030e-02
   2.5668830e-02
   2.5687007e-02
   2.5703465e-02
   2.5718125e-02
   2.5739723e-02
   2.5741321e-02
   2.5729495e-02
   2.5720241e-02
   2.5714870e-02
   2.5708449e-02
   2.5698286e-02
   2.5684298e-02
   2.5667471e-02
   2.5649282e-02
   2.5630396e-02
   2.5610712e-02
   2.5589849e-02
   2.5567537e-02
   2.5543684e-02
   2.5518245e-02
   2.5491091e-02
   2.5462017e-02
   2.5430819e-02
   2.5397373e-02
   2.5361641e-02
   2.5323644e-02
   2.5283404e-02
   2.5240776e-02
   2.5195073e-02
   2.5163472e-02
   2.5130864e-02
   2.5088405e-02
   2.5040272e-02
   2.4991324e-02
   2.4941685e-02
   2.4889288e-02
   2.4832707e-02
   2.4772519e-02
   2.4709936e-02
   2.4645519e-02
   2.4579366e-02
   2.4511317e-02
   2.4441301e-02
   2.4369579e-02
   2.4296761e-02
   2.4223610e-02
   2.4150729e-02
   2.4078339e-02
   2.4006211e-02
   2.3933817e-02
   2.3861477e-02
   2.3797426e-02
   2.3739350e-02
   2.3681456e-02
   2.3620639e-02
   2.3558769e-02
   2.3498609e-02
   2.3441077e-02
   2.3385032e-02
   2.3328378e-02
   2.3270511e-02
   2.3211907e-02
   2.3153400e-02
   2.3095659e-02
   2.3038927e-02
   2.2983115e-02
   2.2928034e-02
   2.2873585e-02
   2.2819792e-02
   2.2766720e-02
   2.2714387e-02
   2.2662810e-02
   2.2612415e-02
   2.2564824e-02
   2.2519739e-02
   2.2475382e-02
   2.2431117e-02
   2.2387567e-02
   2.2345354e-02
   2.2304357e-02
   2.2263915e-02
   2.2223384e-02
   2.2182481e-02
   2.2141290e-02
   2.2100064e-02
   2.2059046e-02
   2.2018362e-02
   2.1978021e-02
   2.1937986e-02
   2.1898344e-02
   2.1859556e-02
   2.1822098e-02
   2.1785783e-02
   2.1749883e-02
   2.1713696e-02
   2.1676903e-02
   2.1639578e-02
   2.1602037e-02
   2.1564677e-02
   2.1527865e-02
   2.1491939e-02
   2.1457280e-02
   2.1424320e-02
   2.1393449e-02
   2.1364831e-02
   2.1338281e-02
   2.1313270e-02
   2.1289066e-02
   2.1264936e-02
   2.1240322e-02
   2.1214922e-02
   2.1188687e-02
   2.1161744e-02
   2.1134316e-02
   2.1106638e-02
   2.1078894e-02
   2.1051181e-02
   2.1023499e-02
   2.0995802e-02
   2.0968099e-02
   2.0940555e-02
   2.0913492e-02
   2.0887223e-02
   2.0861787e-02
   2.0836783e-02
   2.0811462e-02
   2.0785066e-02
   2.0757223e-02
   2.0728174e-02
   2.0698725e-02
   2.0669965e-02
   2.0642883e-02
   2.0618052e-02
   2.0595479e-02
   2.0574657e-02
   2.0554772e-02
   2.0534981e-02
   2.0514639e-02
   2.0493425e-02
   2.0471338e-02
   2.0448591e-02
   2.0425475e-02
   2.0402233e-02
   2.0378991e-02
   2.0355751e-02
   2.0332424e-02
   2.0308890e-02
   2.0285080e-02
   2.0261060e-02
   2.0237071e-02
   2.0213468e-02
   2.0190517e-02
   2.0168163e-02
   2.0145922e-02
   2.0123027e-02
   2.0098783e-02
   2.0072930e-02
   2.0045821e-02
   2.0018304e-02
   1.9991390e-02
   1.9965879e-02
   1.9942106e-02
   1.9919885e-02
   1.9898653e-02
   1.9877715e-02
   1.9856471e-02
   1.9834573e-02
   1.9811946e-02
   1.9788727e-02
   1.9765141e-02
   1.9741397e-02
   1.9717618e-02
   1.9693825e-02
   1.9669954e-02
   1.9645903e-02
   1.9621577e-02
   1.9596937e-02
   1.9572037e-02
   1.9547028e-02
   1.9522118e-02
   1.9497480e-02
   1.9473143e-02
   1.9448919e-02
   1.9424435e-02
   1.9399272e-02
   1.9373148e-02
   1.9346069e-02
   1.9318351e-02
   1.9290524e-02
   1.9263146e-02
   1.9236622e-02
   1.9211095e-02
   1.9186440e-02
   1.9162342e-02
   1.9138423e-02
   1.9114359e-02
   1.9089953e-02
   1.9065153e-02
   1.9040022e-02
   1.9014680e-02
   1.8989243e-02
   1.8963785e-02
   1.8938320e-02
   1.8912809e-02
   1.8887184e-02
   1.8861384e-02
   1.8835376e-02
   1.8809175e-02
   1.8782847e-02
   1.8756491e-02
   1.8730212e-02
   1.8704082e-02
   1.8678097e-02
   1.8652159e-02
   1.8626095e-02
   1.8599708e-02
   1.8572855e-02
   1.8545510e-02
   1.8517792e-02
   1.8489931e-02
   1.8462206e-02
   1.8434853e-02
   1.8408012e-02
   1.8381689e-02
   1.8355780e-02
   1.8330113e-02
   1.8304510e-02
   1.8278830e-02
   1.8252999e-02
   1.8227008e-02
   1.8200897e-02
   1.8174724e-02
   1.8148536e-02
   1.8122361e-02
   1.8096192e-02
   1.8070007e-02
   1.8043775e-02
   1.8017473e-02
   1.7991097e-02
   1.7964664e-02
   1.7938214e-02
   1.7911796e-02
   1.7885464e-02
   1.7859256e-02
   1.7833184e-02
   1.7807218e-02
   1.7781289e-02
   1.7755302e-02
   1.7729163e-02
   1.7702808e-02
   1.7676233e-02
   1.7649492e-02
   1.7622689e-02
   1.7595951e-02
   1.7569385e-02
   1.7543061e-02
   1.7516991e-02
   1.7491141e-02
   1.7465444e-02
   1.7439823e-02
   1.7414215e-02
   1.7388584e-02
   1.7362918e-02
   1.7337231e-02
   1.7311545e-02
   1.7285884e-02
   1.7260263e-02
   1.7234688e-02
   1.7209156e-02
   1.7183659e-02
   1.7158190e-02
   1.7132743e-02
   1.7107322e-02
   1.7081939e-02
   1.7056611e-02
   1.7031366e-02
   1.7006226e-02
   1.6981210e-02
   1.6956319e-02
   1.6931534e-02
   1.6906814e-02
   1.6882106e-02
   1.6857357e-02
   1.6832527e-02
   1.6807604e-02
   1.6782606e-02
   1.6757574e-02
   1.6732562e-02
   1.6707622e-02
   1.6682794e-02
   1.6658095e-02
   1.6633523e-02
   1.6609061e-02
   1.6584688e-02
   1.6560385e-02
   1.6536139e-02
   1.6511950e-02
   1.6487824e-02
   1.6463776e-02
   1.6439818e-02
   1.6415964e-02
   1.6392221e-02
   1.6368589e-02
   1.6345064e-02
   1.6321636e-02
   1.6298291e-02
   1.6275011e-02
   1.6251777e-02
   1.6228570e-02
   1.6205370e-02
   1.6182162e-02
   1.6158932e-02
   1.6135677e-02
   1.6112396e-02
   1.6089100e-02
   1.6065804e-02
   1.6042527e-02
   1.6019285e-02
   1.5996096e-02
   1.5972969e-02
   1.5949909e-02
   1.5926916e-02
