   0.0000000e+00
   0.0000000e+00
   0.0000000e+00
   0.0000000e+00
   0.0000000e+00
   0.0000000e+00
   0.0000000e+00
   0.0000000e+00
   0.0000000e+00
   0.0000000e+00
   0.0000000e+00
   0.0000000e+00
   0.0000000e+00
   0.0000000e+00
   0.0000000e+00
   0.0000000e+00
   0.0000000e+00
   0.0000000e+00
   0.0000000e+00
   0.0000000e+00
   0.0000000e+00
   0.0000000e+00
   0.0000000e+00
   0.0000000e+00
   0.0000000e+00
   0.0000000e+00
   0.0000000e+00
   0.0000000e+00
   0.0000000e+00
   0.0000000e+00
   0.0000000e+00
   0.0000000e+00
   0.0000000e+00
   0.0000000e+00
   0.0000000e+00
   0.0000000e+00
   0.0000000e+00
   0.0000000e+00
   0.0000000e+00
   0.0000000e+00
   0.0000000e+00
   0.0000000e+00
   0.0000000e+00
   0.0000000e+00
   0.0000000e+00
   0.0000000e+00
   0.0000000e+00
   0.0000000e+00
   0.0000000e+00
   0.0000000e+00
   0.0000000e+00
   0.0000000e+00
   0.0000000e+00
   0.0000000e+00
   0.0000000e+00
   0.0000000e+00
   0.0000000e+00
   0.0000000e+00
   0.0000000e+00
   0.0000000e+00
   0.0000000e+00
   0.0000000e+00
   0.0000000e+00
   0.0000000e+00
   0.0000000e+00
   0.0000000e+00
   0.0000000e+00
   0.0000000e+00
   0.0000000e+00
   0.0000000e+00
   0.0000000e+00
   0.0000000e+00
   0.0000000e+00
   0.0000000e+00
   0.0000000e+00
   0.0000000e+00
   0.0000000e+00
   0.0000000e+00
   0.0000000e+00
   0.0000000e+00
   0.0000000e+00
   0.0000000e+00
   0.0000000e+00
   3.1274194e-05
   6.2394516e-05
   9.3799848e-05
   1.2500809e-04
   1.2521432e-04
   1.2536342e-04
   1.2548644e-04
   1.2558402e-04
   1.2565892e-04
   1.2571494e-04
   1.2575598e-04
   1.2578561e-04
   1.2580676e-04
   1.2582172e-04
   1.2583226e-04
   1.2583964e-04
   1.2584480e-04
   1.2584839e-04
   1.2585090e-04
   1.2585264e-04
   1.2585386e-04
   1.2585470e-04
   1.2585529e-04
   1.2585570e-04
   1.2585598e-04
   1.2585617e-04
   1.2585529e-04
   1.2586187e-04
   1.2732102e-04
   3.5090957e-04
   1.9435066e-03
   7.8461831e-03
   1.9545924e-02
   3.2710545e-02
   4.1159867e-02
   4.2715919e-02
   4.1103848e-02
   4.0818930e-02
   4.0859197e-02
   4.1253467e-02
   4.1212890e-02
   4.1276757e-02
   4.1391851e-02
   4.1484070e-02
   4.1556549e-02
   4.1616953e-02
   4.1668638e-02
   4.1717503e-02
   4.1770900e-02
   4.1833354e-02
   4.1902749e-02
   4.1969561e-02
   4.2020953e-02
   4.2048097e-02
   4.2051619e-02
   4.2041298e-02
   4.2030975e-02
   4.2032329e-02
   4.2049792e-02
   4.2077764e-02
   4.2102555e-02
   4.2110255e-02
   4.2095932e-02
   4.2066201e-02
   4.2032790e-02
   4.2002909e-02
   4.1974899e-02
   4.1942588e-02
   4.1905735e-02
   4.1868587e-02
   4.1837919e-02
   4.1819696e-02
   4.1811454e-02
   4.1804239e-02
   4.1789129e-02
   4.1761710e-02
   4.1722781e-02
   4.1678253e-02
   4.1639039e-02
   4.1618129e-02
   4.1622886e-02
   4.1646502e-02
   4.1668125e-02
   4.1665623e-02
   4.1629044e-02
   4.1560912e-02
   4.1469484e-02
   4.1369671e-02
   4.1288627e-02
   4.1250046e-02
   4.1242269e-02
   4.1221575e-02
   4.1153120e-02
   4.1036907e-02
   4.0899428e-02
   4.0761563e-02
   4.0643450e-02
   4.0533951e-02
   4.0405718e-02
   4.0250592e-02
   4.0077200e-02
   3.9918034e-02
   3.9829267e-02
   3.9764238e-02
   3.9651796e-02
   3.9473376e-02
   3.9235501e-02
   3.8944222e-02
   3.8630663e-02
   3.8357092e-02
   3.8171082e-02
   3.8043836e-02
   3.7904800e-02
   3.7713209e-02
   3.7471913e-02
   3.7210573e-02
   3.6972145e-02
   3.6788404e-02
   3.6659988e-02
   3.6539988e-02
   3.6404604e-02
   3.6270442e-02
   3.6141547e-02
   3.6015005e-02
   3.5887552e-02
   3.5757907e-02
   3.5625710e-02
   3.5490085e-02
   3.5350017e-02
   3.5205977e-02
   3.5061154e-02
   3.4920855e-02
   3.4790393e-02
   3.4673793e-02
   3.4572437e-02
   3.4485309e-02
   3.4410767e-02
   3.4344164e-02
   3.4281825e-02
   3.4220775e-02
   3.4157423e-02
   3.4090626e-02
   3.4019726e-02
   3.3944711e-02
   3.3865984e-02
   3.3784146e-02
   3.3700092e-02
   3.3614940e-02
   3.3529953e-02
   3.3445312e-02
   3.3361664e-02
   3.3278935e-02
   3.3198658e-02
   3.3117835e-02
   3.3035976e-02
   3.2953147e-02
   3.2869933e-02
   3.2787320e-02
   3.2706546e-02
   3.2628840e-02
   3.2554927e-02
   3.2484576e-02
   3.2416644e-02
   3.2349521e-02
   3.2281717e-02
   3.2212115e-02
   3.2140730e-02
   3.2067590e-02
   3.1993663e-02
   3.1919725e-02
   3.1846976e-02
   3.1776812e-02
   3.1710430e-02
   3.1649359e-02
   3.1593414e-02
   3.1541238e-02
   3.1491265e-02
   3.1442350e-02
   3.1393805e-02
   3.1345421e-02
   3.1297326e-02
   3.1249816e-02
   3.1203271e-02
   3.1158131e-02
   3.1114900e-02
   3.1074034e-02
   3.1035716e-02
   3.0999563e-02
   3.0964628e-02
   3.0929651e-02
   3.0893474e-02
   3.0855487e-02
   3.0815693e-02
   3.0774436e-02
   3.0731866e-02
   3.0687926e-02
   3.0642636e-02
   3.0596529e-02
   3.0550737e-02
   3.0506594e-02
   3.0465052e-02
   3.0426346e-02
   3.0390151e-02
   3.0356042e-02
   3.0323919e-02
   3.0294107e-02
   3.0267091e-02
   3.0243117e-02
   3.0222020e-02
   3.0203367e-02
   3.0186783e-02
   3.0172202e-02
   3.0159847e-02
   3.0149944e-02
   3.0142465e-02
   3.0137041e-02
   3.0133060e-02
   3.0129827e-02
   3.0126706e-02
   3.0123188e-02
   3.0118930e-02
   3.0113756e-02
   3.0107668e-02
   3.0100835e-02
   3.0093607e-02
   3.0086494e-02
   3.0080068e-02
   3.0074723e-02
   3.0070355e-02
   3.0066186e-02
   3.0060968e-02
   3.0053559e-02
   3.0043569e-02
   3.0031644e-02
   3.0019163e-02
   3.0007512e-02
   2.9997383e-02
   2.9988491e-02
   2.9979837e-02
   2.9970299e-02
   2.9959181e-02
   2.9946441e-02
   2.9932549e-02
   2.9918116e-02
   2.9903538e-02
   2.9888808e-02
   2.9873547e-02
   2.9857184e-02
   2.9839168e-02
   2.9819116e-02
   2.9796851e-02
   2.9772366e-02
   2.9745741e-02
   2.9717057e-02
   2.9686355e-02
   2.9653628e-02
   2.9618872e-02
   2.9582153e-02
   2.9543687e-02
   2.9503885e-02
   2.9463317e-02
   2.9422543e-02
   2.9381841e-02
   2.9340979e-02
   2.9299237e-02
   2.9255752e-02
   2.9210031e-02
   2.9162294e-02
   2.9113418e-02
   2.9064500e-02
   2.9016332e-02
   2.8969090e-02
   2.8922384e-02
   2.8875590e-02
   2.8828206e-02
   2.8780070e-02
   2.8731336e-02
   2.8682313e-02
   2.8633253e-02
   2.8584236e-02
   2.8535147e-02
   2.8485750e-02
   2.8435786e-02
   2.8385054e-02
   2.8333451e-02
   2.8280970e-02
   2.8227675e-02
   2.8173666e-02
   2.8119051e-02
   2.8063941e-02
   2.8008446e-02
   2.7952677e-02
   2.7896731e-02
   2.7840683e-02
   2.7784582e-02
   2.7728451e-02
   2.7672302e-02
   2.7616149e-02
   2.7560021e-02
   2.7503968e-02
   2.7448070e-02
   2.7392430e-02
   2.7337141e-02
   2.7282251e-02
   2.7227732e-02
   2.7173488e-02
   2.7119400e-02
   2.7065385e-02
   2.7011421e-02
   2.6957540e-02
   2.6903766e-02
   2.6850073e-02
   2.6796367e-02
   2.6742520e-02
   2.6688436e-02
   2.6634113e-02
   2.6579661e-02
   2.6525277e-02
   2.6471187e-02
   2.6417586e-02
   2.6364598e-02
   2.6312282e-02
   2.6260660e-02
   2.6209760e-02
   2.6159644e-02
   2.6110403e-02
   2.6062127e-02
   2.6014866e-02
   2.5968588e-02
   2.5923171e-02
   2.5878407e-02
   2.5834041e-02
   2.5789829e-02
   2.5745586e-02
   2.5701225e-02
   2.5656756e-02
   2.5612265e-02
   2.5567858e-02
   2.5523622e-02
   2.5479595e-02
   2.5435763e-02
   2.5392065e-02
   2.5348411e-02
   2.5304689e-02
   2.5260770e-02
   2.5216519e-02
   2.5171809e-02
   2.5126553e-02
   2.5080722e-02
   2.5034363e-02
   2.4987588e-02
   2.4940554e-02
   2.4893428e-02
   2.4846356e-02
   2.4799445e-02
   2.4752764e-02
   2.4706363e-02
   2.4660293e-02
   2.4614630e-02
   2.4569477e-02
   2.4524952e-02
   2.4481165e-02
   2.4438193e-02
   2.4396067e-02
   2.4354770e-02
   2.4314254e-02
   2.4274452e-02
   2.4235301e-02
   2.4196739e-02
   2.4158711e-02
   2.4121158e-02
   2.4084023e-02
   2.4047246e-02
   2.4010775e-02
   2.3974566e-02
   2.3938583e-02
   2.3902793e-02
   2.3867153e-02
   2.3831604e-02
   2.3796069e-02
   2.3760452e-02
   2.3724653e-02
   2.3688585e-02
   2.3652187e-02
   2.3615439e-02
   2.3578366e-02
   2.3541040e-02
   2.3503566e-02
   2.3466076e-02
   2.3428709e-02
   2.3391600e-02
   2.3354866e-02
   2.3318598e-02
   2.3282856e-02
   2.3247672e-02
   2.3213057e-02
   2.3179008e-02
   2.3145511e-02
   2.3112544e-02
   2.3080078e-02
   2.3048081e-02
   2.3016519e-02
   2.2985362e-02
   2.2954592e-02
   2.2924196e-02
   2.2894167e-02
   2.2864491e-02
   2.2835142e-02
   2.2806071e-02
   2.2777204e-02
   2.2748441e-02
   2.2719671e-02
   2.2690778e-02
   2.2661670e-02
   2.2632284e-02
   2.2602597e-02
   2.2572625e-02
   2.2542417e-02
   2.2512044e-02
   2.2481590e-02
   2.2451149e-02
   2.2420823e-02
   2.2390716e-02
   2.2360930e-02
   2.2331556e-02
   2.2302665e-02
   2.2274298e-02
   2.2246457e-02
   2.2219107e-02
   2.2192184e-02
   2.2165605e-02
   2.2139297e-02
   2.2113202e-02
   2.2087294e-02
   2.2061575e-02
   2.2036061e-02
   2.2010767e-02
   2.1985685e-02
   2.1960776e-02
   2.1935964e-02
   2.1911149e-02
   2.1886220e-02
   2.1861081e-02
   2.1835663e-02
   2.1809934e-02
   2.1783898e-02
   2.1757591e-02
   2.1731067e-02
   2.1704384e-02
   2.1677596e-02
   2.1650745e-02
   2.1623865e-02
   2.1596989e-02
   2.1570152e-02
   2.1543398e-02
   2.1516774e-02
   2.1490344e-02
   2.1464165e-02
   2.1438200e-02
   2.1412451e-02
   2.1386903e-02
   2.1361536e-02
   2.1336325e-02
   2.1311250e-02
   2.1286295e-02
   2.1261447e-02
   2.1236694e-02
   2.1212053e-02
   2.1187451e-02
   2.1162864e-02
   2.1138183e-02
   2.1113337e-02
   2.1088267e-02
   2.1062936e-02
   2.1037330e-02
   2.1011463e-02
   2.0985370e-02
   2.0959096e-02
   2.0932687e-02
   2.0906181e-02
   2.0879602e-02
   2.0852961e-02
   2.0826256e-02
   2.0799482e-02
   2.0772635e-02
   2.0745717e-02
   2.0718743e-02
   2.0691735e-02
   2.0664726e-02
   2.0637771e-02
   2.0610886e-02
   2.0584098e-02
   2.0557430e-02
   2.0530899e-02
   2.0504512e-02
   2.0478265e-02
   2.0452153e-02
   2.0426160e-02
   2.0400250e-02
   2.0374395e-02
   2.0348537e-02
   2.0322621e-02
   2.0296599e-02
   2.0270433e-02
   2.0244099e-02
   2.0217589e-02
   2.0190909e-02
   2.0164083e-02
   2.0137139e-02
   2.0110114e-02
   2.0083040e-02
   2.0055940e-02
   2.0028831e-02
   2.0001715e-02
   1.9974585e-02
   1.9947426e-02
   1.9920224e-02
   1.9892964e-02
   1.9865641e-02
   1.9838258e-02
   1.9810830e-02
   1.9783380e-02
   1.9755938e-02
   1.9728540e-02
   1.9701217e-02
   1.9674001e-02
   1.9646911e-02
   1.9619961e-02
   1.9593152e-02
   1.9566475e-02
   1.9539914e-02
   1.9513442e-02
   1.9487030e-02
   1.9460644e-02
   1.9434254e-02
   1.9407833e-02
   1.9381361e-02
   1.9354826e-02
   1.9328227e-02
   1.9301571e-02
   1.9274871e-02
   1.9248149e-02
   1.9221425e-02
   1.9194722e-02
   1.9168056e-02
   1.9141440e-02
   1.9114878e-02
   1.9088368e-02
   1.9061898e-02
   1.9035456e-02
   1.9009023e-02
   1.8982583e-02
   1.8956123e-02
   1.8929637e-02
   1.8903125e-02
   1.8876595e-02
   1.8850062e-02
   1.8823546e-02
   1.8797070e-02
   1.8770657e-02
   1.8744327e-02
   1.8718096e-02
   1.8691974e-02
   1.8665961e-02
   1.8640054e-02
   1.8614243e-02
   1.8588514e-02
   1.8562848e-02
   1.8537230e-02
   1.8511644e-02
   1.8486077e-02
   1.8460522e-02
   1.8434976e-02
   1.8409441e-02
   1.8383922e-02
   1.8358430e-02
   1.8332976e-02
   1.8307573e-02
   1.8282232e-02
   1.8256962e-02
   1.8231769e-02
   1.8206657e-02
   1.8181622e-02
   1.8156660e-02
   1.8131763e-02
   1.8106919e-02
   1.8082117e-02
   1.8057346e-02
   1.8032597e-02
   1.8007862e-02
   1.7983138e-02
   1.7958426e-02
   1.7933730e-02
   1.7909057e-02
   1.7884418e-02
