  0.000000
  0.000000
  0.000000
  0.000000
  0.000000
  0.000000
  0.000000
  0.000000
  0.000000
  0.000000
  0.000000
  0.000000
  0.000000
  0.000000
  0.000000
  0.000000
  0.000000
  0.000000
  0.000000
  0.000000
  0.000000
  0.000000
  0.000000
  0.000000
  0.000000
  0.000000
  0.000000
  0.000000
  0.000000
  0.000000
  0.000000
  0.012881
  0.012860
  0.012860
  0.012860
  0.012860
  0.012860
  0.012860
  0.012860
  0.012860
  0.012860
  0.012860
  0.012860
  0.012860
  0.012860
  0.012860
  0.012860
  0.012860
  0.012860
  0.012860
  0.012860
  0.012860
  0.012860
  0.012860
  0.012860
  0.012860
  0.012860
  0.012860
  0.012881
  0.000000
  0.000000
  0.013066
  0.013066
  0.013066
  0.013066
  0.013066
  0.013066
  0.013066
  0.013066
  0.013066
  0.013066
  0.013066
  0.013066
  0.013066
  0.013066
  0.013066
  0.013066
  0.013066
  0.013066
  0.013066
  0.013066
  0.013066
  0.013066
  0.013066
  0.013066
  0.013066
  0.013066
  0.013066
  0.013066
  0.000000
  0.000000
  0.013312
  0.013311
  0.013311
  0.013311
  0.013311
  0.013311
  0.013311
  0.013311
  0.013311
  0.013311
  0.013311
  0.013311
  0.013311
  0.013311
  0.013311
  0.013311
  0.013311
  0.013311
  0.013311
  0.013311
  0.013311
  0.013311
  0.013311
  0.013311
  0.013311
  0.013311
  0.013311
  0.013312
  0.000000
  0.000000
  0.013556
  0.013555
  0.013555
  0.013555
  0.013555
  0.013555
  0.013555
  0.013555
  0.013555
  0.013555
  0.013555
  0.013555
  0.013555
  0.013555
  0.013555
  0.013555
  0.013555
  0.013555
  0.013555
  0.013555
  0.013555
  0.013555
  0.013555
  0.013555
  0.013555
  0.013555
  0.013555
  0.013555
  0.000000
  0.000000
  0.013797
  0.013797
  0.013797
  0.013797
  0.013797
  0.013797
  0.013797
  0.013797
  0.013797
  0.013797
  0.013797
  0.013797
  0.013797
  0.013797
  0.013797
  0.013797
  0.013797
  0.013797
  0.013797
  0.013797
  0.013797
  0.013797
  0.013797
  0.013797
  0.013797
  0.013797
  0.013797
  0.013797
  0.000000
  0.000000
  0.014038
  0.014037
  0.014037
  0.014037
  0.014037
  0.014037
  0.014037
  0.014037
  0.014037
  0.014037
  0.014037
  0.014037
  0.014037
  0.014037
  0.014037
  0.014037
  0.014037
  0.014037
  0.014037
  0.014037
  0.014037
  0.014037
  0.014037
  0.014037
  0.014037
  0.014037
  0.014037
  0.014037
  0.000000
  0.000000
  0.014276
  0.014275
  0.014275
  0.014275
  0.014275
  0.014275
  0.014275
  0.014275
  0.014275
  0.014275
  0.014275
  0.014275
  0.014275
  0.014275
  0.014275
  0.014275
  0.014275
  0.014275
  0.014275
  0.014275
  0.014275
  0.014275
  0.014275
  0.014275
  0.014275
  0.014275
  0.014275
  0.014276
  0.000000
  0.000000
  0.014513
  0.014512
  0.014512
  0.014512
  0.014512
  0.014512
  0.014512
  0.014512
  0.014512
  0.014512
  0.014512
  0.014512
  0.014512
  0.014512
  0.014512
  0.014512
  0.014512
  0.014512
  0.014512
  0.014512
  0.014512
  0.014512
  0.014512
  0.014512
  0.014512
  0.014512
  0.014512
  0.014513
  0.000000
  0.000000
  0.014749
  0.014747
  0.014747
  0.014747
  0.014747
  0.014747
  0.014747
  0.014747
  0.014747
  0.014747
  0.014747
  0.014747
  0.014747
  0.014747
  0.014747
  0.014747
  0.014747
  0.014747
  0.014747
  0.014747
  0.014747
  0.014747
  0.014747
  0.014747
  0.014747
  0.014747
  0.014747
  0.014748
  0.000000
  0.000000
  0.014983
  0.014982
  0.014982
  0.014982
  0.014982
  0.014982
  0.014982
  0.014982
  0.014982
  0.014982
  0.014982
  0.014982
  0.014982
  0.014982
  0.014982
  0.014982
  0.014982
  0.014981
  0.014981
  0.014981
  0.014981
  0.014981
  0.014981
  0.014981
  0.014981
  0.014981
  0.014981
  0.014983
  0.000000
  0.000000
  0.015216
  0.015214
  0.015214
  0.015214
  0.015214
  0.015214
  0.015214
  0.015214
  0.015214
  0.015214
  0.015214
  0.015214
  0.015214
  0.015214
  0.015214
  0.015214
  0.015214
  0.015214
  0.015214
  0.015214
  0.015214
  0.015214
  0.015214
  0.015214
  0.015214
  0.015214
  0.015214
  0.015216
  0.000000
  0.000000
  0.015448
  0.015446
  0.015446
  0.015446
  0.015446
  0.015446
  0.015446
  0.015446
  0.015446
  0.015446
  0.015446
  0.015446
  0.015446
  0.015446
  0.015446
  0.015446
  0.015446
  0.015446
  0.015446
  0.015446
  0.015446
  0.015446
  0.015446
  0.015446
  0.015446
  0.015446
  0.015446
  0.015448
  0.000000
  0.000000
  0.015679
  0.015677
  0.015677
  0.015677
  0.015677
  0.015677
  0.015677
  0.015677
  0.015677
  0.015677
  0.015677
  0.015677
  0.015677
  0.015677
  0.015677
  0.015677
  0.015677
  0.015677
  0.015677
  0.015677
  0.015677
  0.015677
  0.015677
  0.015677
  0.015677
  0.015677
  0.015677
  0.015679
  0.000000
  0.000000
  0.015908
  0.015907
  0.015907
  0.015907
  0.015907
  0.015907
  0.015907
  0.015907
  0.015907
  0.015907
  0.015907
  0.015907
  0.015907
  0.015907
  0.015907
  0.015907
  0.015907
  0.015907
  0.015907
  0.015907
  0.015907
  0.015907
  0.015907
  0.015907
  0.015907
  0.015907
  0.015907
  0.015909
  0.000000
  0.000000
  0.016137
  0.016136
  0.016136
  0.016136
  0.016136
  0.016136
  0.016136
  0.016136
  0.016136
  0.016136
  0.016136
  0.016136
  0.016136
  0.016136
  0.016136
  0.016136
  0.016136
  0.016136
  0.016136
  0.016136
  0.016136
  0.016136
  0.016136
  0.016136
  0.016136
  0.016136
  0.016136
  0.016138
  0.000000
  0.000000
  0.016366
  0.016364
  0.016364
  0.016364
  0.016364
  0.016364
  0.016364
  0.016364
  0.016364
  0.016364
  0.016364
  0.016364
  0.016364
  0.016364
  0.016364
  0.016364
  0.016364
  0.016364
  0.016364
  0.016364
  0.016364
  0.016364
  0.016364
  0.016364
  0.016364
  0.016364
  0.016364
  0.016366
  0.000000
  0.000000
  0.016593
  0.016591
  0.016591
  0.016591
  0.016591
  0.016591
  0.016591
  0.016591
  0.016591
  0.016591
  0.016591
  0.016591
  0.016591
  0.016591
  0.016591
  0.016591
  0.016591
  0.016591
  0.016591
  0.016591
  0.016591
  0.016591
  0.016591
  0.016591
  0.016591
  0.016591
  0.016591
  0.016593
  0.000000
  0.000000
  0.016820
  0.016818
  0.016818
  0.016818
  0.016818
  0.016818
  0.016818
  0.016818
  0.016818
  0.016818
  0.016818
  0.016818
  0.016818
  0.016818
  0.016818
  0.016818
  0.016818
  0.016818
  0.016818
  0.016818
  0.016818
  0.016818
  0.016818
  0.016818
  0.016818
  0.016818
  0.016818
  0.016820
  0.000000
  0.000000
  0.017046
  0.017044
  0.017044
  0.017044
  0.017044
  0.017044
  0.017044
  0.017044
  0.017044
  0.017044
  0.017044
  0.017044
  0.017044
  0.017044
  0.017044
  0.017044
  0.017044
  0.017044
  0.017044
  0.017044
  0.017044
  0.017044
  0.017044
  0.017044
  0.017044
  0.017044
  0.017044
  0.017046
  0.000000
  0.000000
  0.017271
  0.017269
  0.017269
  0.017269
  0.017269
  0.017269
  0.017269
  0.017269
  0.017269
  0.017269
  0.017269
  0.017269
  0.017269
  0.017270
  0.017270
  0.017270
  0.017270
  0.017270
  0.017270
  0.017270
  0.017270
  0.017270
  0.017270
  0.017270
  0.017270
  0.017270
  0.017270
  0.017272
  0.000000
  0.000000
  0.017496
  0.017494
  0.017494
  0.017494
  0.017494
  0.017494
  0.017494
  0.017494
  0.017494
  0.017494
  0.017494
  0.017494
  0.017494
  0.017495
  0.017495
  0.017495
  0.017495
  0.017495
  0.017495
  0.017495
  0.017495
  0.017495
  0.017495
  0.017495
  0.017495
  0.017495
  0.017495
  0.017497
  0.000000
  0.000000
  0.017720
  0.017718
  0.017718
  0.017718
  0.017718
  0.017718
  0.017719
  0.017719
  0.017719
  0.017719
  0.017719
  0.017719
  0.017719
  0.017719
  0.017719
  0.017719
  0.017719
  0.017719
  0.017720
  0.017720
  0.017720
  0.017720
  0.017720
  0.017720
  0.017720
  0.017720
  0.017720
  0.017722
  0.000000
  0.000000
  0.017944
  0.017942
  0.017942
  0.017942
  0.017942
  0.017942
  0.017942
  0.017943
  0.017943
  0.017943
  0.017943
  0.017943
  0.017943
  0.017943
  0.017943
  0.017944
  0.017944
  0.017944
  0.017944
  0.017944
  0.017944
  0.017944
  0.017944
  0.017944
  0.017944
  0.017944
  0.017944
  0.017947
  0.000000
  0.000000
  0.018168
  0.018166
  0.018166
  0.018166
  0.018166
  0.018166
  0.018166
  0.018166
  0.018166
  0.018166
  0.018167
  0.018167
  0.018167
  0.018167
  0.018167
  0.018167
  0.018168
  0.018168
  0.018168
  0.018168
  0.018168
  0.018168
  0.018168
  0.018169
  0.018169
  0.018169
  0.018169
  0.018171
  0.000000
  0.000000
  0.018391
  0.018389
  0.018389
  0.018389
  0.018389
  0.018389
  0.018389
  0.018389
  0.018390
  0.018390
  0.018390
  0.018390
  0.018390
  0.018391
  0.018391
  0.018391
  0.018391
  0.018391
  0.018392
  0.018392
  0.018392
  0.018392
  0.018392
  0.018393
  0.018393
  0.018393
  0.018393
  0.018395
  0.000000
  0.000000
  0.018614
  0.018611
  0.018611
  0.018611
  0.018612
  0.018612
  0.018612
  0.018612
  0.018612
  0.018613
  0.018613
  0.018613
  0.018614
  0.018614
  0.018614
  0.018614
  0.018615
  0.018615
  0.018615
  0.018616
  0.018616
  0.018616
  0.018616
  0.018616
  0.018617
  0.018617
  0.018617
  0.018619
  0.000000
  0.000000
  0.018836
  0.018833
  0.018834
  0.018834
  0.018834
  0.018834
  0.018834
  0.018835
  0.018835
  0.018835
  0.018836
  0.018836
  0.018836
  0.018837
  0.018837
  0.018838
  0.018838
  0.018838
  0.018839
  0.018839
  0.018840
  0.018840
  0.018840
  0.018840
  0.018841
  0.018841
  0.018841
  0.018843
  0.000000
  0.000000
  0.019057
  0.019055
  0.019055
  0.019055
  0.019056
  0.019056
  0.019056
  0.019057
  0.019057
  0.019057
  0.019058
  0.019058
  0.019059
  0.019060
  0.019060
  0.019061
  0.019061
  0.019062
  0.019062
  0.019063
  0.019063
  0.019064
  0.019064
  0.019064
  0.019065
  0.019065
  0.019065
  0.019067
  0.000000
  0.000000
  0.019279
  0.019276
  0.019276
  0.019277
  0.019277
  0.019277
  0.019278
  0.019278
  0.019279
  0.019279
  0.019280
  0.019281
  0.019281
  0.019282
  0.019283
  0.019284
  0.019284
  0.019285
  0.019286
  0.019286
  0.019287
  0.019288
  0.019288
  0.019289
  0.019289
  0.019289
  0.019290
  0.019292
  0.000000
  0.000000
  0.019499
  0.019497
  0.019497
  0.019497
  0.019498
  0.019498
  0.019499
  0.019499
  0.019500
  0.019501
  0.019502
  0.019503
  0.019503
  0.019504
  0.019505
  0.019506
  0.019507
  0.019508
  0.019509
  0.019510
  0.019511
  0.019512
  0.019513
  0.019513
  0.019514
  0.019514
  0.019515
  0.019517
  0.000000
  0.000000
  0.019719
  0.019716
  0.019717
  0.019717
  0.019717
  0.019718
  0.019719
  0.019720
  0.019721
  0.019722
  0.019723
  0.019724
  0.019725
  0.019726
  0.019728
  0.019729
  0.019730
  0.019732
  0.019733
  0.019734
  0.019736
  0.019737
  0.019738
  0.019739
  0.019739
  0.019740
  0.019740
  0.019743
  0.000000
  0.000000
  0.019937
  0.019935
  0.019935
  0.019936
  0.019936
  0.019937
  0.019938
  0.019939
  0.019941
  0.019942
  0.019943
  0.019945
  0.019947
  0.019948
  0.019950
  0.019952
  0.019954
  0.019955
  0.019957
  0.019959
  0.019960
  0.019962
  0.019963
  0.019965
  0.019966
  0.019967
  0.019968
  0.019970
  0.000000
  0.000000
  0.020155
  0.020152
  0.020153
  0.020153
  0.020154
  0.020155
  0.020157
  0.020158
  0.020160
  0.020161
  0.020163
  0.020165
  0.020167
  0.020170
  0.020172
  0.020174
  0.020177
  0.020179
  0.020181
  0.020184
  0.020186
  0.020188
  0.020190
  0.020192
  0.020194
  0.020195
  0.020196
  0.020199
  0.000000
  0.000000
  0.020371
  0.020368
  0.020369
  0.020369
  0.020370
  0.020372
  0.020373
  0.020375
  0.020377
  0.020379
  0.020382
  0.020384
  0.020387
  0.020390
  0.020393
  0.020396
  0.020400
  0.020403
  0.020406
  0.020409
  0.020412
  0.020415
  0.020418
  0.020421
  0.020423
  0.020425
  0.020427
  0.020430
  0.000000
  0.000000
  0.020584
  0.020582
  0.020582
  0.020583
  0.020585
  0.020586
  0.020588
  0.020591
  0.020593
  0.020596
  0.020599
  0.020603
  0.020606
  0.020610
  0.020614
  0.020618
  0.020622
  0.020626
  0.020631
  0.020635
  0.020640
  0.020644
  0.020648
  0.020652
  0.020655
  0.020658
  0.020661
  0.020664
  0.000000
  0.000000
  0.020795
  0.020793
  0.020794
  0.020795
  0.020797
  0.020799
  0.020801
  0.020804
  0.020807
  0.020811
  0.020814
  0.020819
  0.020823
  0.020828
  0.020833
  0.020838
  0.020844
  0.020850
  0.020855
  0.020861
  0.020867
  0.020873
  0.020879
  0.020884
  0.020889
  0.020894
  0.020899
  0.020902
  0.000000
  0.000000
  0.021003
  0.021000
  0.021002
  0.021003
  0.021005
  0.021008
  0.021011
  0.021014
  0.021018
  0.021022
  0.021027
  0.021032
  0.021038
  0.021044
  0.021050
  0.021057
  0.021064
  0.021072
  0.021079
  0.021087
  0.021095
  0.021103
  0.021111
  0.021119
  0.021125
  0.021134
  0.021142
  0.021146
  0.000000
  0.000000
  0.021207
  0.021204
  0.021205
  0.021207
  0.021210
  0.021213
  0.021216
  0.021220
  0.021225
  0.021230
  0.021236
  0.021242
  0.021249
  0.021257
  0.021265
  0.021273
  0.021282
  0.021291
  0.021301
  0.021311
  0.021322
  0.021333
  0.021344
  0.021354
  0.021364
  0.021377
  0.021390
  0.021395
  0.000000
  0.000000
  0.021407
  0.021403
  0.021404
  0.021407
  0.021409
  0.021413
  0.021417
  0.021422
  0.021427
  0.021433
  0.021440
  0.021447
  0.021456
  0.021464
  0.021474
  0.021484
  0.021495
  0.021507
  0.021519
  0.021532
  0.021546
  0.021561
  0.021575
  0.021587
  0.021603
  0.021623
  0.021638
  0.021642
  0.000000
  0.000000
  0.021600
  0.021596
  0.021597
  0.021600
  0.021603
  0.021607
  0.021611
  0.021617
  0.021623
  0.021630
  0.021637
  0.021646
  0.021655
  0.021666
  0.021677
  0.021689
  0.021702
  0.021716
  0.021731
  0.021747
  0.021766
  0.021783
  0.021799
  0.021818
  0.021844
  0.021869
  0.021883
  0.021886
  0.000000
  0.000000
  0.021786
  0.021781
  0.021783
  0.021786
  0.021789
  0.021793
  0.021798
  0.021804
  0.021811
  0.021818
  0.021827
  0.021836
  0.021846
  0.021858
  0.021870
  0.021884
  0.021899
  0.021914
  0.021933
  0.021954
  0.021974
  0.021993
  0.022015
  0.022046
  0.022084
  0.022114
  0.022129
  0.022071
  0.000000
  0.000000
  0.021964
  0.021959
  0.021960
  0.021963
  0.021967
  0.021971
  0.021976
  0.021982
  0.021989
  0.021997
  0.022006
  0.022016
  0.022027
  0.022039
  0.022052
  0.022066
  0.022081
  0.022099
  0.022120
  0.022141
  0.022159
  0.022181
  0.022213
  0.022252
  0.022289
  0.022314
  0.022279
  0.000000
  0.000000
  0.000000
  0.022133
  0.022127
  0.022128
  0.022131
  0.022135
  0.022139
  0.022144
  0.022150
  0.022157
  0.022165
  0.022174
  0.022183
  0.022194
  0.022206
  0.022218
  0.022232
  0.022248
  0.022267
  0.022285
  0.022301
  0.022320
  0.022347
  0.022381
  0.022414
  0.022438
  0.022420
  0.000000
  0.000000
  0.000000
  0.000000
  0.022291
  0.022284
  0.022286
  0.022288
  0.022292
  0.022296
  0.022301
  0.022307
  0.022313
  0.022320
  0.022328
  0.022338
  0.022348
  0.022357
  0.022368
  0.022382
  0.022397
  0.022411
  0.022422
  0.022437
  0.022459
  0.022486
  0.022512
  0.022533
  0.022520
  0.000000
  0.000000
  0.000000
  0.000000
  0.000000
  0.022438
  0.022430
  0.022431
  0.022434
  0.022437
  0.022441
  0.022445
  0.022451
  0.022456
  0.022463
  0.022470
  0.022478
  0.022486
  0.022494
  0.022504
  0.022515
  0.022524
  0.022530
  0.022540
  0.022555
  0.022574
  0.022595
  0.022614
  0.022603
  0.000000
  0.000000
  0.000000
  0.000000
  0.000000
  0.000000
  0.022572
  0.022563
  0.022565
  0.022567
  0.022570
  0.022573
  0.022577
  0.022582
  0.022587
  0.022593
  0.022599
  0.022605
  0.022611
  0.022619
  0.022627
  0.022631
  0.022632
  0.022634
  0.022640
  0.022649
  0.022662
  0.022678
  0.022671
  0.000000
  0.000000
  0.000000
  0.000000
  0.000000
  0.000000
  0.000000
  0.022693
  0.022683
  0.022684
  0.022686
  0.022689
  0.022692
  0.022696
  0.022700
  0.022705
  0.022711
  0.022716
  0.022720
  0.022727
  0.022734
  0.022738
  0.022737
  0.022735
  0.022736
  0.022734
  0.022726
  0.022715
  0.022731
  0.000000
  0.000000
  0.000000
  0.000000
  0.000000
  0.000000
  0.000000
  0.000000
  0.022799
  0.022788
  0.022789
  0.022791
  0.022794
  0.022797
  0.022800
  0.022805
  0.022810
  0.022815
  0.022820
  0.022827
  0.022836
  0.022842
  0.022845
  0.022851
  0.022863
  0.022875
  0.022882
  0.022888
  0.022893
  0.022834
  0.000000
  0.000000
  0.000000
  0.000000
  0.000000
  0.000000
  0.000000
  0.000000
  0.022890
  0.022876
  0.022878
  0.022880
  0.022882
  0.022885
  0.022889
  0.022893
  0.022898
  0.022903
  0.022910
  0.022920
  0.022929
  0.022936
  0.022946
  0.022965
  0.022990
  0.023016
  0.023040
  0.023060
  0.023029
  0.000000
  0.000000
  0.000000
  0.000000
  0.000000
  0.000000
  0.000000
  0.000000
  0.000000
  0.022962
  0.022947
  0.022949
  0.022950
  0.022952
  0.022955
  0.022958
  0.022962
  0.022966
  0.022971
  0.022980
  0.022988
  0.022995
  0.023004
  0.023020
  0.023046
  0.023078
  0.023113
  0.023143
  0.023139
  0.000000
  0.000000
  0.000000
  0.000000
  0.000000
  0.000000
  0.000000
  0.000000
  0.000000
  0.000000
  0.023015
  0.022999
  0.023000
  0.023001
  0.023002
  0.023005
  0.023007
  0.023009
  0.023012
  0.023017
  0.023022
  0.023026
  0.023027
  0.023031
  0.023043
  0.023062
  0.023092
  0.023127
  0.023153
  0.000000
  0.000000
  0.000000
  0.000000
  0.000000
  0.000000
  0.000000
  0.000000
  0.000000
  0.000000
  0.000000
  0.023048
  0.023030
  0.023030
  0.023031
  0.023032
  0.023033
  0.023034
  0.023034
  0.023036
  0.023039
  0.023040
  0.023037
  0.023031
  0.023025
  0.023018
  0.023001
  0.022983
  0.023014
  0.000000
  0.000000
  0.000000
  0.000000
  0.000000
  0.000000
  0.000000
  0.000000
  0.000000
  0.000000
  0.000000
  0.000000
  0.023059
  0.023039
  0.023039
  0.023039
  0.023039
  0.023040
  0.023039
  0.023039
  0.023041
  0.023043
  0.023041
  0.023039
  0.023044
  0.023055
  0.023068
  0.023083
  0.023095
  0.023040
  0.000000
  0.000000
  0.000000
  0.000000
  0.000000
  0.000000
  0.000000
  0.000000
  0.000000
  0.000000
  0.000000
  0.000000
  0.023047
  0.023025
  0.023024
  0.023024
  0.023024
  0.023023
  0.023021
  0.023020
  0.023022
  0.023021
  0.023018
  0.023018
  0.023030
  0.023054
  0.023092
  0.023137
  0.023157
  0.000000
  0.000000
  0.000000
  0.000000
  0.000000
  0.000000
  0.000000
  0.000000
  0.000000
  0.000000
  0.000000
  0.000000
  0.000000
  0.023011
  0.022987
  0.022986
  0.022985
  0.022984
  0.022982
  0.022978
  0.022976
  0.022974
  0.022967
  0.022955
  0.022944
  0.022929
  0.022903
  0.022874
  0.022916
  0.000000
  0.000000
  0.000000
  0.000000
  0.000000
  0.000000
  0.000000
  0.000000
  0.000000
  0.000000
  0.000000
  0.000000
  0.000000
  0.000000
  0.022951
  0.022924
  0.022923
  0.022921
  0.022919
  0.022916
  0.022912
  0.022910
  0.022906
  0.022897
  0.022889
  0.022889
  0.022897
  0.022914
  0.022935
  0.022885
  0.000000
  0.000000
  0.000000
  0.000000
  0.000000
  0.000000
  0.000000
  0.000000
  0.000000
  0.000000
  0.000000
  0.000000
  0.000000
  0.000000
  0.022863
  0.022834
  0.022833
  0.022831
  0.022829
  0.022825
  0.022822
  0.022820
  0.022814
  0.022804
  0.022797
  0.022789
  0.022770
  0.022749
  0.022795
  0.000000
  0.000000
  0.000000
  0.000000
  0.000000
  0.000000
  0.000000
  0.000000
  0.000000
  0.000000
  0.000000
  0.000000
  0.000000
  0.000000
  0.000000
  0.022748
  0.022716
  0.022715
  0.022713
  0.022710
  0.022706
  0.022705
  0.022703
  0.022698
  0.022700
  0.022717
  0.022749
  0.022793
  0.022836
  0.022794
  0.000000
  0.000000
  0.000000
  0.000000
  0.000000
  0.000000
  0.000000
  0.000000
  0.000000
  0.000000
  0.000000
  0.000000
  0.000000
  0.000000
  0.000000
  0.022602
  0.022567
  0.022565
  0.022562
  0.022557
  0.022552
  0.022548
  0.022541
  0.022531
  0.022524
  0.022517
  0.022499
  0.022475
  0.022544
  0.000000
  0.000000
  0.000000
  0.000000
  0.000000
  0.000000
  0.000000
  0.000000
  0.000000
  0.000000
  0.000000
  0.000000
  0.000000
  0.000000
  0.000000
  0.000000
  0.022424
  0.022386
  0.022382
  0.022376
  0.022368
  0.022360
  0.022350
  0.022336
  0.022324
  0.022327
  0.022360
  0.022425
  0.022495
  0.022473
  0.000000
  0.000000
  0.000000
  0.000000
  0.000000
  0.000000
  0.000000
  0.000000
  0.000000
  0.000000
  0.000000
  0.000000
  0.000000
  0.000000
  0.000000
  0.000000
  0.022217
  0.022175
  0.022169
  0.022160
  0.022146
  0.022128
  0.022104
  0.022071
  0.022031
  0.021972
  0.021876
  0.021751
  0.021796
  0.000000
  0.000000
  0.000000
  0.000000
  0.000000
  0.000000
  0.000000
  0.000000
  0.000000
  0.000000
  0.000000
  0.000000
  0.000000
  0.000000
  0.000000
  0.000000
  0.000000
  0.021987
  0.021944
  0.021936
  0.021924
  0.021908
  0.021886
  0.021854
  0.021816
  0.021769
  0.021697
  0.021585
  0.021469
  0.021432
  0.000000
  0.000000
  0.000000
  0.000000
  0.000000
  0.000000
  0.000000
  0.000000
  0.000000
  0.000000
  0.000000
  0.000000
  0.000000
  0.000000
  0.000000
  0.000000
  0.000000
  0.021742
  0.021698
  0.021692
  0.021682
  0.021670
  0.021655
  0.021636
  0.021620
  0.021610
  0.021599
  0.021585
  0.021599
  0.021644
  0.000000
  0.000000
  0.000000
  0.000000
  0.000000
  0.000000
  0.000000
  0.000000
  0.000000
  0.000000
  0.000000
  0.000000
  0.000000
  0.000000
  0.000000
  0.000000
  0.000000
  0.021482
  0.021437
  0.021432
  0.021425
  0.021417
  0.021410
  0.021410
  0.021427
  0.021479
  0.021589
  0.021741
  0.021885
  0.021900
  0.000000
  0.000000
  0.000000
  0.000000
  0.000000
  0.000000
  0.000000
  0.000000
  0.000000
  0.000000
  0.000000
  0.000000
  0.000000
  0.000000
  0.000000
  0.000000
  0.000000
  0.021198
  0.021150
  0.021142
  0.021129
  0.021112
  0.021089
  0.021060
  0.021024
  0.020973
  0.020879
  0.020719
  0.020764
  0.000000
  0.000000
  0.000000
  0.000000
  0.000000
  0.000000
  0.000000
  0.000000
  0.000000
  0.000000
  0.000000
  0.000000
  0.000000
  0.000000
  0.000000
  0.000000
  0.000000
  0.000000
  0.020897
  0.020845
  0.020831
  0.020808
  0.020774
  0.020725
  0.020663
  0.020586
  0.020472
  0.020282
  0.020053
  0.019949
  0.000000
  0.000000
  0.000000
  0.000000
  0.000000
  0.000000
  0.000000
  0.000000
  0.000000
  0.000000
  0.000000
  0.000000
  0.000000
  0.000000
  0.000000
  0.000000
  0.000000
  0.000000
  0.020604
  0.020552
  0.020535
  0.020508
  0.020468
  0.020413
  0.020350
  0.020280
  0.020189
  0.020065
  0.019953
  0.019919
  0.000000
  0.000000
  0.000000
  0.000000
  0.000000
  0.000000
  0.000000
  0.000000
  0.000000
  0.000000
  0.000000
  0.000000
  0.000000
  0.000000
  0.000000
  0.000000
  0.000000
  0.000000
  0.020354
  0.020307
  0.020292
  0.020270
  0.020240
  0.020202
  0.020162
  0.020121
  0.020077
  0.020027
  0.019984
  0.019982
  0.000000
  0.000000
  0.000000
  0.000000
  0.000000
  0.000000
  0.000000
  0.000000
  0.000000
  0.000000
  0.000000
  0.000000
  0.000000
  0.000000
  0.000000
  0.000000
  0.000000
  0.000000
  0.020164
  0.020124
  0.020115
  0.020103
  0.020088
  0.020071
  0.020054
  0.020038
  0.020024
  0.020010
  0.019997
  0.020010
  0.000000
  0.000000
  0.000000
  0.000000
  0.000000
  0.000000
  0.000000
  0.000000
  0.000000
  0.000000
  0.000000
  0.000000
  0.000000
  0.000000
  0.000000
  0.000000
  0.000000
  0.000000
  0.020025
  0.019992
  0.019989
  0.019985
  0.019981
  0.019977
  0.019975
  0.019974
  0.019973
  0.019973
  0.019974
  0.019997
  0.000000
  0.000000
  0.000000
  0.000000
  0.000000
  0.000000
  0.000000
  0.000000
  0.000000
  0.000000
  0.000000
  0.000000
  0.000000
  0.000000
  0.000000
  0.000000
  0.000000
  0.000000
  0.019916
  0.019887
  0.019887
  0.019889
  0.019890
  0.019893
  0.019896
  0.019900
  0.019904
  0.019910
  0.019915
  0.019945
  0.000000
  0.000000
  0.000000
  0.000000
  0.000000
  0.000000
  0.000000
  0.000000
  0.000000
  0.000000
  0.000000
  0.000000
  0.000000
  0.000000
  0.000000
  0.000000
  0.000000
  0.000000
  0.019812
  0.019784
  0.019785
  0.019788
  0.019791
  0.019795
  0.019799
  0.019804
  0.019809
  0.019816
  0.019823
  0.019855
  0.000000
  0.000000
  0.000000
  0.000000
  0.000000
  0.000000
  0.000000
  0.000000
  0.000000
  0.000000
  0.000000
  0.000000
  0.000000
  0.000000
  0.000000
  0.000000
  0.000000
  0.000000
  0.019694
  0.019664
  0.019666
  0.019668
  0.019670
  0.019673
  0.019676
  0.019679
  0.019684
  0.019689
  0.019695
  0.019730
  0.000000
  0.000000
  0.000000
  0.000000
  0.000000
  0.000000
  0.000000
  0.000000
  0.000000
  0.000000
  0.000000
  0.000000
  0.000000
  0.000000
  0.000000
  0.000000
  0.000000
  0.000000
  0.019550
  0.019517
  0.019517
  0.019518
  0.019518
  0.019518
  0.019518
  0.019519
  0.019520
  0.019523
  0.019525
  0.019562
  0.000000
  0.000000
  0.000000
  0.000000
  0.000000
  0.000000
  0.000000
  0.000000
  0.000000
  0.000000
  0.000000
  0.000000
  0.000000
  0.000000
  0.000000
  0.000000
  0.000000
  0.000000
  0.019373
  0.019336
  0.019335
  0.019332
  0.019329
  0.019325
  0.019320
  0.019316
  0.019311
  0.019307
  0.019303
  0.019342
  0.000000
  0.000000
  0.000000
  0.000000
  0.000000
  0.000000
  0.000000
  0.000000
  0.000000
  0.000000
  0.000000
  0.000000
  0.000000
  0.000000
  0.000000
  0.000000
  0.000000
  0.000000
  0.019159
  0.019118
  0.019113
  0.019107
  0.019098
  0.019086
  0.019072
  0.019057
  0.019041
  0.019023
  0.019003
  0.019038
  0.000000
  0.000000
  0.000000
  0.000000
  0.000000
  0.000000
  0.000000
  0.000000
  0.000000
  0.000000
  0.000000
  0.000000
  0.000000
  0.000000
  0.000000
  0.000000
  0.000000
  0.000000
  0.018911
  0.018864
  0.018856
  0.018842
  0.018824
  0.018801
  0.018771
  0.018735
  0.018693
  0.018639
  0.018573
  0.018576
  0.000000
  0.000000
  0.000000
  0.000000
  0.000000
  0.000000
  0.000000
  0.000000
  0.000000
  0.000000
  0.000000
  0.000000
  0.000000
  0.000000
  0.000000
  0.000000
  0.000000
  0.000000
  0.018640
  0.018589
  0.018575
  0.018554
  0.018526
  0.018487
  0.018437
  0.018374
  0.018291
  0.018174
  0.018001
  0.017768
  0.017521
  0.000000
  0.000000
  0.000000
  0.000000
  0.000000
  0.000000
  0.000000
  0.000000
  0.000000
  0.000000
  0.000000
  0.000000
  0.000000
  0.000000
  0.000000
  0.000000
  0.000000
  0.018368
  0.018316
  0.018299
  0.018275
  0.018242
  0.018198
  0.018142
  0.018075
  0.017992
  0.017886
  0.017759
  0.017707
  0.017782
  0.000000
  0.000000
  0.000000
  0.000000
  0.000000
  0.000000
  0.000000
  0.000000
  0.000000
  0.000000
  0.000000
  0.000000
  0.000000
  0.000000
  0.000000
  0.000000
  0.000000
  0.018122
  0.018075
  0.018061
  0.018042
  0.018018
  0.017989
  0.017956
  0.017923
  0.017896
  0.017891
  0.017924
  0.018025
  0.018087
  0.000000
  0.000000
  0.000000
  0.000000
  0.000000
  0.000000
  0.000000
  0.000000
  0.000000
  0.000000
  0.000000
  0.000000
  0.000000
  0.000000
  0.000000
  0.000000
  0.000000
  0.017924
  0.017885
  0.017880
  0.017874
  0.017870
  0.017871
  0.017878
  0.017896
  0.017929
  0.017984
  0.018058
  0.018139
  0.018205
  0.000000
  0.000000
  0.000000
  0.000000
  0.000000
  0.000000
  0.000000
  0.000000
  0.000000
  0.000000
  0.000000
  0.000000
  0.000000
  0.000000
  0.000000
  0.000000
  0.000000
  0.017770
  0.017740
  0.017745
  0.017754
  0.017768
  0.017788
  0.017815
  0.017850
  0.017894
  0.017948
  0.018007
  0.018057
  0.018121
  0.000000
  0.000000
  0.000000
  0.000000
  0.000000
  0.000000
  0.000000
  0.000000
  0.000000
  0.000000
  0.000000
  0.000000
  0.000000
  0.000000
  0.000000
  0.000000
  0.000000
  0.017626
  0.017599
  0.017608
  0.017619
  0.017633
  0.017651
  0.017671
  0.017691
  0.017713
  0.017734
  0.017753
  0.017767
  0.017826
  0.000000
  0.000000
  0.000000
  0.000000
  0.000000
  0.000000
  0.000000
  0.000000
  0.000000
  0.000000
  0.000000
  0.000000
  0.000000
  0.000000
  0.000000
  0.000000
  0.000000
  0.017451
  0.017417
  0.017420
  0.017422
  0.017423
  0.017421
  0.017416
  0.017404
  0.017385
  0.017357
  0.017314
  0.017255
  0.017269
  0.000000
  0.000000
  0.000000
  0.000000
  0.000000
  0.000000
  0.000000
  0.000000
  0.000000
  0.000000
  0.000000
  0.000000
  0.000000
  0.000000
  0.000000
  0.000000
  0.000000
  0.017215
  0.017171
  0.017164
  0.017152
  0.017132
  0.017103
  0.017063
  0.017008
  0.016935
  0.016835
  0.016689
  0.016477
  0.016164
  0.015699
  0.000000
  0.000000
  0.000000
  0.000000
  0.000000
  0.000000
  0.000000
  0.000000
  0.000000
  0.000000
  0.000000
  0.000000
  0.000000
  0.000000
  0.000000
  0.000000
  0.016914
  0.016859
  0.016841
  0.016814
  0.016775
  0.016723
  0.016655
  0.016570
  0.016465
  0.016333
  0.016166
  0.015970
  0.015815
  0.015836
  0.000000
  0.000000
  0.000000
  0.000000
  0.000000
  0.000000
  0.000000
  0.000000
  0.000000
  0.000000
  0.000000
  0.000000
  0.000000
  0.000000
  0.000000
  0.000000
  0.016563
  0.016501
  0.016477
  0.016442
  0.016394
  0.016333
  0.016258
  0.016172
  0.016075
  0.015971
  0.015867
  0.015796
  0.015792
  0.015868
  0.000000
  0.000000
  0.000000
  0.000000
  0.000000
  0.000000
  0.000000
  0.000000
  0.000000
  0.000000
  0.000000
  0.000000
  0.000000
  0.000000
  0.000000
  0.000000
  0.016195
  0.016131
  0.016106
  0.016072
  0.016027
  0.015972
  0.015908
  0.015839
  0.015767
  0.015697
  0.015629
  0.015563
  0.015478
  0.015319
  0.015015
  0.000000
  0.000000
  0.000000
  0.000000
  0.000000
  0.000000
  0.000000
  0.000000
  0.000000
  0.000000
  0.000000
  0.000000
  0.000000
  0.000000
  0.000000
  0.015836
  0.015776
  0.015755
  0.015727
  0.015691
  0.015649
  0.015602
  0.015551
  0.015499
  0.015444
  0.015383
  0.015310
  0.015215
  0.015143
  0.015153
  0.000000
  0.000000
  0.000000
  0.000000
  0.000000
  0.000000
  0.000000
  0.000000
  0.000000
  0.000000
  0.000000
  0.000000
  0.000000
  0.000000
  0.000000
  0.015506
  0.015452
  0.015437
  0.015416
  0.015391
  0.015361
  0.015326
  0.015289
  0.015248
  0.015204
  0.015157
  0.015110
  0.015085
  0.015097
  0.015149
  0.000000
  0.000000
  0.000000
  0.000000
  0.000000
  0.000000
  0.000000
  0.000000
  0.000000
  0.000000
  0.000000
  0.000000
  0.000000
  0.000000
  0.000000
  0.015211
  0.015162
  0.015152
  0.015137
  0.015119
  0.015096
  0.015069
  0.015037
  0.015002
  0.014962
  0.014917
  0.014866
  0.014803
  0.014702
  0.014521
  0.014124
  0.000000
  0.000000
  0.000000
  0.000000
  0.000000
  0.000000
  0.000000
  0.000000
  0.000000
  0.000000
  0.000000
  0.000000
  0.000000
  0.000000
  0.014948
  0.014903
  0.014895
  0.014883
  0.014867
  0.014846
  0.014820
  0.014789
  0.014751
  0.014705
  0.014649
  0.014577
  0.014482
  0.014353
  0.014242
  0.014195
  0.000000
  0.000000
  0.000000
  0.000000
  0.000000
  0.000000
  0.000000
  0.000000
  0.000000
  0.000000
  0.000000
  0.000000
  0.000000
  0.000000
  0.014709
  0.014666
  0.014659
  0.014647
  0.014630
  0.014608
  0.014581
  0.014546
  0.014504
  0.014453
  0.014392
  0.014318
  0.014233
  0.014145
  0.014076
  0.014011
  0.013828
  0.000000
  0.000000
  0.000000
  0.000000
  0.000000
  0.000000
  0.000000
  0.000000
  0.000000
  0.000000
  0.000000
  0.000000
  0.000000
  0.014491
  0.014449
  0.014441
  0.014428
  0.014411
  0.014388
  0.014359
  0.014324
  0.014283
  0.014237
  0.014185
  0.014130
  0.014075
  0.014027
  0.013995
  0.013974
  0.013953
  0.000000
  0.000000
  0.000000
  0.000000
  0.000000
  0.000000
  0.000000
  0.000000
  0.000000
  0.000000
  0.000000
  0.000000
  0.000000
  0.014292
  0.014252
  0.014244
  0.014231
  0.014215
  0.014194
  0.014169
  0.014140
  0.014108
  0.014075
  0.014042
  0.014011
  0.013985
  0.013967
  0.013956
  0.013947
  0.013913
  0.013823
  0.000000
  0.000000
  0.000000
  0.000000
  0.000000
  0.000000
  0.000000
  0.000000
  0.000000
  0.000000
  0.000000
  0.000000
  0.014118
  0.014080
  0.014074
  0.014064
  0.014051
  0.014036
  0.014018
  0.014000
  0.013982
  0.013965
  0.013951
  0.013942
  0.013940
  0.013945
  0.013959
  0.013977
  0.013983
  0.013978
  0.000000
  0.000000
  0.000000
  0.000000
  0.000000
  0.000000
  0.000000
  0.000000
  0.000000
  0.000000
  0.000000
  0.000000
  0.013974
  0.013940
  0.013936
  0.013930
  0.013923
  0.013916
  0.013908
  0.013901
  0.013896
  0.013894
  0.013896
  0.013903
  0.013914
  0.013933
  0.013961
  0.013995
  0.014019
  0.014045
  0.000000
  0.000000
  0.000000
  0.000000
  0.000000
  0.000000
  0.000000
  0.000000
  0.000000
  0.000000
  0.000000
  0.000000
  0.013863
  0.013834
  0.013833
  0.013831
  0.013830
  0.013830
  0.013830
  0.013832
  0.013835
  0.013840
  0.013845
  0.013851
  0.013856
  0.013860
  0.013860
  0.013844
  0.013790
  0.013690
  0.013463
  0.000000
  0.000000
  0.000000
  0.000000
  0.000000
  0.000000
  0.000000
  0.000000
  0.000000
  0.000000
  0.000000
  0.013784
  0.013759
  0.013760
  0.013762
  0.013765
  0.013768
  0.013771
  0.013775
  0.013778
  0.013780
  0.013781
  0.013779
  0.013773
  0.013759
  0.013733
  0.013690
  0.013634
  0.013594
  0.013575
  0.000000
  0.000000
  0.000000
  0.000000
  0.000000
  0.000000
  0.000000
  0.000000
  0.000000
  0.000000
  0.000000
  0.013729
  0.013706
  0.013709
  0.013711
  0.013714
  0.013716
  0.013718
  0.013719
  0.013719
  0.013716
  0.013710
  0.013700
  0.013685
  0.013664
  0.013637
  0.013607
  0.013583
  0.013567
  0.013540
  0.013459
  0.000000
  0.000000
  0.000000
  0.000000
  0.000000
  0.000000
  0.000000
  0.000000
  0.000000
  0.000000
  0.013689
  0.013667
  0.013669
  0.013670
  0.013671
  0.013671
  0.013670
  0.013668
  0.013664
  0.013657
  0.013648
  0.013636
  0.013622
  0.013608
  0.013596
  0.013591
  0.013599
  0.013612
  0.013619
  0.013615
  0.000000
  0.000000
  0.000000
  0.000000
  0.000000
  0.000000
  0.000000
  0.000000
  0.000000
  0.000000
  0.013657
  0.013635
  0.013635
  0.013635
  0.013634
  0.013632
  0.013629
  0.013625
  0.013619
  0.013612
  0.013605
  0.013597
  0.013591
  0.013589
  0.013593
  0.013606
  0.013628
  0.013655
  0.013675
  0.013700
  0.000000
  0.000000
  0.000000
  0.000000
  0.000000
  0.000000
  0.000000
  0.000000
  0.000000
  0.000000
  0.013630
  0.013608
  0.013607
  0.013606
  0.013604
  0.013602
  0.013598
  0.013594
  0.013589
  0.013584
  0.013580
  0.013576
  0.013574
  0.013574
  0.013575
  0.013576
  0.013574
  0.013558
  0.013514
  0.013434
  0.013257
  0.000000
  0.000000
  0.000000
  0.000000
  0.000000
  0.000000
  0.000000
  0.000000
  0.000000
  0.013610
  0.013587
  0.013587
  0.013586
  0.013584
  0.013581
  0.013578
  0.013575
  0.013571
  0.013568
  0.013564
  0.013561
  0.013557
  0.013552
  0.013544
  0.013530
  0.013508
  0.013475
  0.013433
  0.013404
  0.013387
  0.000000
  0.000000
  0.000000
  0.000000
  0.000000
  0.000000
  0.000000
  0.000000
  0.000000
  0.013599
  0.013577
  0.013577
  0.013576
  0.013574
  0.013572
  0.013569
  0.013567
  0.013564
  0.013560
  0.013556
  0.013550
  0.013543
  0.013533
  0.013520
  0.013503
  0.013484
  0.013464
  0.013449
  0.013440
  0.013420
  0.013373
  0.000000
  0.000000
  0.000000
  0.000000
  0.000000
  0.000000
  0.000000
  0.000000
  0.013601
  0.013581
  0.013580
  0.013579
  0.013578
  0.013576
  0.013574
  0.013571
  0.013568
  0.013564
  0.013559
  0.013553
  0.013545
  0.013537
  0.013528
  0.013519
  0.013514
  0.013517
  0.013525
  0.013537
  0.013541
  0.013537
  0.000000
  0.000000
  0.000000
  0.000000
  0.000000
  0.000000
  0.000000
  0.000000
  0.013621
  0.013601
  0.013601
  0.013600
  0.013598
  0.013597
  0.013595
  0.013592
  0.013589
  0.013586
  0.013582
  0.013578
  0.013574
  0.013571
  0.013570
  0.013572
  0.013580
  0.013593
  0.013611
  0.013632
  0.013647
  0.013666
  0.000000
  0.000000
  0.000000
  0.000000
  0.000000
  0.000000
  0.000000
  0.000000
  0.013659
  0.013641
  0.013640
  0.013639
  0.013638
  0.013637
  0.013635
  0.013634
  0.013632
  0.013630
  0.013628
  0.013627
  0.013626
  0.013627
  0.013628
  0.013630
  0.013633
  0.013636
  0.013635
  0.013625
  0.013595
  0.013541
  0.013433
  0.000000
  0.000000
  0.000000
  0.000000
  0.000000
  0.000000
  0.000000
  0.013716
  0.013700
  0.013699
  0.013699
  0.013698
  0.013697
  0.013696
  0.013695
  0.013695
  0.013694
  0.013693
  0.013693
  0.013693
  0.013692
  0.013691
  0.013689
  0.013685
  0.013677
  0.013663
  0.013642
  0.013616
  0.013596
  0.013582
  0.000000
  0.000000
  0.000000
  0.000000
  0.000000
  0.000000
  0.000000
  0.013791
  0.013776
  0.013776
  0.013776
  0.013775
  0.013775
  0.013774
  0.013774
  0.013774
  0.013773
  0.013773
  0.013772
  0.013771
  0.013768
  0.013765
  0.013759
  0.013752
  0.013742
  0.013731
  0.013720
  0.013711
  0.013702
  0.013686
  0.013671
  0.000000
  0.000000
  0.000000
  0.000000
  0.000000
  0.000000
  0.013879
  0.013865
  0.013865
  0.013865
  0.013865
  0.013865
  0.013865
  0.013865
  0.013865
  0.013865
  0.013864
  0.013863
  0.013861
  0.013859
  0.013856
  0.013852
  0.013848
  0.013845
  0.013844
  0.013845
  0.013848
  0.013849
  0.013845
  0.013836
  0.000000
  0.000000
  0.000000
  0.000000
  0.000000
  0.000000
  0.013975
  0.013962
  0.013963
  0.013963
  0.013964
  0.013964
  0.013964
  0.013965
  0.013965
  0.013966
  0.013966
  0.013966
  0.013967
  0.013967
  0.013968
  0.013970
  0.013973
  0.013978
  0.013985
  0.013994
  0.014003
  0.014009
  0.014010
  0.014001
  0.014021
  0.000000
  0.000000
  0.000000
  0.000000
  0.000000
  0.014076
  0.014064
  0.014065
  0.014066
  0.014067
  0.014068
  0.014070
  0.014071
  0.014073
  0.014075
  0.014078
  0.014081
  0.014085
  0.014089
  0.014095
  0.014102
  0.014112
  0.014123
  0.014136
  0.014152
  0.014170
  0.014186
  0.014196
  0.014198
  0.014195
  0.000000
  0.000000
  0.000000
  0.000000
  0.000000
  0.014181
  0.014170
  0.014171
  0.014172
  0.014174
  0.014177
  0.014179
  0.014182
  0.014186
  0.014190
  0.014195
  0.014201
  0.014208
  0.014217
  0.014226
  0.014237
  0.014251
  0.014266
  0.014284
  0.014305
  0.014329
  0.014354
  0.014375
  0.014388
  0.014397
  0.000000
  0.000000
  0.000000
  0.000000
  0.000000
  0.014290
  0.014279
  0.014281
  0.014283
  0.014286
  0.014289
  0.014292
  0.014297
  0.014302
  0.014308
  0.014315
  0.014323
  0.014332
  0.014342
  0.014354
  0.014366
  0.014381
  0.014397
  0.014415
  0.014435
  0.014456
  0.014477
  0.014492
  0.014500
  0.014514
  0.000000
  0.000000
  0.000000
  0.000000
  0.000000
  0.014403
  0.014393
  0.014395
  0.014397
  0.014400
  0.014404
  0.014409
  0.014414
  0.014420
  0.014427
  0.014435
  0.014443
  0.014453
  0.014463
  0.014474
  0.014486
  0.014499
  0.014512
  0.014526
  0.014539
  0.014549
  0.014556
  0.014556
  0.014545
  0.014521
  0.014497
  0.000000
  0.000000
  0.000000
  0.000000
  0.014520
  0.014510
  0.014512
  0.014515
  0.014518
  0.014522
  0.014527
  0.014532
  0.014538
  0.014545
  0.014553
  0.014561
  0.014570
  0.014580
  0.014590
  0.014600
  0.014611
  0.014622
  0.014633
  0.014643
  0.014653
  0.014662
  0.014668
  0.014671
  0.014671
  0.014671
  0.000000
  0.000000
  0.000000
  0.000000
  0.014639
  0.014629
  0.014631
  0.014634
  0.014637
  0.014641
  0.014646
  0.014651
  0.014657
  0.014663
  0.014670
  0.014678
  0.014686
  0.014694
  0.014704
  0.014713
  0.014724
  0.014735
  0.014747
  0.014761
  0.014777
  0.014797
  0.014819
  0.014841
  0.014858
  0.014874
  0.000000
  0.000000
  0.000000
  0.000000
  0.014759
  0.014749
  0.014751
  0.014753
  0.014756
  0.014760
  0.014764
  0.014769
  0.014774
  0.014780
  0.014786
  0.014793
  0.014800
  0.014808
  0.014816
  0.014826
  0.014836
  0.014847
  0.014860
  0.014876
  0.014894
  0.014915
  0.014938
  0.014959
  0.014975
  0.014997
  0.000000
  0.000000
  0.000000
  0.000000
  0.014877
  0.014867
  0.014869
  0.014871
  0.014874
  0.014877
  0.014881
  0.014885
  0.014889
  0.014894
  0.014900
  0.014906
  0.014912
  0.014919
  0.014926
  0.014934
  0.014943
  0.014952
  0.014962
  0.014973
  0.014984
  0.014996
  0.015005
  0.015012
  0.015015
  0.015033
  0.000000
  0.000000
  0.000000
  0.000000
  0.014993
  0.014983
  0.014985
  0.014987
  0.014990
  0.014993
  0.014996
  0.014999
  0.015003
  0.015007
  0.015012
  0.015017
  0.015022
  0.015027
  0.015032
  0.015038
  0.015043
  0.015048
  0.015053
  0.015056
  0.015058
  0.015058
  0.015052
  0.015039
  0.015015
  0.014980
  0.014946
  0.000000
  0.000000
  0.000000
  0.015109
  0.015099
  0.015100
  0.015102
  0.015104
  0.015107
  0.015109
  0.015112
  0.015115
  0.015119
  0.015122
  0.015126
  0.015130
  0.015134
  0.015137
  0.015141
  0.015144
  0.015147
  0.015148
  0.015149
  0.015148
  0.015146
  0.015141
  0.015134
  0.015127
  0.015122
  0.015126
  0.000000
  0.000000
  0.000000
  0.015224
  0.015214
  0.015215
  0.015216
  0.015218
  0.015220
  0.015222
  0.015224
  0.015227
  0.015230
  0.015233
  0.015236
  0.015239
  0.015242
  0.015246
  0.015249
  0.015252
  0.015255
  0.015258
  0.015262
  0.015266
  0.015273
  0.015282
  0.015294
  0.015310
  0.015326
  0.015343
  0.000000
  0.000000
  0.000000
  0.015339
  0.015328
  0.015328
  0.015330
  0.015331
  0.015333
  0.015335
  0.015337
  0.015339
  0.015342
  0.015345
  0.015348
  0.015351
  0.015354
  0.015358
  0.015362
  0.015366
  0.015370
  0.015376
  0.015383
  0.015392
  0.015403
  0.015417
  0.015433
  0.015450
  0.015465
  0.015486
  0.000000
  0.000000
  0.000000
  0.015452
  0.015441
  0.015441
  0.015442
  0.015444
  0.015446
  0.015448
  0.015450
  0.015452
  0.015455
  0.015458
  0.015461
  0.015465
  0.015468
  0.015472
  0.015476
  0.015481
  0.015486
  0.015492
  0.015498
  0.015505
  0.015512
  0.015520
  0.015526
  0.015531
  0.015534
  0.015551
  0.000000
  0.000000
  0.000000
  0.015564
  0.015553
  0.015554
  0.015555
  0.015557
  0.015559
  0.015561
  0.015564
  0.015566
  0.015569
  0.015572
  0.015576
  0.015580
  0.015583
  0.015587
  0.015592
  0.015596
  0.015600
  0.015604
  0.015607
  0.015610
  0.015611
  0.015611
  0.015606
  0.015595
  0.015575
  0.015543
  0.015528
  0.000000
  0.000000
  0.015677
  0.015666
  0.015667
  0.015669
  0.015671
  0.015673
  0.015675
  0.015678
  0.015681
  0.015684
  0.015688
  0.015692
  0.015696
  0.015700
  0.015704
  0.015709
  0.015713
  0.015717
  0.015721
  0.015724
  0.015726
  0.015727
  0.015727
  0.015724
  0.015720
  0.015714
  0.015709
  0.015714
  0.000000
  0.000000
  0.015791
  0.015780
  0.015782
  0.015783
  0.015785
  0.015788
  0.015790
  0.015793
  0.015796
  0.015800
  0.015804
  0.015809
  0.015813
  0.015818
  0.015824
  0.015829
  0.015835
  0.015841
  0.015847
  0.015854
  0.015861
  0.015870
  0.015880
  0.015891
  0.015905
  0.015920
  0.015936
  0.015948
  0.000000
  0.000000
  0.015906
  0.015895
  0.015896
  0.015898
  0.015900
  0.015902
  0.015905
  0.015908
  0.015912
  0.015916
  0.015921
  0.015926
  0.015932
  0.015938
  0.015945
  0.015952
  0.015960
  0.015969
  0.015979
  0.015990
  0.016003
  0.016018
  0.016036
  0.016055
  0.016077
  0.016098
  0.016116
  0.016134
  0.000000
  0.000000
  0.016019
  0.016008
  0.016009
  0.016011
  0.016013
  0.016015
  0.016019
  0.016022
  0.016026
  0.016031
  0.016037
  0.016043
  0.016049
  0.016057
  0.016065
  0.016074
  0.016083
  0.016094
  0.016107
  0.016120
  0.016136
  0.016154
  0.016173
  0.016194
  0.016216
  0.016235
  0.016251
  0.016271
  0.000000
  0.000000
  0.016130
  0.016119
  0.016120
  0.016122
  0.016124
  0.016127
  0.016130
  0.016134
  0.016139
  0.016144
  0.016150
  0.016157
  0.016164
  0.016172
  0.016180
  0.016190
  0.016201
  0.016212
  0.016225
  0.016239
  0.016254
  0.016271
  0.016290
  0.016309
  0.016327
  0.016344
  0.016357
  0.016377
  0.000000
  0.000000
  0.016238
  0.016227
  0.016228
  0.016231
  0.016233
  0.016236
  0.016240
  0.016244
  0.016249
  0.016254
  0.016260
  0.016267
  0.016274
  0.016282
  0.016290
  0.016300
  0.016310
  0.016321
  0.016333
  0.016346
  0.016360
  0.016375
  0.016390
  0.016406
  0.016422
  0.016436
  0.016446
  0.016466
  0.000000
  0.000000
  0.016344
  0.016334
  0.016335
  0.016337
  0.016340
  0.016343
  0.016347
  0.016351
  0.016355
  0.016360
  0.016366
  0.016372
  0.016379
  0.016387
  0.016395
  0.016403
  0.016412
  0.016422
  0.016433
  0.016444
  0.016456
  0.016468
  0.016481
  0.016494
  0.016507
  0.016518
  0.016526
  0.016545
  0.000000
  0.000000
  0.016450
  0.016439
  0.016440
  0.016442
  0.016444
  0.016447
  0.016450
  0.016454
  0.016458
  0.016463
  0.016468
  0.016474
  0.016480
  0.016487
  0.016494
  0.016501
  0.016509
  0.016518
  0.016527
  0.016536
  0.016546
  0.016556
  0.016566
  0.016577
  0.016587
  0.016596
  0.016603
  0.016621
  0.000000
  0.000000
  0.016554
  0.016542
  0.016543
  0.016544
  0.016546
  0.016549
  0.016552
  0.016555
  0.016558
  0.016562
  0.016567
  0.016572
  0.016577
  0.016583
  0.016589
  0.016595
  0.016602
  0.016609
  0.016617
  0.016624
  0.016632
  0.016641
  0.016649
  0.016658
  0.016666
  0.016673
  0.016678
  0.016696
  0.000000
  0.000000
  0.016655
  0.016642
  0.016643
  0.016644
  0.016646
  0.016648
  0.016650
  0.016653
  0.016656
  0.016659
  0.016663
  0.016667
  0.016672
  0.016677
  0.016682
  0.016687
  0.016693
  0.016698
  0.016704
  0.016711
  0.016717
  0.016724
  0.016731
  0.016737
  0.016744
  0.016750
  0.016754
  0.016771
  0.000000
  0.000000
  0.016753
  0.016740
  0.016741
  0.016742
  0.016743
  0.016745
  0.016747
  0.016749
  0.016751
  0.016754
  0.016757
  0.016761
  0.016765
  0.016769
  0.016773
  0.016777
  0.016782
  0.016786
  0.016791
  0.016796
  0.016801
  0.016807
  0.016812
  0.016818
  0.016823
  0.016828
  0.016831
  0.016847
  0.000000
  0.000000
  0.016849
  0.016836
  0.016836
  0.016837
  0.016838
  0.016840
  0.016841
  0.016843
  0.016845
  0.016848
  0.016850
  0.016853
  0.016856
  0.016859
  0.016863
  0.016866
  0.016870
  0.016874
  0.016878
  0.016882
  0.016886
  0.016890
  0.016895
  0.016899
  0.016903
  0.016907
  0.016910
  0.016926
  0.000000
  0.000000
  0.016943
  0.016930
  0.016931
  0.016932
  0.016932
  0.016934
  0.016935
  0.016936
  0.016938
  0.016940
  0.016942
  0.016944
  0.016947
  0.016950
  0.016952
  0.016955
  0.016958
  0.016961
  0.016965
  0.016968
  0.016971
  0.016975
  0.016978
  0.016982
  0.016985
  0.016988
  0.016991
  0.017006
  0.000000
  0.000000
  0.017037
  0.017024
  0.017025
  0.017025
  0.017026
  0.017027
  0.017028
  0.017029
  0.017031
  0.017032
  0.017034
  0.017036
  0.017038
  0.017040
  0.017042
  0.017044
  0.017047
  0.017050
  0.017052
  0.017055
  0.017058
  0.017061
  0.017064
  0.017066
  0.017069
  0.017072
  0.017074
  0.017089
  0.000000
  0.000000
  0.017131
  0.017118
  0.017119
  0.017119
  0.017120
  0.017120
  0.017121
  0.017122
  0.017123
  0.017125
  0.017126
  0.017127
  0.017129
  0.017131
  0.017133
  0.017135
  0.017137
  0.017139
  0.017141
  0.017143
  0.017145
  0.017148
  0.017150
  0.017153
  0.017155
  0.017157
  0.017159
  0.017173
  0.000000
  0.000000
  0.017226
  0.017213
  0.017213
  0.017213
  0.017214
  0.017214
  0.017215
  0.017216
  0.017217
  0.017218
  0.017219
  0.017220
  0.017221
  0.017223
  0.017224
  0.017226
  0.017227
  0.017229
  0.017231
  0.017233
  0.017235
  0.017237
  0.017239
  0.017241
  0.017243
  0.017245
  0.017246
  0.017260
  0.000000
  0.000000
  0.017321
  0.017308
  0.017308
  0.017308
  0.017309
  0.017309
  0.017309
  0.017310
  0.017311
  0.017312
  0.017313
  0.017314
  0.017315
  0.017316
  0.017317
  0.017318
  0.017320
  0.017321
  0.017323
  0.017324
  0.017326
  0.017327
  0.017329
  0.017331
  0.017333
  0.017334
  0.017335
  0.017349
  0.000000
  0.000000
  0.017417
  0.017404
  0.017404
  0.017404
  0.017404
  0.017405
  0.017405
  0.017406
  0.017406
  0.017407
  0.017408
  0.017409
  0.017409
  0.017410
  0.017411
  0.017413
  0.017414
  0.017415
  0.017416
  0.017417
  0.017419
  0.017420
  0.017422
  0.017423
  0.017425
  0.017426
  0.017427
  0.017441
  0.000000
  0.000000
  0.017514
  0.017502
  0.017501
  0.017501
  0.017502
  0.017502
  0.017502
  0.017503
  0.017503
  0.017504
  0.017504
  0.017505
  0.017506
  0.017507
  0.017508
  0.017509
  0.017509
  0.017510
  0.017512
  0.017513
  0.017514
  0.017515
  0.017516
  0.017518
  0.017519
  0.017520
  0.017521
  0.017534
  0.000000
  0.000000
  0.017613
  0.017600
  0.017600
  0.017600
  0.017600
  0.017601
  0.017601
  0.017601
  0.017602
  0.017602
  0.017603
  0.017603
  0.017604
  0.017605
  0.017606
  0.017606
  0.017607
  0.017608
  0.017609
  0.017610
  0.017611
  0.017612
  0.017613
  0.017614
  0.017615
  0.017617
  0.017617
  0.017631
  0.000000
  0.000000
  0.017713
  0.017701
  0.017701
  0.017701
  0.017701
  0.017701
  0.017702
  0.017702
  0.017702
  0.017703
  0.017703
  0.017704
  0.017704
  0.017705
  0.017706
  0.017706
  0.017707
  0.017708
  0.017709
  0.017709
  0.017710
  0.017711
  0.017712
  0.017713
  0.017714
  0.017715
  0.017716
  0.017729
  0.000000
  0.000000
  0.017816
  0.017804
  0.017804
  0.017804
  0.017804
  0.017804
  0.017804
  0.017805
  0.017805
  0.017805
  0.017806
  0.017806
  0.017807
  0.017807
  0.017808
  0.017808
  0.017809
  0.017810
  0.017810
  0.017811
  0.017812
  0.017813
  0.017813
  0.017814
  0.017815
  0.017816
  0.017817
  0.017829
  0.000000
  0.000000
  0.017921
  0.017909
  0.017909
  0.017909
  0.017909
  0.017909
  0.017909
  0.017910
  0.017910
  0.017910
  0.017910
  0.017911
  0.017911
  0.017912
  0.017912
  0.017913
  0.017913
  0.017914
  0.017914
  0.017915
  0.017915
  0.017916
  0.017917
  0.017918
  0.017919
  0.017919
  0.017920
  0.017932
  0.000000
  0.000000
  0.018028
  0.018016
  0.018016
  0.018016
  0.018016
  0.018016
  0.018016
  0.018017
  0.018017
  0.018017
  0.018017
  0.018018
  0.018018
  0.018018
  0.018019
  0.018019
  0.018020
  0.018020
  0.018020
  0.018021
  0.018022
  0.018022
  0.018023
  0.018024
  0.018024
  0.018025
  0.018026
  0.018038
  0.000000
  0.000000
  0.018138
  0.018126
  0.018126
  0.018126
  0.018126
  0.018126
  0.018126
  0.018126
  0.018126
  0.018126
  0.018127
  0.018127
  0.018127
  0.018127
  0.018128
  0.018128
  0.018128
  0.018129
  0.018129
  0.018130
  0.018130
  0.018131
  0.018131
  0.018132
  0.018133
  0.018133
  0.018134
  0.018146
  0.000000
  0.000000
  0.018250
  0.018238
  0.018238
  0.018238
  0.018238
  0.018238
  0.018238
  0.018238
  0.018238
  0.018238
  0.018238
  0.018238
  0.018239
  0.018239
  0.018239
  0.018239
  0.018240
  0.018240
  0.018240
  0.018241
  0.018241
  0.018242
  0.018242
  0.018243
  0.018244
  0.018244
  0.018245
  0.018256
  0.000000
  0.000000
  0.018364
  0.018352
  0.018352
  0.018352
  0.018352
  0.018352
  0.018352
  0.018352
  0.018352
  0.018352
  0.018352
  0.018353
  0.018353
  0.018353
  0.018353
  0.018353
  0.018354
  0.018354
  0.018354
  0.018355
  0.018355
  0.018356
  0.018356
  0.018357
  0.018357
  0.018358
  0.018358
  0.018370
  0.000000
  0.000000
  0.018480
  0.018469
  0.018469
  0.018469
  0.018469
  0.018469
  0.018469
  0.018469
  0.018469
  0.018469
  0.018469
  0.018469
  0.018469
  0.018470
  0.018470
  0.018470
  0.018470
  0.018471
  0.018471
  0.018471
  0.018472
  0.018472
  0.018473
  0.018473
  0.018474
  0.018474
  0.018475
  0.018486
  0.000000
  0.000000
  0.018599
  0.018588
  0.018588
  0.018588
  0.018588
  0.018588
  0.018588
  0.018588
  0.018588
  0.018588
  0.018589
  0.018589
  0.018589
  0.018589
  0.018589
  0.018590
  0.018590
  0.018590
  0.018590
  0.018591
  0.018591
  0.018592
  0.018592
  0.018593
  0.018593
  0.018594
  0.018594
  0.018605
  0.000000
  0.000000
  0.018721
  0.018710
  0.018710
  0.018710
  0.018710
  0.018710
  0.018710
  0.018710
  0.018710
  0.018711
  0.018711
  0.018711
  0.018711
  0.018711
  0.018711
  0.018712
  0.018712
  0.018712
  0.018713
  0.018713
  0.018713
  0.018714
  0.018714
  0.018715
  0.018715
  0.018716
  0.018716
  0.018727
  0.000000
  0.000000
  0.018845
  0.018835
  0.018835
  0.018835
  0.018835
  0.018835
  0.018835
  0.018835
  0.018835
  0.018835
  0.018835
  0.018836
  0.018836
  0.018836
  0.018836
  0.018837
  0.018837
  0.018837
  0.018837
  0.018838
  0.018838
  0.018839
  0.018839
  0.018839
  0.018840
  0.018840
  0.018841
  0.018851
  0.000000
  0.000000
  0.018973
  0.018963
  0.018963
  0.018963
  0.018963
  0.018963
  0.018963
  0.018963
  0.018963
  0.018963
  0.018963
  0.018963
  0.018963
  0.018964
  0.018964
  0.018964
  0.018964
  0.018965
  0.018965
  0.018965
  0.018966
  0.018966
  0.018966
  0.018967
  0.018967
  0.018968
  0.018968
  0.018978
  0.000000
  0.000000
  0.019103
  0.019093
  0.019093
  0.019093
  0.019093
  0.019093
  0.019093
  0.019093
  0.019093
  0.019093
  0.019093
  0.019093
  0.019093
  0.019094
  0.019094
  0.019094
  0.019094
  0.019095
  0.019095
  0.019095
  0.019096
  0.019096
  0.019096
  0.019097
  0.019097
  0.019098
  0.019098
  0.019108
  0.000000
  0.000000
  0.019236
  0.019226
  0.019226
  0.019226
  0.019226
  0.019226
  0.019226
  0.019226
  0.019226
  0.019226
  0.019226
  0.019226
  0.019226
  0.019226
  0.019227
  0.019227
  0.019227
  0.019227
  0.019227
  0.019228
  0.019228
  0.019228
  0.019229
  0.019229
  0.019229
  0.019230
  0.019230
  0.019240
  0.000000
  0.000000
  0.019371
  0.019361
  0.019361
  0.019361
  0.019361
  0.019361
  0.019361
  0.019361
  0.019361
  0.019361
  0.019361
  0.019361
  0.019361
  0.019361
  0.019362
  0.019362
  0.019362
  0.019362
  0.019362
  0.019363
  0.019363
  0.019363
  0.019363
  0.019364
  0.019364
  0.019364
  0.019365
  0.019374
  0.000000
  0.000000
  0.019509
  0.019499
  0.019499
  0.019499
  0.019499
  0.019499
  0.019499
  0.019499
  0.019499
  0.019499
  0.019499
  0.019499
  0.019499
  0.019499
  0.019499
  0.019499
  0.019500
  0.019500
  0.019500
  0.019500
  0.019500
  0.019501
  0.019501
  0.019501
  0.019501
  0.019501
  0.019502
  0.019511
  0.000000
  0.000000
  0.019649
  0.019640
  0.019639
  0.019639
  0.019639
  0.019639
  0.019639
  0.019639
  0.019639
  0.019639
  0.019639
  0.019639
  0.019639
  0.019639
  0.019640
  0.019640
  0.019640
  0.019640
  0.019640
  0.019640
  0.019641
  0.019641
  0.019641
  0.019641
  0.019641
  0.019641
  0.019642
  0.019651
  0.000000
  0.000000
  0.019792
  0.019782
  0.019782
  0.019782
  0.019782
  0.019782
  0.019782
  0.019782
  0.019782
  0.019782
  0.019782
  0.019782
  0.019782
  0.019782
  0.019782
  0.019782
  0.019783
  0.019783
  0.019783
  0.019783
  0.019783
  0.019784
  0.019784
  0.019784
  0.019784
  0.019784
  0.019785
  0.019793
  0.000000
  0.000000
  0.019935
  0.019927
  0.019927
  0.019927
  0.019927
  0.019927
  0.019927
  0.019927
  0.019927
  0.019927
  0.019927
  0.019927
  0.019927
  0.019928
  0.019928
  0.019928
  0.019928
  0.019928
  0.019929
  0.019929
  0.019929
  0.019929
  0.019930
  0.019930
  0.019930
  0.019930
  0.019931
  0.019939
  0.000000
  0.000000
  0.020082
  0.020074
  0.020074
  0.020074
  0.020074
  0.020074
  0.020074
  0.020075
  0.020075
  0.020075
  0.020075
  0.020075
  0.020075
  0.020076
  0.020076
  0.020076
  0.020076
  0.020077
  0.020077
  0.020077
  0.020078
  0.020078
  0.020078
  0.020079
  0.020079
  0.020079
  0.020079
  0.020088
  0.000000
  0.000000
  0.020233
  0.020225
  0.020225
  0.020225
  0.020225
  0.020225
  0.020225
  0.020225
  0.020225
  0.020225
  0.020226
  0.020226
  0.020226
  0.020226
  0.020227
  0.020227
  0.020227
  0.020228
  0.020228
  0.020229
  0.020229
  0.020230
  0.020230
  0.020231
  0.020231
  0.020231
  0.020232
  0.020240
  0.000000
  0.000000
  0.020387
  0.020379
  0.020379
  0.020379
  0.020379
  0.020379
  0.020379
  0.020379
  0.020379
  0.020379
  0.020379
  0.020379
  0.020379
  0.020380
  0.020380
  0.020380
  0.020381
  0.020381
  0.020382
  0.020383
  0.020383
  0.020384
  0.020385
  0.020386
  0.020386
  0.020387
  0.020387
  0.020395
  0.000000
  0.000000
  0.020545
  0.020537
  0.020536
  0.020536
  0.020535
  0.020535
  0.020535
  0.020535
  0.020534
  0.020534
  0.020535
  0.020535
  0.020535
  0.020535
  0.020536
  0.020536
  0.020537
  0.020537
  0.020538
  0.020539
  0.020540
  0.020541
  0.020543
  0.020544
  0.020545
  0.020546
  0.020547
  0.020555
  0.000000
  0.000000
  0.020654
  0.020655
  0.020654
  0.020653
  0.020653
  0.020652
  0.020652
  0.020652
  0.020652
  0.020652
  0.020652
  0.020652
  0.020652
  0.020652
  0.020653
  0.020653
  0.020654
  0.020655
  0.020655
  0.020656
  0.020658
  0.020659
  0.020662
  0.020664
  0.020668
  0.020671
  0.020674
  0.020672
  0.000000
