  0.000000
  0.000000
  0.000000
  0.000000
  0.000000
  0.000000
  0.000000
  0.000000
  0.000000
  0.000000
  0.000000
  0.000000
  0.000000
  0.000000
  0.000000
  0.000000
  0.000000
  0.000000
  0.000000
  0.000000
  0.000000
  0.000000
  0.000000
  0.000000
  0.000000
  0.000000
  0.000000
  0.000000
  0.000000
  0.000000
  0.000000
  0.000000
 -0.000000
  0.012818
  0.012818
  0.012818
  0.012818
  0.012818
  0.012818
  0.012818
  0.012818
  0.012818
  0.012818
  0.012818
  0.012818
  0.012818
  0.012818
  0.012818
  0.012818
  0.012818
  0.012818
  0.012818
  0.012818
  0.012818
  0.012818
  0.012818
  0.012818
  0.012818
  0.012818
  0.012818
 -0.000000
  0.000000
  0.000000
 -0.000000
  0.013065
  0.013065
  0.013065
  0.013065
  0.013065
  0.013065
  0.013065
  0.013065
  0.013065
  0.013065
  0.013065
  0.013065
  0.013065
  0.013065
  0.013065
  0.013065
  0.013065
  0.013065
  0.013065
  0.013065
  0.013065
  0.013065
  0.013065
  0.013065
  0.013065
  0.013065
  0.013065
 -0.000000
  0.000000
  0.000000
 -0.000000
  0.013310
  0.013310
  0.013310
  0.013310
  0.013310
  0.013310
  0.013310
  0.013310
  0.013310
  0.013310
  0.013310
  0.013310
  0.013310
  0.013310
  0.013310
  0.013310
  0.013310
  0.013310
  0.013310
  0.013310
  0.013310
  0.013310
  0.013310
  0.013310
  0.013310
  0.013310
  0.013310
 -0.000000
  0.000000
  0.000000
 -0.000000
  0.013553
  0.013553
  0.013553
  0.013553
  0.013553
  0.013553
  0.013553
  0.013553
  0.013553
  0.013553
  0.013553
  0.013553
  0.013553
  0.013553
  0.013553
  0.013553
  0.013553
  0.013553
  0.013553
  0.013553
  0.013553
  0.013553
  0.013553
  0.013553
  0.013553
  0.013553
  0.013553
 -0.000000
  0.000000
  0.000000
 -0.000000
  0.013795
  0.013795
  0.013795
  0.013795
  0.013795
  0.013795
  0.013795
  0.013795
  0.013795
  0.013795
  0.013795
  0.013795
  0.013795
  0.013795
  0.013795
  0.013795
  0.013795
  0.013795
  0.013795
  0.013795
  0.013795
  0.013795
  0.013795
  0.013795
  0.013795
  0.013795
  0.013795
 -0.000000
  0.000000
  0.000000
 -0.000000
  0.014034
  0.014034
  0.014034
  0.014034
  0.014034
  0.014034
  0.014034
  0.014034
  0.014034
  0.014034
  0.014034
  0.014034
  0.014034
  0.014034
  0.014034
  0.014034
  0.014034
  0.014034
  0.014034
  0.014034
  0.014034
  0.014034
  0.014034
  0.014034
  0.014034
  0.014034
  0.014034
 -0.000000
  0.000000
  0.000000
 -0.000000
  0.014272
  0.014272
  0.014272
  0.014272
  0.014272
  0.014272
  0.014272
  0.014272
  0.014272
  0.014272
  0.014272
  0.014272
  0.014272
  0.014272
  0.014272
  0.014272
  0.014272
  0.014272
  0.014272
  0.014272
  0.014272
  0.014272
  0.014272
  0.014272
  0.014272
  0.014272
  0.014272
 -0.000000
  0.000000
  0.000000
 -0.000000
  0.014509
  0.014509
  0.014509
  0.014509
  0.014509
  0.014509
  0.014509
  0.014509
  0.014509
  0.014509
  0.014509
  0.014509
  0.014509
  0.014509
  0.014509
  0.014509
  0.014509
  0.014509
  0.014509
  0.014509
  0.014509
  0.014509
  0.014509
  0.014509
  0.014509
  0.014509
  0.014509
 -0.000000
  0.000000
  0.000000
 -0.000000
  0.014744
  0.014744
  0.014744
  0.014744
  0.014744
  0.014744
  0.014744
  0.014744
  0.014744
  0.014744
  0.014744
  0.014744
  0.014744
  0.014744
  0.014744
  0.014744
  0.014744
  0.014744
  0.014744
  0.014744
  0.014744
  0.014744
  0.014744
  0.014744
  0.014744
  0.014744
  0.014744
 -0.000000
  0.000000
  0.000000
 -0.000000
  0.014978
  0.014978
  0.014978
  0.014978
  0.014978
  0.014978
  0.014978
  0.014978
  0.014978
  0.014978
  0.014978
  0.014978
  0.014978
  0.014978
  0.014978
  0.014978
  0.014978
  0.014978
  0.014978
  0.014978
  0.014978
  0.014978
  0.014978
  0.014978
  0.014978
  0.014978
  0.014978
 -0.000000
  0.000000
  0.000000
 -0.000000
  0.015210
  0.015210
  0.015210
  0.015210
  0.015210
  0.015210
  0.015210
  0.015210
  0.015210
  0.015210
  0.015210
  0.015210
  0.015210
  0.015210
  0.015210
  0.015210
  0.015210
  0.015210
  0.015210
  0.015210
  0.015210
  0.015210
  0.015210
  0.015210
  0.015210
  0.015210
  0.015210
 -0.000000
  0.000000
  0.000000
 -0.000000
  0.015442
  0.015442
  0.015442
  0.015442
  0.015442
  0.015442
  0.015442
  0.015442
  0.015442
  0.015442
  0.015442
  0.015442
  0.015442
  0.015442
  0.015442
  0.015442
  0.015442
  0.015442
  0.015442
  0.015442
  0.015442
  0.015442
  0.015442
  0.015442
  0.015442
  0.015442
  0.015442
 -0.000000
  0.000000
  0.000000
 -0.000000
  0.015672
  0.015672
  0.015672
  0.015672
  0.015672
  0.015672
  0.015672
  0.015672
  0.015672
  0.015672
  0.015672
  0.015672
  0.015672
  0.015672
  0.015672
  0.015672
  0.015672
  0.015672
  0.015672
  0.015672
  0.015672
  0.015672
  0.015672
  0.015672
  0.015672
  0.015672
  0.015672
 -0.000000
  0.000000
  0.000000
 -0.000000
  0.015902
  0.015902
  0.015902
  0.015902
  0.015902
  0.015902
  0.015902
  0.015902
  0.015902
  0.015902
  0.015902
  0.015902
  0.015902
  0.015902
  0.015902
  0.015902
  0.015902
  0.015902
  0.015902
  0.015902
  0.015902
  0.015902
  0.015902
  0.015902
  0.015902
  0.015902
  0.015902
 -0.000000
  0.000000
  0.000000
 -0.000000
  0.016130
  0.016130
  0.016131
  0.016131
  0.016131
  0.016131
  0.016131
  0.016131
  0.016131
  0.016131
  0.016131
  0.016131
  0.016131
  0.016131
  0.016131
  0.016131
  0.016131
  0.016131
  0.016131
  0.016131
  0.016131
  0.016131
  0.016131
  0.016131
  0.016131
  0.016131
  0.016131
 -0.000000
  0.000000
  0.000000
 -0.000000
  0.016358
  0.016358
  0.016358
  0.016358
  0.016358
  0.016358
  0.016358
  0.016358
  0.016358
  0.016358
  0.016358
  0.016358
  0.016358
  0.016358
  0.016359
  0.016359
  0.016359
  0.016359
  0.016359
  0.016359
  0.016359
  0.016359
  0.016359
  0.016359
  0.016359
  0.016359
  0.016359
 -0.000000
  0.000000
  0.000000
 -0.000000
  0.016585
  0.016585
  0.016585
  0.016586
  0.016586
  0.016586
  0.016586
  0.016586
  0.016586
  0.016586
  0.016586
  0.016586
  0.016586
  0.016586
  0.016586
  0.016586
  0.016586
  0.016586
  0.016586
  0.016586
  0.016586
  0.016586
  0.016586
  0.016586
  0.016586
  0.016586
  0.016586
 -0.000000
  0.000000
  0.000000
 -0.000000
  0.016812
  0.016812
  0.016812
  0.016812
  0.016812
  0.016812
  0.016812
  0.016812
  0.016812
  0.016812
  0.016812
  0.016812
  0.016812
  0.016812
  0.016812
  0.016812
  0.016812
  0.016812
  0.016812
  0.016812
  0.016812
  0.016812
  0.016812
  0.016812
  0.016812
  0.016812
  0.016812
 -0.000000
  0.000000
  0.000000
 -0.000000
  0.017038
  0.017038
  0.017038
  0.017038
  0.017038
  0.017038
  0.017038
  0.017038
  0.017038
  0.017038
  0.017038
  0.017038
  0.017038
  0.017038
  0.017038
  0.017038
  0.017038
  0.017038
  0.017038
  0.017038
  0.017038
  0.017038
  0.017038
  0.017038
  0.017038
  0.017038
  0.017039
 -0.000000
  0.000000
  0.000000
 -0.000000
  0.017263
  0.017263
  0.017263
  0.017263
  0.017263
  0.017263
  0.017263
  0.017263
  0.017263
  0.017263
  0.017263
  0.017263
  0.017263
  0.017264
  0.017264
  0.017264
  0.017264
  0.017264
  0.017264
  0.017264
  0.017264
  0.017264
  0.017264
  0.017264
  0.017264
  0.017264
  0.017264
 -0.000000
  0.000000
  0.000000
 -0.000000
  0.017488
  0.017488
  0.017488
  0.017488
  0.017488
  0.017488
  0.017488
  0.017488
  0.017488
  0.017488
  0.017488
  0.017488
  0.017488
  0.017488
  0.017489
  0.017489
  0.017489
  0.017489
  0.017489
  0.017489
  0.017489
  0.017489
  0.017489
  0.017489
  0.017489
  0.017489
  0.017489
 -0.000000
  0.000000
  0.000000
 -0.000000
  0.017712
  0.017712
  0.017712
  0.017712
  0.017712
  0.017712
  0.017712
  0.017712
  0.017712
  0.017713
  0.017713
  0.017713
  0.017713
  0.017713
  0.017713
  0.017713
  0.017713
  0.017713
  0.017713
  0.017713
  0.017714
  0.017714
  0.017714
  0.017714
  0.017714
  0.017714
  0.017714
 -0.000000
  0.000000
  0.000000
 -0.000000
  0.017936
  0.017936
  0.017936
  0.017936
  0.017936
  0.017936
  0.017936
  0.017936
  0.017936
  0.017936
  0.017937
  0.017937
  0.017937
  0.017937
  0.017937
  0.017937
  0.017937
  0.017938
  0.017938
  0.017938
  0.017938
  0.017938
  0.017938
  0.017938
  0.017938
  0.017938
  0.017938
 -0.000000
  0.000000
  0.000000
 -0.000000
  0.018159
  0.018159
  0.018159
  0.018159
  0.018159
  0.018160
  0.018160
  0.018160
  0.018160
  0.018160
  0.018160
  0.018160
  0.018161
  0.018161
  0.018161
  0.018161
  0.018161
  0.018161
  0.018162
  0.018162
  0.018162
  0.018162
  0.018162
  0.018162
  0.018162
  0.018162
  0.018162
 -0.000000
  0.000000
  0.000000
 -0.000000
  0.018382
  0.018382
  0.018382
  0.018382
  0.018382
  0.018383
  0.018383
  0.018383
  0.018383
  0.018383
  0.018384
  0.018384
  0.018384
  0.018384
  0.018385
  0.018385
  0.018385
  0.018385
  0.018385
  0.018386
  0.018386
  0.018386
  0.018386
  0.018386
  0.018386
  0.018386
  0.018386
 -0.000000
  0.000000
  0.000000
 -0.000000
  0.018605
  0.018605
  0.018605
  0.018605
  0.018605
  0.018605
  0.018605
  0.018606
  0.018606
  0.018606
  0.018607
  0.018607
  0.018607
  0.018607
  0.018608
  0.018608
  0.018608
  0.018609
  0.018609
  0.018609
  0.018610
  0.018610
  0.018610
  0.018610
  0.018610
  0.018610
  0.018611
 -0.000000
  0.000000
  0.000000
 -0.000000
  0.018827
  0.018827
  0.018827
  0.018827
  0.018827
  0.018827
  0.018828
  0.018828
  0.018828
  0.018829
  0.018829
  0.018830
  0.018830
  0.018830
  0.018831
  0.018831
  0.018832
  0.018832
  0.018833
  0.018833
  0.018833
  0.018834
  0.018834
  0.018834
  0.018834
  0.018834
  0.018835
 -0.000000
  0.000000
  0.000000
 -0.000000
  0.019048
  0.019048
  0.019048
  0.019049
  0.019049
  0.019049
  0.019050
  0.019050
  0.019051
  0.019051
  0.019052
  0.019052
  0.019053
  0.019053
  0.019054
  0.019054
  0.019055
  0.019056
  0.019056
  0.019057
  0.019057
  0.019058
  0.019058
  0.019058
  0.019059
  0.019059
  0.019059
 -0.000000
  0.000000
  0.000000
 -0.000000
  0.019269
  0.019269
  0.019269
  0.019270
  0.019270
  0.019271
  0.019271
  0.019272
  0.019272
  0.019273
  0.019274
  0.019274
  0.019275
  0.019276
  0.019277
  0.019277
  0.019278
  0.019279
  0.019280
  0.019280
  0.019281
  0.019282
  0.019282
  0.019283
  0.019283
  0.019283
  0.019284
 -0.000000
  0.000000
  0.000000
 -0.000000
  0.019489
  0.019490
  0.019490
  0.019490
  0.019491
  0.019491
  0.019492
  0.019493
  0.019494
  0.019494
  0.019495
  0.019496
  0.019497
  0.019498
  0.019499
  0.019500
  0.019502
  0.019503
  0.019504
  0.019505
  0.019505
  0.019506
  0.019507
  0.019508
  0.019508
  0.019508
  0.019509
 -0.000000
  0.000000
  0.000000
 -0.000000
  0.019709
  0.019709
  0.019709
  0.019710
  0.019711
  0.019711
  0.019712
  0.019713
  0.019714
  0.019715
  0.019717
  0.019718
  0.019719
  0.019721
  0.019722
  0.019723
  0.019725
  0.019726
  0.019728
  0.019729
  0.019730
  0.019731
  0.019732
  0.019733
  0.019734
  0.019734
  0.019735
 -0.000000
  0.000000
  0.000000
 -0.000000
  0.019927
  0.019927
  0.019928
  0.019929
  0.019929
  0.019930
  0.019931
  0.019933
  0.019934
  0.019936
  0.019937
  0.019939
  0.019941
  0.019943
  0.019945
  0.019946
  0.019948
  0.019950
  0.019952
  0.019954
  0.019956
  0.019957
  0.019959
  0.019960
  0.019961
  0.019962
  0.019963
 -0.000000
  0.000000
  0.000000
 -0.000000
  0.020144
  0.020144
  0.020145
  0.020146
  0.020147
  0.020148
  0.020150
  0.020151
  0.020153
  0.020155
  0.020157
  0.020159
  0.020162
  0.020164
  0.020167
  0.020169
  0.020172
  0.020175
  0.020177
  0.020180
  0.020182
  0.020184
  0.020186
  0.020188
  0.020190
  0.020191
  0.020193
 -0.000000
  0.000000
  0.000000
 -0.000000
  0.020359
  0.020360
  0.020361
  0.020362
  0.020363
  0.020365
  0.020367
  0.020369
  0.020371
  0.020373
  0.020376
  0.020379
  0.020382
  0.020385
  0.020389
  0.020392
  0.020395
  0.020399
  0.020402
  0.020406
  0.020409
  0.020412
  0.020415
  0.020418
  0.020420
  0.020422
  0.020425
 -0.000000
  0.000000
  0.000000
 -0.000000
  0.020572
  0.020573
  0.020574
  0.020575
  0.020577
  0.020579
  0.020581
  0.020584
  0.020587
  0.020590
  0.020594
  0.020597
  0.020601
  0.020605
  0.020610
  0.020614
  0.020619
  0.020623
  0.020628
  0.020633
  0.020637
  0.020642
  0.020646
  0.020650
  0.020653
  0.020657
  0.020660
 -0.000000
  0.000000
  0.000000
 -0.000000
  0.020783
  0.020784
  0.020785
  0.020786
  0.020788
  0.020791
  0.020794
  0.020797
  0.020801
  0.020805
  0.020809
  0.020814
  0.020819
  0.020824
  0.020830
  0.020835
  0.020841
  0.020848
  0.020854
  0.020860
  0.020866
  0.020873
  0.020879
  0.020884
  0.020889
  0.020895
  0.020899
 -0.000000
  0.000000
  0.000000
 -0.000000
  0.020990
  0.020991
  0.020992
  0.020994
  0.020997
  0.021000
  0.021003
  0.021007
  0.021011
  0.021016
  0.021022
  0.021027
  0.021034
  0.021040
  0.021047
  0.021055
  0.021063
  0.021071
  0.021079
  0.021087
  0.021096
  0.021105
  0.021114
  0.021120
  0.021128
  0.021140
  0.021145
 -0.000000
  0.000000
  0.000000
 -0.000000
  0.021192
  0.021193
  0.021195
  0.021197
  0.021200
  0.021204
  0.021208
  0.021213
  0.021218
  0.021224
  0.021230
  0.021237
  0.021245
  0.021253
  0.021262
  0.021271
  0.021281
  0.021292
  0.021302
  0.021313
  0.021325
  0.021338
  0.021348
  0.021357
  0.021371
  0.021388
  0.021395
 -0.000000
  0.000000
  0.000000
 -0.000000
  0.021390
  0.021391
  0.021393
  0.021396
  0.021399
  0.021403
  0.021408
  0.021413
  0.021419
  0.021426
  0.021434
  0.021442
  0.021451
  0.021461
  0.021471
  0.021483
  0.021495
  0.021508
  0.021521
  0.021535
  0.021552
  0.021567
  0.021578
  0.021593
  0.021618
  0.021636
  0.021641
 -0.000000
  0.000000
  0.000000
 -0.000000
  0.021581
  0.021582
  0.021584
  0.021587
  0.021591
  0.021596
  0.021601
  0.021607
  0.021614
  0.021622
  0.021630
  0.021640
  0.021650
  0.021661
  0.021674
  0.021688
  0.021702
  0.021716
  0.021733
  0.021753
  0.021773
  0.021787
  0.021805
  0.021834
  0.021865
  0.021880
  0.021884
 -0.000000
  0.000000
  0.000000
 -0.000000
  0.021764
  0.021766
  0.021768
  0.021772
  0.021776
  0.021781
  0.021786
  0.021793
  0.021800
  0.021809
  0.021818
  0.021828
  0.021840
  0.021852
  0.021867
  0.021881
  0.021896
  0.021914
  0.021937
  0.021959
  0.021976
  0.021996
  0.022029
  0.022072
  0.022108
  0.022127
  0.022133
 -0.000000
  0.000000
  0.000000
 -0.000000
  0.021940
  0.021941
  0.021944
  0.021947
  0.021951
  0.021956
  0.021962
  0.021969
  0.021977
  0.021985
  0.021995
  0.022005
  0.022018
  0.022031
  0.022045
  0.022059
  0.022077
  0.022099
  0.022120
  0.022137
  0.022156
  0.022188
  0.022230
  0.022270
  0.022296
  0.022307
 -0.000000
  0.000000
  0.000000
  0.000000
 -0.000000
  0.022105
  0.022107
  0.022109
  0.022113
  0.022117
  0.022122
  0.022127
  0.022134
  0.022142
  0.022150
  0.022159
  0.022170
  0.022182
  0.022194
  0.022206
  0.022222
  0.022241
  0.022259
  0.022272
  0.022289
  0.022316
  0.022351
  0.022384
  0.022408
  0.022419
 -0.000000
  0.000000
  0.000000
  0.000000
  0.000000
 -0.000000
  0.022260
  0.022261
  0.022264
  0.022267
  0.022271
  0.022276
  0.022281
  0.022287
  0.022294
  0.022302
  0.022311
  0.022321
  0.022330
  0.022339
  0.022352
  0.022368
  0.022381
  0.022389
  0.022402
  0.022424
  0.022451
  0.022476
  0.022497
  0.022507
 -0.000000
  0.000000
  0.000000
  0.000000
  0.000000
  0.000000
 -0.000000
  0.022403
  0.022404
  0.022406
  0.022409
  0.022413
  0.022417
  0.022422
  0.022428
  0.022434
  0.022441
  0.022449
  0.022455
  0.022462
  0.022472
  0.022484
  0.022492
  0.022494
  0.022501
  0.022517
  0.022535
  0.022554
  0.022573
  0.022584
 -0.000000
  0.000000
  0.000000
  0.000000
  0.000000
  0.000000
  0.000000
 -0.000000
  0.022533
  0.022534
  0.022536
  0.022539
  0.022542
  0.022546
  0.022551
  0.022555
  0.022561
  0.022567
  0.022572
  0.022577
  0.022585
  0.022594
  0.022597
  0.022597
  0.022595
  0.022602
  0.022607
  0.022616
  0.022632
  0.022645
 -0.000000
  0.000000
  0.000000
  0.000000
  0.000000
  0.000000
  0.000000
  0.000000
 -0.000000
  0.022649
  0.022650
  0.022652
  0.022655
  0.022658
  0.022662
  0.022665
  0.022670
  0.022676
  0.022681
  0.022684
  0.022691
  0.022700
  0.022703
  0.022703
  0.022700
  0.022699
  0.022699
  0.022694
  0.022676
  0.022659
 -0.000000
  0.000000
  0.000000
  0.000000
  0.000000
  0.000000
  0.000000
  0.000000
  0.000000
 -0.000000
  0.022750
  0.022752
  0.022753
  0.022756
  0.022759
  0.022762
  0.022766
  0.022772
  0.022776
  0.022781
  0.022788
  0.022798
  0.022806
  0.022808
  0.022814
  0.022829
  0.022846
  0.022858
  0.022871
  0.022885
  0.022892
 -0.000000
  0.000000
  0.000000
  0.000000
  0.000000
  0.000000
  0.000000
  0.000000
  0.000000
 -0.000000
  0.022835
  0.022836
  0.022838
  0.022840
  0.022843
  0.022846
  0.022851
  0.022856
  0.022860
  0.022866
  0.022877
  0.022887
  0.022893
  0.022903
  0.022923
  0.022951
  0.022979
  0.023009
  0.023036
  0.023048
 -0.000000
  0.000000
  0.000000
  0.000000
  0.000000
  0.000000
  0.000000
  0.000000
  0.000000
  0.000000
 -0.000000
  0.022901
  0.022902
  0.022904
  0.022906
  0.022908
  0.022911
  0.022915
  0.022918
  0.022922
  0.022931
  0.022941
  0.022946
  0.022952
  0.022968
  0.022993
  0.023024
  0.023062
  0.023099
  0.023117
 -0.000000
  0.000000
  0.000000
  0.000000
  0.000000
  0.000000
  0.000000
  0.000000
  0.000000
  0.000000
  0.000000
 -0.000000
  0.022948
  0.022949
  0.022950
  0.022951
  0.022953
  0.022955
  0.022957
  0.022958
  0.022963
  0.022969
  0.022971
  0.022971
  0.022971
  0.022980
  0.022994
  0.023019
  0.023057
  0.023083
 -0.000000
  0.000000
  0.000000
  0.000000
  0.000000
  0.000000
  0.000000
  0.000000
  0.000000
  0.000000
  0.000000
  0.000000
 -0.000000
  0.022974
  0.022974
  0.022974
  0.022975
  0.022976
  0.022977
  0.022977
  0.022977
  0.022981
  0.022981
  0.022981
  0.022974
  0.022965
  0.022958
  0.022942
  0.022910
  0.022877
 -0.000000
  0.000000
  0.000000
  0.000000
  0.000000
  0.000000
  0.000000
  0.000000
  0.000000
  0.000000
  0.000000
  0.000000
  0.000000
 -0.000000
  0.022977
  0.022977
  0.022977
  0.022977
  0.022978
  0.022978
  0.022976
  0.022978
  0.022980
  0.022980
  0.022978
  0.022981
  0.022998
  0.023017
  0.023046
  0.023080
  0.023096
 -0.000000
  0.000000
  0.000000
  0.000000
  0.000000
  0.000000
  0.000000
  0.000000
  0.000000
  0.000000
  0.000000
  0.000000
  0.000000
 -0.000000
  0.022958
  0.022957
  0.022957
  0.022956
  0.022956
  0.022955
  0.022952
  0.022953
  0.022953
  0.022951
  0.022946
  0.022956
  0.022977
  0.023016
  0.023071
  0.023108
 -0.000000
  0.000000
  0.000000
  0.000000
  0.000000
  0.000000
  0.000000
  0.000000
  0.000000
  0.000000
  0.000000
  0.000000
  0.000000
  0.000000
 -0.000000
  0.022914
  0.022913
  0.022912
  0.022911
  0.022910
  0.022906
  0.022902
  0.022901
  0.022897
  0.022885
  0.022871
  0.022856
  0.022828
  0.022778
  0.022727
 -0.000000
  0.000000
  0.000000
  0.000000
  0.000000
  0.000000
  0.000000
  0.000000
  0.000000
  0.000000
  0.000000
  0.000000
  0.000000
  0.000000
  0.000000
 -0.000000
  0.022844
  0.022844
  0.022843
  0.022841
  0.022839
  0.022835
  0.022832
  0.022830
  0.022824
  0.022815
  0.022813
  0.022826
  0.022858
  0.022911
  0.022944
 -0.000000
  0.000000
  0.000000
  0.000000
  0.000000
  0.000000
  0.000000
  0.000000
  0.000000
  0.000000
  0.000000
  0.000000
  0.000000
  0.000000
  0.000000
 -0.000000
  0.022748
  0.022748
  0.022746
  0.022745
  0.022742
  0.022738
  0.022736
  0.022733
  0.022724
  0.022714
  0.022708
  0.022693
  0.022656
  0.022617
 -0.000000
  0.000000
  0.000000
  0.000000
  0.000000
  0.000000
  0.000000
  0.000000
  0.000000
  0.000000
  0.000000
  0.000000
  0.000000
  0.000000
  0.000000
  0.000000
 -0.000000
  0.022623
  0.022622
  0.022621
  0.022618
  0.022615
  0.022612
  0.022611
  0.022609
  0.022606
  0.022624
  0.022662
  0.022729
  0.022810
  0.022857
 -0.000000
  0.000000
  0.000000
  0.000000
  0.000000
  0.000000
  0.000000
  0.000000
  0.000000
  0.000000
  0.000000
  0.000000
  0.000000
  0.000000
  0.000000
  0.000000
 -0.000000
  0.022466
  0.022465
  0.022462
  0.022458
  0.022452
  0.022447
  0.022442
  0.022432
  0.022420
  0.022411
  0.022393
  0.022346
  0.022288
 -0.000000
  0.000000
  0.000000
  0.000000
  0.000000
  0.000000
  0.000000
  0.000000
  0.000000
  0.000000
  0.000000
  0.000000
  0.000000
  0.000000
  0.000000
  0.000000
  0.000000
 -0.000000
  0.022278
  0.022275
  0.022271
  0.022263
  0.022254
  0.022244
  0.022231
  0.022216
  0.022205
  0.022236
  0.022326
  0.022455
  0.022535
 -0.000000
  0.000000
  0.000000
  0.000000
  0.000000
  0.000000
  0.000000
  0.000000
  0.000000
  0.000000
  0.000000
  0.000000
  0.000000
  0.000000
  0.000000
  0.000000
  0.000000
 -0.000000
  0.022061
  0.022058
  0.022050
  0.022038
  0.022021
  0.021999
  0.021967
  0.021926
  0.021872
  0.021781
  0.021619
  0.021405
 -0.000000
  0.000000
  0.000000
  0.000000
  0.000000
  0.000000
  0.000000
  0.000000
  0.000000
  0.000000
  0.000000
  0.000000
  0.000000
  0.000000
  0.000000
  0.000000
  0.000000
  0.000000
 -0.000000
  0.021825
  0.021821
  0.021812
  0.021799
  0.021781
  0.021756
  0.021722
  0.021683
  0.021635
  0.021561
  0.021455
  0.021384
 -0.000000
  0.000000
  0.000000
  0.000000
  0.000000
  0.000000
  0.000000
  0.000000
  0.000000
  0.000000
  0.000000
  0.000000
  0.000000
  0.000000
  0.000000
  0.000000
  0.000000
  0.000000
 -0.000000
  0.021576
  0.021573
  0.021566
  0.021557
  0.021546
  0.021533
  0.021520
  0.021515
  0.021525
  0.021535
  0.021567
  0.021589
 -0.000000
  0.000000
  0.000000
  0.000000
  0.000000
  0.000000
  0.000000
  0.000000
  0.000000
  0.000000
  0.000000
  0.000000
  0.000000
  0.000000
  0.000000
  0.000000
  0.000000
  0.000000
 -0.000000
  0.021310
  0.021307
  0.021302
  0.021295
  0.021289
  0.021286
  0.021300
  0.021345
  0.021460
  0.021660
  0.021858
  0.021963
 -0.000000
  0.000000
  0.000000
  0.000000
  0.000000
  0.000000
  0.000000
  0.000000
  0.000000
  0.000000
  0.000000
  0.000000
  0.000000
  0.000000
  0.000000
  0.000000
  0.000000
  0.000000
 -0.000000
  0.021018
  0.021013
  0.021002
  0.020986
  0.020963
  0.020930
  0.020887
  0.020831
  0.020734
  0.020536
  0.020216
 -0.000000
  0.000000
  0.000000
  0.000000
  0.000000
  0.000000
  0.000000
  0.000000
  0.000000
  0.000000
  0.000000
  0.000000
  0.000000
  0.000000
  0.000000
  0.000000
  0.000000
  0.000000
  0.000000
 -0.000000
  0.020712
  0.020703
  0.020684
  0.020656
  0.020614
  0.020554
  0.020480
  0.020392
  0.020256
  0.020043
  0.019853
 -0.000000
  0.000000
  0.000000
  0.000000
  0.000000
  0.000000
  0.000000
  0.000000
  0.000000
  0.000000
  0.000000
  0.000000
  0.000000
  0.000000
  0.000000
  0.000000
  0.000000
  0.000000
  0.000000
 -0.000000
  0.020426
  0.020415
  0.020395
  0.020365
  0.020322
  0.020265
  0.020203
  0.020137
  0.020058
  0.019956
  0.019877
 -0.000000
  0.000000
  0.000000
  0.000000
  0.000000
  0.000000
  0.000000
  0.000000
  0.000000
  0.000000
  0.000000
  0.000000
  0.000000
  0.000000
  0.000000
  0.000000
  0.000000
  0.000000
  0.000000
 -0.000000
  0.020194
  0.020185
  0.020170
  0.020148
  0.020121
  0.020087
  0.020053
  0.020022
  0.019990
  0.019956
  0.019927
 -0.000000
  0.000000
  0.000000
  0.000000
  0.000000
  0.000000
  0.000000
  0.000000
  0.000000
  0.000000
  0.000000
  0.000000
  0.000000
  0.000000
  0.000000
  0.000000
  0.000000
  0.000000
  0.000000
 -0.000000
  0.020024
  0.020018
  0.020011
  0.020001
  0.019990
  0.019978
  0.019967
  0.019958
  0.019950
  0.019942
  0.019935
 -0.000000
  0.000000
  0.000000
  0.000000
  0.000000
  0.000000
  0.000000
  0.000000
  0.000000
  0.000000
  0.000000
  0.000000
  0.000000
  0.000000
  0.000000
  0.000000
  0.000000
  0.000000
  0.000000
 -0.000000
  0.019900
  0.019899
  0.019897
  0.019896
  0.019895
  0.019894
  0.019895
  0.019897
  0.019900
  0.019902
  0.019905
 -0.000000
  0.000000
  0.000000
  0.000000
  0.000000
  0.000000
  0.000000
  0.000000
  0.000000
  0.000000
  0.000000
  0.000000
  0.000000
  0.000000
  0.000000
  0.000000
  0.000000
  0.000000
  0.000000
 -0.000000
  0.019799
  0.019800
  0.019802
  0.019805
  0.019808
  0.019812
  0.019816
  0.019822
  0.019828
  0.019835
  0.019840
 -0.000000
  0.000000
  0.000000
  0.000000
  0.000000
  0.000000
  0.000000
  0.000000
  0.000000
  0.000000
  0.000000
  0.000000
  0.000000
  0.000000
  0.000000
  0.000000
  0.000000
  0.000000
  0.000000
 -0.000000
  0.019695
  0.019697
  0.019699
  0.019702
  0.019706
  0.019710
  0.019715
  0.019720
  0.019727
  0.019734
  0.019739
 -0.000000
  0.000000
  0.000000
  0.000000
  0.000000
  0.000000
  0.000000
  0.000000
  0.000000
  0.000000
  0.000000
  0.000000
  0.000000
  0.000000
  0.000000
  0.000000
  0.000000
  0.000000
  0.000000
 -0.000000
  0.019571
  0.019572
  0.019573
  0.019575
  0.019578
  0.019580
  0.019583
  0.019587
  0.019592
  0.019597
  0.019601
 -0.000000
  0.000000
  0.000000
  0.000000
  0.000000
  0.000000
  0.000000
  0.000000
  0.000000
  0.000000
  0.000000
  0.000000
  0.000000
  0.000000
  0.000000
  0.000000
  0.000000
  0.000000
  0.000000
 -0.000000
  0.019416
  0.019416
  0.019416
  0.019416
  0.019415
  0.019415
  0.019414
  0.019415
  0.019416
  0.019418
  0.019419
 -0.000000
  0.000000
  0.000000
  0.000000
  0.000000
  0.000000
  0.000000
  0.000000
  0.000000
  0.000000
  0.000000
  0.000000
  0.000000
  0.000000
  0.000000
  0.000000
  0.000000
  0.000000
  0.000000
 -0.000000
  0.019227
  0.019226
  0.019224
  0.019220
  0.019216
  0.019210
  0.019204
  0.019198
  0.019192
  0.019186
  0.019180
 -0.000000
  0.000000
  0.000000
  0.000000
  0.000000
  0.000000
  0.000000
  0.000000
  0.000000
  0.000000
  0.000000
  0.000000
  0.000000
  0.000000
  0.000000
  0.000000
  0.000000
  0.000000
  0.000000
 -0.000000
  0.019001
  0.018997
  0.018991
  0.018983
  0.018971
  0.018957
  0.018940
  0.018921
  0.018901
  0.018877
  0.018852
 -0.000000
  0.000000
  0.000000
  0.000000
  0.000000
  0.000000
  0.000000
  0.000000
  0.000000
  0.000000
  0.000000
  0.000000
  0.000000
  0.000000
  0.000000
  0.000000
  0.000000
  0.000000
  0.000000
 -0.000000
  0.018742
  0.018735
  0.018724
  0.018707
  0.018685
  0.018656
  0.018619
  0.018576
  0.018523
  0.018454
  0.018367
 -0.000000
  0.000000
  0.000000
  0.000000
  0.000000
  0.000000
  0.000000
  0.000000
  0.000000
  0.000000
  0.000000
  0.000000
  0.000000
  0.000000
  0.000000
  0.000000
  0.000000
  0.000000
  0.000000
 -0.000000
  0.018464
  0.018454
  0.018437
  0.018412
  0.018378
  0.018332
  0.018273
  0.018198
  0.018097
  0.017947
  0.017721
  0.017411
 -0.000000
  0.000000
  0.000000
  0.000000
  0.000000
  0.000000
  0.000000
  0.000000
  0.000000
  0.000000
  0.000000
  0.000000
  0.000000
  0.000000
  0.000000
  0.000000
  0.000000
  0.000000
 -0.000000
  0.018194
  0.018182
  0.018164
  0.018137
  0.018101
  0.018054
  0.017996
  0.017928
  0.017847
  0.017750
  0.017658
  0.017755
 -0.000000
  0.000000
  0.000000
  0.000000
  0.000000
  0.000000
  0.000000
  0.000000
  0.000000
  0.000000
  0.000000
  0.000000
  0.000000
  0.000000
  0.000000
  0.000000
  0.000000
  0.000000
 -0.000000
  0.017961
  0.017952
  0.017939
  0.017922
  0.017900
  0.017875
  0.017851
  0.017832
  0.017835
  0.017893
  0.018004
  0.018087
 -0.000000
  0.000000
  0.000000
  0.000000
  0.000000
  0.000000
  0.000000
  0.000000
  0.000000
  0.000000
  0.000000
  0.000000
  0.000000
  0.000000
  0.000000
  0.000000
  0.000000
  0.000000
 -0.000000
  0.017780
  0.017778
  0.017776
  0.017775
  0.017781
  0.017795
  0.017820
  0.017861
  0.017923
  0.018004
  0.018082
  0.018140
 -0.000000
  0.000000
  0.000000
  0.000000
  0.000000
  0.000000
  0.000000
  0.000000
  0.000000
  0.000000
  0.000000
  0.000000
  0.000000
  0.000000
  0.000000
  0.000000
  0.000000
  0.000000
 -0.000000
  0.017642
  0.017648
  0.017659
  0.017675
  0.017697
  0.017726
  0.017763
  0.017805
  0.017856
  0.017909
  0.017955
  0.017987
 -0.000000
  0.000000
  0.000000
  0.000000
  0.000000
  0.000000
  0.000000
  0.000000
  0.000000
  0.000000
  0.000000
  0.000000
  0.000000
  0.000000
  0.000000
  0.000000
  0.000000
  0.000000
 -0.000000
  0.017499
  0.017508
  0.017518
  0.017531
  0.017547
  0.017564
  0.017580
  0.017594
  0.017607
  0.017616
  0.017621
  0.017621
 -0.000000
  0.000000
  0.000000
  0.000000
  0.000000
  0.000000
  0.000000
  0.000000
  0.000000
  0.000000
  0.000000
  0.000000
  0.000000
  0.000000
  0.000000
  0.000000
  0.000000
  0.000000
 -0.000000
  0.017307
  0.017308
  0.017308
  0.017306
  0.017302
  0.017293
  0.017278
  0.017255
  0.017222
  0.017175
  0.017108
  0.017021
 -0.000000
  0.000000
  0.000000
  0.000000
  0.000000
  0.000000
  0.000000
  0.000000
  0.000000
  0.000000
  0.000000
  0.000000
  0.000000
  0.000000
  0.000000
  0.000000
  0.000000
  0.000000
 -0.000000
  0.017046
  0.017041
  0.017030
  0.017011
  0.016983
  0.016943
  0.016890
  0.016819
  0.016725
  0.016595
  0.016403
  0.016117
  0.015688
 -0.000000
  0.000000
  0.000000
  0.000000
  0.000000
  0.000000
  0.000000
  0.000000
  0.000000
  0.000000
  0.000000
  0.000000
  0.000000
  0.000000
  0.000000
  0.000000
  0.000000
 -0.000000
  0.016723
  0.016710
  0.016688
  0.016654
  0.016607
  0.016546
  0.016467
  0.016371
  0.016256
  0.016115
  0.015948
  0.015783
  0.015836
 -0.000000
  0.000000
  0.000000
  0.000000
  0.000000
  0.000000
  0.000000
  0.000000
  0.000000
  0.000000
  0.000000
  0.000000
  0.000000
  0.000000
  0.000000
  0.000000
  0.000000
 -0.000000
  0.016359
  0.016343
  0.016314
  0.016275
  0.016223
  0.016157
  0.016080
  0.015993
  0.015901
  0.015809
  0.015730
  0.015727
  0.015759
 -0.000000
  0.000000
  0.000000
  0.000000
  0.000000
  0.000000
  0.000000
  0.000000
  0.000000
  0.000000
  0.000000
  0.000000
  0.000000
  0.000000
  0.000000
  0.000000
  0.000000
 -0.000000
  0.015988
  0.015972
  0.015945
  0.015909
  0.015863
  0.015808
  0.015747
  0.015682
  0.015618
  0.015555
  0.015490
  0.015409
  0.015263
  0.015002
 -0.000000
  0.000000
  0.000000
  0.000000
  0.000000
  0.000000
  0.000000
  0.000000
  0.000000
  0.000000
  0.000000
  0.000000
  0.000000
  0.000000
  0.000000
  0.000000
 -0.000000
  0.015636
  0.015623
  0.015602
  0.015574
  0.015540
  0.015500
  0.015456
  0.015409
  0.015360
  0.015306
  0.015244
  0.015168
  0.015089
  0.015153
 -0.000000
  0.000000
  0.000000
  0.000000
  0.000000
  0.000000
  0.000000
  0.000000
  0.000000
  0.000000
  0.000000
  0.000000
  0.000000
  0.000000
  0.000000
  0.000000
 -0.000000
  0.015317
  0.015308
  0.015294
  0.015274
  0.015250
  0.015222
  0.015190
  0.015154
  0.015115
  0.015073
  0.015031
  0.014995
  0.015019
  0.015022
 -0.000000
  0.000000
  0.000000
  0.000000
  0.000000
  0.000000
  0.000000
  0.000000
  0.000000
  0.000000
  0.000000
  0.000000
  0.000000
  0.000000
  0.000000
  0.000000
 -0.000000
  0.015034
  0.015028
  0.015018
  0.015004
  0.014986
  0.014963
  0.014936
  0.014905
  0.014869
  0.014828
  0.014780
  0.014720
  0.014629
  0.014455
  0.014179
 -0.000000
  0.000000
  0.000000
  0.000000
  0.000000
  0.000000
  0.000000
  0.000000
  0.000000
  0.000000
  0.000000
  0.000000
  0.000000
  0.000000
  0.000000
 -0.000000
  0.014780
  0.014776
  0.014768
  0.014755
  0.014738
  0.014717
  0.014689
  0.014655
  0.014614
  0.014564
  0.014501
  0.014420
  0.014314
  0.014197
  0.014195
 -0.000000
  0.000000
  0.000000
  0.000000
  0.000000
  0.000000
  0.000000
  0.000000
  0.000000
  0.000000
  0.000000
  0.000000
  0.000000
  0.000000
  0.000000
 -0.000000
  0.014549
  0.014545
  0.014536
  0.014523
  0.014505
  0.014481
  0.014451
  0.014414
  0.014369
  0.014315
  0.014251
  0.014177
  0.014096
  0.014019
  0.013944
  0.013827
 -0.000000
  0.000000
  0.000000
  0.000000
  0.000000
  0.000000
  0.000000
  0.000000
  0.000000
  0.000000
  0.000000
  0.000000
  0.000000
  0.000000
 -0.000000
  0.014337
  0.014332
  0.014323
  0.014309
  0.014290
  0.014265
  0.014235
  0.014199
  0.014158
  0.014113
  0.014064
  0.014015
  0.013970
  0.013936
  0.013933
  0.013953
 -0.000000
  0.000000
  0.000000
  0.000000
  0.000000
  0.000000
  0.000000
  0.000000
  0.000000
  0.000000
  0.000000
  0.000000
  0.000000
  0.000000
 -0.000000
  0.014145
  0.014141
  0.014131
  0.014118
  0.014101
  0.014080
  0.014055
  0.014028
  0.013998
  0.013969
  0.013942
  0.013919
  0.013901
  0.013890
  0.013882
  0.013861
  0.013794
 -0.000000
  0.000000
  0.000000
  0.000000
  0.000000
  0.000000
  0.000000
  0.000000
  0.000000
  0.000000
  0.000000
  0.000000
  0.000000
 -0.000000
  0.013980
  0.013976
  0.013969
  0.013959
  0.013947
  0.013933
  0.013918
  0.013903
  0.013888
  0.013877
  0.013868
  0.013867
  0.013875
  0.013892
  0.013920
  0.013956
  0.013978
 -0.000000
  0.000000
  0.000000
  0.000000
  0.000000
  0.000000
  0.000000
  0.000000
  0.000000
  0.000000
  0.000000
  0.000000
  0.000000
 -0.000000
  0.013847
  0.013844
  0.013841
  0.013836
  0.013830
  0.013825
  0.013820
  0.013816
  0.013816
  0.013820
  0.013828
  0.013841
  0.013859
  0.013888
  0.013926
  0.013957
  0.013957
 -0.000000
  0.000000
  0.000000
  0.000000
  0.000000
  0.000000
  0.000000
  0.000000
  0.000000
  0.000000
  0.000000
  0.000000
  0.000000
 -0.000000
  0.013747
  0.013747
  0.013747
  0.013747
  0.013748
  0.013750
  0.013753
  0.013757
  0.013763
  0.013769
  0.013775
  0.013779
  0.013779
  0.013777
  0.013763
  0.013718
  0.013618
  0.013470
 -0.000000
  0.000000
  0.000000
  0.000000
  0.000000
  0.000000
  0.000000
  0.000000
  0.000000
  0.000000
  0.000000
  0.000000
 -0.000000
  0.013679
  0.013681
  0.013683
  0.013687
  0.013690
  0.013694
  0.013698
  0.013701
  0.013702
  0.013702
  0.013701
  0.013696
  0.013684
  0.013662
  0.013629
  0.013583
  0.013543
  0.013572
 -0.000000
  0.000000
  0.000000
  0.000000
  0.000000
  0.000000
  0.000000
  0.000000
  0.000000
  0.000000
  0.000000
  0.000000
 -0.000000
  0.013631
  0.013634
  0.013637
  0.013639
  0.013641
  0.013643
  0.013643
  0.013643
  0.013641
  0.013636
  0.013628
  0.013615
  0.013596
  0.013574
  0.013548
  0.013524
  0.013507
  0.013484
  0.013427
 -0.000000
  0.000000
  0.000000
  0.000000
  0.000000
  0.000000
  0.000000
  0.000000
  0.000000
  0.000000
  0.000000
 -0.000000
  0.013595
  0.013597
  0.013598
  0.013598
  0.013598
  0.013597
  0.013595
  0.013592
  0.013586
  0.013578
  0.013568
  0.013556
  0.013544
  0.013533
  0.013527
  0.013539
  0.013561
  0.013592
  0.013615
 -0.000000
  0.000000
  0.000000
  0.000000
  0.000000
  0.000000
  0.000000
  0.000000
  0.000000
  0.000000
  0.000000
 -0.000000
  0.013564
  0.013565
  0.013565
  0.013564
  0.013563
  0.013560
  0.013556
  0.013551
  0.013545
  0.013538
  0.013532
  0.013526
  0.013522
  0.013528
  0.013542
  0.013565
  0.013594
  0.013619
  0.013619
 -0.000000
  0.000000
  0.000000
  0.000000
  0.000000
  0.000000
  0.000000
  0.000000
  0.000000
  0.000000
  0.000000
 -0.000000
  0.013539
  0.013539
  0.013538
  0.013537
  0.013535
  0.013531
  0.013528
  0.013523
  0.013519
  0.013515
  0.013511
  0.013509
  0.013508
  0.013508
  0.013507
  0.013504
  0.013489
  0.013450
  0.013369
  0.013251
 -0.000000
  0.000000
  0.000000
  0.000000
  0.000000
  0.000000
  0.000000
  0.000000
  0.000000
  0.000000
 -0.000000
  0.013521
  0.013520
  0.013520
  0.013518
  0.013516
  0.013514
  0.013511
  0.013508
  0.013504
  0.013501
  0.013498
  0.013494
  0.013489
  0.013481
  0.013469
  0.013450
  0.013423
  0.013389
  0.013365
  0.013387
 -0.000000
  0.000000
  0.000000
  0.000000
  0.000000
  0.000000
  0.000000
  0.000000
  0.000000
  0.000000
 -0.000000
  0.013513
  0.013513
  0.013512
  0.013511
  0.013510
  0.013507
  0.013505
  0.013502
  0.013499
  0.013495
  0.013490
  0.013483
  0.013475
  0.013463
  0.013449
  0.013432
  0.013415
  0.013401
  0.013392
  0.013376
  0.013334
 -0.000000
  0.000000
  0.000000
  0.000000
  0.000000
  0.000000
  0.000000
  0.000000
  0.000000
 -0.000000
  0.013521
  0.013520
  0.013519
  0.013518
  0.013517
  0.013515
  0.013513
  0.013510
  0.013507
  0.013502
  0.013497
  0.013491
  0.013483
  0.013476
  0.013468
  0.013463
  0.013468
  0.013481
  0.013499
  0.013523
  0.013537
 -0.000000
  0.000000
  0.000000
  0.000000
  0.000000
  0.000000
  0.000000
  0.000000
  0.000000
 -0.000000
  0.013546
  0.013545
  0.013544
  0.013543
  0.013542
  0.013540
  0.013538
  0.013536
  0.013533
  0.013530
  0.013526
  0.013523
  0.013520
  0.013519
  0.013523
  0.013531
  0.013545
  0.013564
  0.013587
  0.013606
  0.013606
 -0.000000
  0.000000
  0.000000
  0.000000
  0.000000
  0.000000
  0.000000
  0.000000
  0.000000
 -0.000000
  0.013590
  0.013590
  0.013589
  0.013588
  0.013587
  0.013585
  0.013584
  0.013583
  0.013581
  0.013580
  0.013579
  0.013578
  0.013579
  0.013580
  0.013583
  0.013584
  0.013584
  0.013582
  0.013573
  0.013545
  0.013490
  0.013409
 -0.000000
  0.000000
  0.000000
  0.000000
  0.000000
  0.000000
  0.000000
  0.000000
 -0.000000
  0.013654
  0.013654
  0.013653
  0.013652
  0.013652
  0.013651
  0.013650
  0.013650
  0.013649
  0.013649
  0.013648
  0.013648
  0.013648
  0.013646
  0.013644
  0.013640
  0.013633
  0.013621
  0.013604
  0.013584
  0.013571
  0.013582
 -0.000000
  0.000000
  0.000000
  0.000000
  0.000000
  0.000000
  0.000000
  0.000000
 -0.000000
  0.013735
  0.013734
  0.013734
  0.013733
  0.013733
  0.013733
  0.013733
  0.013732
  0.013732
  0.013732
  0.013731
  0.013730
  0.013728
  0.013725
  0.013720
  0.013714
  0.013706
  0.013697
  0.013687
  0.013679
  0.013672
  0.013658
  0.013627
 -0.000000
  0.000000
  0.000000
  0.000000
  0.000000
  0.000000
  0.000000
 -0.000000
  0.013826
  0.013826
  0.013826
  0.013826
  0.013826
  0.013826
  0.013826
  0.013826
  0.013826
  0.013826
  0.013825
  0.013824
  0.013822
  0.013820
  0.013817
  0.013814
  0.013812
  0.013812
  0.013815
  0.013821
  0.013828
  0.013834
  0.013834
 -0.000000
  0.000000
  0.000000
  0.000000
  0.000000
  0.000000
  0.000000
 -0.000000
  0.013925
  0.013925
  0.013926
  0.013926
  0.013927
  0.013927
  0.013928
  0.013928
  0.013929
  0.013930
  0.013930
  0.013931
  0.013932
  0.013934
  0.013937
  0.013942
  0.013948
  0.013956
  0.013967
  0.013978
  0.013986
  0.013986
  0.013984
  0.013968
 -0.000000
  0.000000
  0.000000
  0.000000
  0.000000
  0.000000
 -0.000000
  0.014027
  0.014028
  0.014029
  0.014030
  0.014032
  0.014033
  0.014035
  0.014037
  0.014040
  0.014043
  0.014046
  0.014051
  0.014056
  0.014063
  0.014071
  0.014081
  0.014093
  0.014108
  0.014125
  0.014144
  0.014163
  0.014181
  0.014191
  0.014193
 -0.000000
  0.000000
  0.000000
  0.000000
  0.000000
  0.000000
 -0.000000
  0.014133
  0.014135
  0.014136
  0.014138
  0.014141
  0.014144
  0.014147
  0.014151
  0.014155
  0.014161
  0.014167
  0.014175
  0.014184
  0.014194
  0.014205
  0.014219
  0.014234
  0.014253
  0.014274
  0.014299
  0.014326
  0.014351
  0.014368
  0.014374
 -0.000000
  0.000000
  0.000000
  0.000000
  0.000000
  0.000000
 -0.000000
  0.014244
  0.014245
  0.014248
  0.014250
  0.014254
  0.014257
  0.014262
  0.014267
  0.014274
  0.014281
  0.014289
  0.014298
  0.014308
  0.014320
  0.014332
  0.014346
  0.014362
  0.014379
  0.014398
  0.014419
  0.014438
  0.014454
  0.014461
  0.014461
 -0.000000
  0.000000
  0.000000
  0.000000
  0.000000
  0.000000
 -0.000000
  0.014358
  0.014360
  0.014363
  0.014366
  0.014370
  0.014374
  0.014380
  0.014386
  0.014392
  0.014400
  0.014409
  0.014418
  0.014428
  0.014439
  0.014450
  0.014462
  0.014475
  0.014487
  0.014499
  0.014508
  0.014512
  0.014512
  0.014505
  0.014483
  0.014448
 -0.000000
  0.000000
  0.000000
  0.000000
  0.000000
 -0.000000
  0.014477
  0.014479
  0.014481
  0.014484
  0.014488
  0.014493
  0.014498
  0.014504
  0.014511
  0.014518
  0.014526
  0.014535
  0.014544
  0.014554
  0.014564
  0.014574
  0.014584
  0.014595
  0.014605
  0.014615
  0.014625
  0.014636
  0.014647
  0.014659
  0.014671
 -0.000000
  0.000000
  0.000000
  0.000000
  0.000000
 -0.000000
  0.014597
  0.014598
  0.014601
  0.014604
  0.014608
  0.014612
  0.014617
  0.014622
  0.014628
  0.014635
  0.014642
  0.014650
  0.014659
  0.014667
  0.014677
  0.014687
  0.014698
  0.014710
  0.014724
  0.014741
  0.014762
  0.014788
  0.014815
  0.014837
  0.014851
 -0.000000
  0.000000
  0.000000
  0.000000
  0.000000
 -0.000000
  0.014716
  0.014718
  0.014720
  0.014723
  0.014726
  0.014730
  0.014735
  0.014739
  0.014745
  0.014751
  0.014757
  0.014764
  0.014772
  0.014780
  0.014789
  0.014799
  0.014810
  0.014823
  0.014838
  0.014855
  0.014876
  0.014898
  0.014919
  0.014935
  0.014945
 -0.000000
  0.000000
  0.000000
  0.000000
  0.000000
 -0.000000
  0.014834
  0.014835
  0.014838
  0.014840
  0.014843
  0.014847
  0.014851
  0.014855
  0.014859
  0.014865
  0.014870
  0.014876
  0.014883
  0.014889
  0.014897
  0.014905
  0.014913
  0.014922
  0.014931
  0.014941
  0.014950
  0.014957
  0.014960
  0.014960
  0.014957
 -0.000000
  0.000000
  0.000000
  0.000000
  0.000000
 -0.000000
  0.014950
  0.014951
  0.014954
  0.014956
  0.014958
  0.014961
  0.014965
  0.014968
  0.014972
  0.014976
  0.014981
  0.014985
  0.014990
  0.014995
  0.015000
  0.015005
  0.015009
  0.015012
  0.015014
  0.015014
  0.015014
  0.015009
  0.014997
  0.014975
  0.014940
  0.014890
 -0.000000
  0.000000
  0.000000
  0.000000
 -0.000000
  0.015065
  0.015066
  0.015068
  0.015070
  0.015072
  0.015075
  0.015077
  0.015080
  0.015083
  0.015087
  0.015090
  0.015094
  0.015097
  0.015101
  0.015104
  0.015107
  0.015109
  0.015110
  0.015111
  0.015111
  0.015110
  0.015108
  0.015105
  0.015103
  0.015111
  0.015126
 -0.000000
  0.000000
  0.000000
  0.000000
 -0.000000
  0.015180
  0.015181
  0.015182
  0.015183
  0.015185
  0.015187
  0.015190
  0.015192
  0.015195
  0.015198
  0.015201
  0.015204
  0.015207
  0.015210
  0.015213
  0.015216
  0.015219
  0.015223
  0.015227
  0.015233
  0.015241
  0.015252
  0.015268
  0.015288
  0.015309
  0.015326
 -0.000000
  0.000000
  0.000000
  0.000000
 -0.000000
  0.015294
  0.015294
  0.015295
  0.015296
  0.015298
  0.015300
  0.015302
  0.015304
  0.015307
  0.015310
  0.015313
  0.015316
  0.015319
  0.015323
  0.015327
  0.015331
  0.015336
  0.015342
  0.015349
  0.015358
  0.015369
  0.015383
  0.015399
  0.015415
  0.015430
  0.015441
 -0.000000
  0.000000
  0.000000
  0.000000
 -0.000000
  0.015406
  0.015407
  0.015408
  0.015409
  0.015411
  0.015413
  0.015415
  0.015418
  0.015420
  0.015423
  0.015426
  0.015430
  0.015434
  0.015437
  0.015442
  0.015446
  0.015451
  0.015457
  0.015463
  0.015469
  0.015475
  0.015481
  0.015485
  0.015487
  0.015487
  0.015485
 -0.000000
  0.000000
  0.000000
  0.000000
 -0.000000
  0.015518
  0.015519
  0.015521
  0.015523
  0.015524
  0.015527
  0.015529
  0.015532
  0.015535
  0.015538
  0.015541
  0.015545
  0.015549
  0.015553
  0.015557
  0.015561
  0.015565
  0.015569
  0.015572
  0.015574
  0.015574
  0.015573
  0.015569
  0.015560
  0.015541
  0.015511
  0.015467
 -0.000000
  0.000000
  0.000000
 -0.000000
  0.015632
  0.015633
  0.015635
  0.015637
  0.015639
  0.015641
  0.015644
  0.015647
  0.015650
  0.015653
  0.015657
  0.015661
  0.015666
  0.015670
  0.015674
  0.015679
  0.015683
  0.015687
  0.015691
  0.015693
  0.015695
  0.015696
  0.015696
  0.015696
  0.015697
  0.015703
  0.015714
 -0.000000
  0.000000
  0.000000
 -0.000000
  0.015747
  0.015748
  0.015749
  0.015751
  0.015753
  0.015756
  0.015759
  0.015762
  0.015766
  0.015770
  0.015774
  0.015779
  0.015784
  0.015790
  0.015795
  0.015802
  0.015808
  0.015815
  0.015823
  0.015831
  0.015841
  0.015853
  0.015867
  0.015885
  0.015905
  0.015926
  0.015941
 -0.000000
  0.000000
  0.000000
 -0.000000
  0.015861
  0.015862
  0.015863
  0.015865
  0.015867
  0.015870
  0.015874
  0.015877
  0.015882
  0.015886
  0.015892
  0.015897
  0.015904
  0.015911
  0.015918
  0.015927
  0.015936
  0.015946
  0.015958
  0.015972
  0.015988
  0.016006
  0.016027
  0.016050
  0.016072
  0.016092
  0.016106
 -0.000000
  0.000000
  0.000000
 -0.000000
  0.015974
  0.015975
  0.015976
  0.015978
  0.015981
  0.015984
  0.015987
  0.015991
  0.015996
  0.016002
  0.016008
  0.016014
  0.016022
  0.016030
  0.016039
  0.016049
  0.016060
  0.016072
  0.016086
  0.016102
  0.016119
  0.016139
  0.016160
  0.016181
  0.016201
  0.016218
  0.016229
 -0.000000
  0.000000
  0.000000
 -0.000000
  0.016083
  0.016085
  0.016086
  0.016089
  0.016092
  0.016095
  0.016099
  0.016103
  0.016108
  0.016114
  0.016121
  0.016128
  0.016136
  0.016144
  0.016154
  0.016164
  0.016176
  0.016188
  0.016202
  0.016217
  0.016233
  0.016251
  0.016269
  0.016287
  0.016304
  0.016318
  0.016326
 -0.000000
  0.000000
  0.000000
 -0.000000
  0.016191
  0.016192
  0.016195
  0.016197
  0.016200
  0.016204
  0.016208
  0.016212
  0.016217
  0.016223
  0.016230
  0.016237
  0.016244
  0.016253
  0.016262
  0.016272
  0.016283
  0.016294
  0.016306
  0.016320
  0.016334
  0.016348
  0.016364
  0.016379
  0.016393
  0.016404
  0.016411
 -0.000000
  0.000000
  0.000000
 -0.000000
  0.016298
  0.016299
  0.016301
  0.016303
  0.016306
  0.016310
  0.016314
  0.016318
  0.016323
  0.016328
  0.016334
  0.016341
  0.016348
  0.016356
  0.016364
  0.016373
  0.016382
  0.016392
  0.016403
  0.016414
  0.016426
  0.016438
  0.016450
  0.016463
  0.016474
  0.016482
  0.016488
 -0.000000
  0.000000
  0.000000
 -0.000000
  0.016402
  0.016404
  0.016405
  0.016407
  0.016410
  0.016413
  0.016416
  0.016420
  0.016425
  0.016430
  0.016435
  0.016441
  0.016447
  0.016454
  0.016461
  0.016469
  0.016477
  0.016485
  0.016494
  0.016503
  0.016513
  0.016523
  0.016533
  0.016543
  0.016551
  0.016558
  0.016563
 -0.000000
  0.000000
  0.000000
 -0.000000
  0.016505
  0.016506
  0.016507
  0.016509
  0.016511
  0.016514
  0.016517
  0.016520
  0.016524
  0.016528
  0.016533
  0.016538
  0.016543
  0.016549
  0.016555
  0.016561
  0.016568
  0.016575
  0.016582
  0.016590
  0.016597
  0.016605
  0.016613
  0.016621
  0.016628
  0.016634
  0.016637
 -0.000000
  0.000000
  0.000000
 -0.000000
  0.016605
  0.016605
  0.016606
  0.016608
  0.016609
  0.016612
  0.016614
  0.016617
  0.016620
  0.016624
  0.016628
  0.016632
  0.016637
  0.016641
  0.016646
  0.016651
  0.016657
  0.016663
  0.016668
  0.016674
  0.016681
  0.016687
  0.016694
  0.016700
  0.016705
  0.016710
  0.016713
 -0.000000
  0.000000
  0.000000
 -0.000000
  0.016702
  0.016702
  0.016703
  0.016704
  0.016706
  0.016708
  0.016710
  0.016712
  0.016715
  0.016718
  0.016721
  0.016724
  0.016728
  0.016732
  0.016736
  0.016740
  0.016745
  0.016749
  0.016754
  0.016759
  0.016764
  0.016769
  0.016774
  0.016779
  0.016784
  0.016787
  0.016790
 -0.000000
  0.000000
  0.000000
 -0.000000
  0.016797
  0.016798
  0.016798
  0.016799
  0.016801
  0.016802
  0.016804
  0.016806
  0.016808
  0.016810
  0.016813
  0.016816
  0.016819
  0.016822
  0.016825
  0.016829
  0.016832
  0.016836
  0.016840
  0.016844
  0.016848
  0.016852
  0.016856
  0.016860
  0.016864
  0.016867
  0.016869
 -0.000000
  0.000000
  0.000000
 -0.000000
  0.016891
  0.016892
  0.016892
  0.016893
  0.016894
  0.016896
  0.016897
  0.016898
  0.016900
  0.016902
  0.016904
  0.016907
  0.016909
  0.016912
  0.016914
  0.016917
  0.016920
  0.016923
  0.016926
  0.016930
  0.016933
  0.016936
  0.016940
  0.016943
  0.016946
  0.016948
  0.016950
 -0.000000
  0.000000
  0.000000
 -0.000000
  0.016985
  0.016986
  0.016986
  0.016987
  0.016988
  0.016989
  0.016990
  0.016991
  0.016992
  0.016994
  0.016996
  0.016998
  0.017000
  0.017002
  0.017004
  0.017006
  0.017009
  0.017011
  0.017014
  0.017016
  0.017019
  0.017022
  0.017025
  0.017027
  0.017030
  0.017032
  0.017033
 -0.000000
  0.000000
  0.000000
 -0.000000
  0.017079
  0.017080
  0.017080
  0.017081
  0.017081
  0.017082
  0.017083
  0.017084
  0.017085
  0.017086
  0.017088
  0.017089
  0.017091
  0.017093
  0.017094
  0.017096
  0.017098
  0.017100
  0.017102
  0.017105
  0.017107
  0.017109
  0.017111
  0.017114
  0.017116
  0.017118
  0.017119
 -0.000000
  0.000000
  0.000000
 -0.000000
  0.017174
  0.017174
  0.017174
  0.017175
  0.017175
  0.017176
  0.017177
  0.017177
  0.017178
  0.017179
  0.017180
  0.017182
  0.017183
  0.017184
  0.017186
  0.017187
  0.017189
  0.017191
  0.017193
  0.017194
  0.017196
  0.017198
  0.017200
  0.017202
  0.017204
  0.017205
  0.017206
 -0.000000
  0.000000
  0.000000
 -0.000000
  0.017270
  0.017270
  0.017270
  0.017270
  0.017270
  0.017271
  0.017271
  0.017272
  0.017273
  0.017274
  0.017274
  0.017275
  0.017277
  0.017278
  0.017279
  0.017280
  0.017282
  0.017283
  0.017284
  0.017286
  0.017288
  0.017289
  0.017291
  0.017293
  0.017294
  0.017295
  0.017296
 -0.000000
  0.000000
  0.000000
 -0.000000
  0.017366
  0.017366
  0.017366
  0.017366
  0.017366
  0.017367
  0.017367
  0.017368
  0.017368
  0.017369
  0.017370
  0.017371
  0.017372
  0.017373
  0.017374
  0.017375
  0.017376
  0.017377
  0.017378
  0.017380
  0.017381
  0.017382
  0.017384
  0.017385
  0.017387
  0.017388
  0.017388
 -0.000000
  0.000000
  0.000000
 -0.000000
  0.017464
  0.017464
  0.017463
  0.017464
  0.017464
  0.017464
  0.017465
  0.017465
  0.017466
  0.017466
  0.017467
  0.017468
  0.017468
  0.017469
  0.017470
  0.017471
  0.017472
  0.017473
  0.017474
  0.017475
  0.017476
  0.017477
  0.017479
  0.017480
  0.017481
  0.017482
  0.017483
 -0.000000
  0.000000
  0.000000
 -0.000000
  0.017563
  0.017563
  0.017563
  0.017563
  0.017563
  0.017563
  0.017564
  0.017564
  0.017565
  0.017565
  0.017566
  0.017566
  0.017567
  0.017568
  0.017568
  0.017569
  0.017570
  0.017571
  0.017572
  0.017573
  0.017574
  0.017575
  0.017576
  0.017577
  0.017578
  0.017579
  0.017580
 -0.000000
  0.000000
  0.000000
 -0.000000
  0.017664
  0.017664
  0.017664
  0.017664
  0.017664
  0.017664
  0.017665
  0.017665
  0.017666
  0.017666
  0.017667
  0.017667
  0.017668
  0.017668
  0.017669
  0.017670
  0.017670
  0.017671
  0.017672
  0.017673
  0.017674
  0.017674
  0.017675
  0.017676
  0.017677
  0.017678
  0.017679
 -0.000000
  0.000000
  0.000000
 -0.000000
  0.017767
  0.017767
  0.017767
  0.017767
  0.017768
  0.017768
  0.017768
  0.017768
  0.017769
  0.017769
  0.017769
  0.017770
  0.017770
  0.017771
  0.017771
  0.017772
  0.017773
  0.017773
  0.017774
  0.017775
  0.017775
  0.017776
  0.017777
  0.017778
  0.017779
  0.017780
  0.017780
 -0.000000
  0.000000
  0.000000
 -0.000000
  0.017873
  0.017873
  0.017873
  0.017873
  0.017873
  0.017873
  0.017873
  0.017874
  0.017874
  0.017874
  0.017875
  0.017875
  0.017875
  0.017876
  0.017876
  0.017877
  0.017877
  0.017878
  0.017878
  0.017879
  0.017880
  0.017880
  0.017881
  0.017882
  0.017883
  0.017883
  0.017884
 -0.000000
  0.000000
  0.000000
 -0.000000
  0.017981
  0.017981
  0.017981
  0.017981
  0.017981
  0.017981
  0.017981
  0.017981
  0.017982
  0.017982
  0.017982
  0.017982
  0.017983
  0.017983
  0.017983
  0.017984
  0.017984
  0.017985
  0.017985
  0.017986
  0.017986
  0.017987
  0.017988
  0.017988
  0.017989
  0.017990
  0.017990
 -0.000000
  0.000000
  0.000000
 -0.000000
  0.018091
  0.018091
  0.018091
  0.018091
  0.018091
  0.018091
  0.018091
  0.018091
  0.018091
  0.018092
  0.018092
  0.018092
  0.018092
  0.018093
  0.018093
  0.018093
  0.018094
  0.018094
  0.018095
  0.018095
  0.018096
  0.018096
  0.018097
  0.018097
  0.018098
  0.018099
  0.018099
 -0.000000
  0.000000
  0.000000
 -0.000000
  0.018204
  0.018204
  0.018204
  0.018204
  0.018204
  0.018204
  0.018204
  0.018204
  0.018204
  0.018204
  0.018204
  0.018204
  0.018204
  0.018205
  0.018205
  0.018205
  0.018206
  0.018206
  0.018206
  0.018207
  0.018207
  0.018208
  0.018208
  0.018209
  0.018210
  0.018210
  0.018210
 -0.000000
  0.000000
  0.000000
 -0.000000
  0.018319
  0.018319
  0.018319
  0.018318
  0.018318
  0.018318
  0.018318
  0.018319
  0.018319
  0.018319
  0.018319
  0.018319
  0.018319
  0.018319
  0.018320
  0.018320
  0.018320
  0.018321
  0.018321
  0.018321
  0.018322
  0.018322
  0.018323
  0.018323
  0.018324
  0.018324
  0.018325
 -0.000000
  0.000000
  0.000000
 -0.000000
  0.018436
  0.018436
  0.018436
  0.018436
  0.018436
  0.018436
  0.018436
  0.018436
  0.018436
  0.018436
  0.018436
  0.018436
  0.018437
  0.018437
  0.018437
  0.018437
  0.018438
  0.018438
  0.018438
  0.018439
  0.018439
  0.018440
  0.018440
  0.018441
  0.018441
  0.018442
  0.018442
 -0.000000
  0.000000
  0.000000
 -0.000000
  0.018556
  0.018556
  0.018556
  0.018556
  0.018556
  0.018556
  0.018556
  0.018556
  0.018556
  0.018556
  0.018556
  0.018557
  0.018557
  0.018557
  0.018557
  0.018557
  0.018558
  0.018558
  0.018558
  0.018559
  0.018559
  0.018560
  0.018560
  0.018561
  0.018561
  0.018562
  0.018562
 -0.000000
  0.000000
  0.000000
 -0.000000
  0.018679
  0.018679
  0.018679
  0.018679
  0.018679
  0.018679
  0.018679
  0.018679
  0.018679
  0.018679
  0.018679
  0.018679
  0.018680
  0.018680
  0.018680
  0.018680
  0.018681
  0.018681
  0.018681
  0.018682
  0.018682
  0.018682
  0.018683
  0.018683
  0.018684
  0.018684
  0.018685
 -0.000000
  0.000000
  0.000000
 -0.000000
  0.018804
  0.018804
  0.018804
  0.018804
  0.018804
  0.018804
  0.018804
  0.018804
  0.018804
  0.018804
  0.018805
  0.018805
  0.018805
  0.018805
  0.018806
  0.018806
  0.018806
  0.018806
  0.018807
  0.018807
  0.018808
  0.018808
  0.018808
  0.018809
  0.018809
  0.018810
  0.018810
 -0.000000
  0.000000
  0.000000
 -0.000000
  0.018933
  0.018932
  0.018932
  0.018932
  0.018932
  0.018932
  0.018932
  0.018932
  0.018933
  0.018933
  0.018933
  0.018933
  0.018933
  0.018933
  0.018934
  0.018934
  0.018934
  0.018935
  0.018935
  0.018935
  0.018936
  0.018936
  0.018936
  0.018937
  0.018937
  0.018938
  0.018938
 -0.000000
  0.000000
  0.000000
 -0.000000
  0.019064
  0.019063
  0.019063
  0.019063
  0.019063
  0.019063
  0.019063
  0.019063
  0.019063
  0.019063
  0.019064
  0.019064
  0.019064
  0.019064
  0.019064
  0.019065
  0.019065
  0.019065
  0.019065
  0.019066
  0.019066
  0.019067
  0.019067
  0.019067
  0.019068
  0.019068
  0.019068
 -0.000000
  0.000000
  0.000000
 -0.000000
  0.019197
  0.019197
  0.019197
  0.019197
  0.019197
  0.019197
  0.019197
  0.019197
  0.019197
  0.019197
  0.019197
  0.019197
  0.019197
  0.019197
  0.019198
  0.019198
  0.019198
  0.019198
  0.019199
  0.019199
  0.019199
  0.019199
  0.019200
  0.019200
  0.019201
  0.019201
  0.019201
 -0.000000
  0.000000
  0.000000
 -0.000000
  0.019333
  0.019333
  0.019333
  0.019333
  0.019333
  0.019333
  0.019333
  0.019333
  0.019333
  0.019333
  0.019333
  0.019333
  0.019333
  0.019333
  0.019333
  0.019334
  0.019334
  0.019334
  0.019334
  0.019334
  0.019335
  0.019335
  0.019335
  0.019335
  0.019336
  0.019336
  0.019336
 -0.000000
  0.000000
  0.000000
 -0.000000
  0.019472
  0.019471
  0.019471
  0.019471
  0.019471
  0.019471
  0.019471
  0.019471
  0.019471
  0.019471
  0.019471
  0.019471
  0.019471
  0.019471
  0.019472
  0.019472
  0.019472
  0.019472
  0.019472
  0.019473
  0.019473
  0.019473
  0.019473
  0.019473
  0.019474
  0.019474
  0.019474
 -0.000000
  0.000000
  0.000000
 -0.000000
  0.019613
  0.019613
  0.019612
  0.019612
  0.019612
  0.019612
  0.019612
  0.019612
  0.019612
  0.019612
  0.019612
  0.019612
  0.019612
  0.019612
  0.019612
  0.019613
  0.019613
  0.019613
  0.019613
  0.019613
  0.019614
  0.019614
  0.019614
  0.019614
  0.019614
  0.019614
  0.019614
 -0.000000
  0.000000
  0.000000
 -0.000000
  0.019756
  0.019756
  0.019755
  0.019755
  0.019755
  0.019755
  0.019755
  0.019755
  0.019755
  0.019755
  0.019755
  0.019755
  0.019756
  0.019756
  0.019756
  0.019756
  0.019756
  0.019756
  0.019757
  0.019757
  0.019757
  0.019757
  0.019757
  0.019758
  0.019758
  0.019758
  0.019758
 -0.000000
  0.000000
  0.000000
 -0.000000
  0.019900
  0.019901
  0.019901
  0.019901
  0.019901
  0.019901
  0.019901
  0.019901
  0.019901
  0.019901
  0.019901
  0.019901
  0.019902
  0.019902
  0.019902
  0.019902
  0.019903
  0.019903
  0.019903
  0.019903
  0.019904
  0.019904
  0.019904
  0.019904
  0.019905
  0.019905
  0.019905
 -0.000000
  0.000000
  0.000000
 -0.000000
  0.020048
  0.020049
  0.020049
  0.020049
  0.020049
  0.020049
  0.020049
  0.020049
  0.020050
  0.020050
  0.020050
  0.020050
  0.020050
  0.020051
  0.020051
  0.020051
  0.020052
  0.020052
  0.020052
  0.020053
  0.020053
  0.020053
  0.020054
  0.020054
  0.020054
  0.020055
  0.020055
 -0.000000
  0.000000
  0.000000
 -0.000000
  0.020200
  0.020200
  0.020200
  0.020200
  0.020201
  0.020201
  0.020201
  0.020201
  0.020201
  0.020201
  0.020201
  0.020201
  0.020202
  0.020202
  0.020202
  0.020203
  0.020203
  0.020204
  0.020204
  0.020205
  0.020205
  0.020206
  0.020206
  0.020207
  0.020207
  0.020207
  0.020208
 -0.000000
  0.000000
  0.000000
 -0.000000
  0.020356
  0.020356
  0.020356
  0.020355
  0.020355
  0.020355
  0.020355
  0.020355
  0.020355
  0.020355
  0.020355
  0.020355
  0.020356
  0.020356
  0.020356
  0.020357
  0.020358
  0.020358
  0.020359
  0.020360
  0.020360
  0.020361
  0.020362
  0.020363
  0.020364
  0.020364
  0.020364
 -0.000000
  0.000000
  0.000000
 -0.000000
  0.020515
  0.020514
  0.020513
  0.020513
  0.020512
  0.020512
  0.020511
  0.020511
  0.020511
  0.020511
  0.020511
  0.020512
  0.020512
  0.020512
  0.020513
  0.020513
  0.020514
  0.020515
  0.020516
  0.020517
  0.020518
  0.020519
  0.020521
  0.020522
  0.020524
  0.020525
  0.020525
 -0.000000
  0.000000
  0.000000
 -0.000000
  0.020662
  0.020661
  0.020659
  0.020658
  0.020658
  0.020657
  0.020657
  0.020657
  0.020657
  0.020657
  0.020657
  0.020657
  0.020657
  0.020658
  0.020658
  0.020659
  0.020659
  0.020660
  0.020661
  0.020663
  0.020664
  0.020666
  0.020669
  0.020673
  0.020677
  0.020681
  0.020683
 -0.000000
  0.000000
