  0.000000
  0.000000
  0.000000
  0.000000
  0.000000
  0.000000
  0.000000
  0.000000
  0.000000
  0.000000
  0.000000
  0.000000
  0.000000
  0.000000
  0.000000
  0.000000
  0.000000
  0.000000
  0.000000
  0.000000
  0.000000
  0.000000
  0.000000
  0.000000
  0.000000
  0.000000
  0.000000
  0.000000
  0.000000
  0.000000
  0.000000
 -0.000000
 -0.000000
 -0.000000
 -0.000000
 -0.000000
 -0.000000
 -0.000000
 -0.000000
 -0.000000
 -0.000000
 -0.000000
 -0.000000
 -0.000000
 -0.000000
 -0.000000
 -0.000000
 -0.000000
 -0.000000
 -0.000000
 -0.000000
 -0.000000
 -0.000000
 -0.000000
 -0.000000
 -0.000000
 -0.000000
 -0.000000
 -0.000000
  0.000000
  0.000000
  0.012943
  0.012943
  0.012943
  0.012943
  0.012943
  0.012943
  0.012943
  0.012943
  0.012943
  0.012943
  0.012943
  0.012943
  0.012943
  0.012943
  0.012943
  0.012943
  0.012943
  0.012943
  0.012943
  0.012943
  0.012943
  0.012943
  0.012943
  0.012943
  0.012943
  0.012943
  0.012943
  0.012943
  0.000000
  0.000000
  0.013190
  0.013190
  0.013190
  0.013190
  0.013190
  0.013190
  0.013190
  0.013190
  0.013190
  0.013190
  0.013190
  0.013190
  0.013190
  0.013190
  0.013190
  0.013190
  0.013190
  0.013190
  0.013190
  0.013190
  0.013190
  0.013190
  0.013190
  0.013190
  0.013190
  0.013190
  0.013190
  0.013190
  0.000000
  0.000000
  0.013435
  0.013435
  0.013435
  0.013435
  0.013435
  0.013435
  0.013435
  0.013435
  0.013435
  0.013435
  0.013435
  0.013435
  0.013435
  0.013435
  0.013435
  0.013435
  0.013435
  0.013435
  0.013435
  0.013435
  0.013435
  0.013435
  0.013435
  0.013435
  0.013435
  0.013435
  0.013435
  0.013435
  0.000000
  0.000000
  0.013678
  0.013678
  0.013678
  0.013678
  0.013678
  0.013678
  0.013678
  0.013678
  0.013678
  0.013678
  0.013678
  0.013678
  0.013678
  0.013678
  0.013678
  0.013678
  0.013678
  0.013678
  0.013678
  0.013678
  0.013678
  0.013678
  0.013678
  0.013678
  0.013678
  0.013678
  0.013678
  0.013678
  0.000000
  0.000000
  0.013919
  0.013919
  0.013919
  0.013919
  0.013919
  0.013919
  0.013919
  0.013919
  0.013919
  0.013919
  0.013919
  0.013919
  0.013919
  0.013919
  0.013919
  0.013919
  0.013919
  0.013919
  0.013919
  0.013919
  0.013919
  0.013919
  0.013919
  0.013919
  0.013919
  0.013919
  0.013919
  0.013919
  0.000000
  0.000000
  0.014159
  0.014159
  0.014159
  0.014159
  0.014159
  0.014159
  0.014159
  0.014159
  0.014159
  0.014159
  0.014159
  0.014159
  0.014159
  0.014159
  0.014159
  0.014159
  0.014159
  0.014159
  0.014159
  0.014159
  0.014159
  0.014159
  0.014159
  0.014159
  0.014159
  0.014159
  0.014159
  0.014159
  0.000000
  0.000000
  0.014397
  0.014397
  0.014397
  0.014397
  0.014397
  0.014397
  0.014397
  0.014397
  0.014397
  0.014397
  0.014397
  0.014397
  0.014397
  0.014397
  0.014397
  0.014397
  0.014397
  0.014397
  0.014397
  0.014397
  0.014397
  0.014397
  0.014397
  0.014397
  0.014397
  0.014397
  0.014397
  0.014397
  0.000000
  0.000000
  0.014633
  0.014633
  0.014633
  0.014633
  0.014633
  0.014633
  0.014633
  0.014633
  0.014633
  0.014633
  0.014633
  0.014633
  0.014633
  0.014633
  0.014633
  0.014633
  0.014633
  0.014633
  0.014633
  0.014633
  0.014633
  0.014633
  0.014633
  0.014633
  0.014633
  0.014633
  0.014633
  0.014633
  0.000000
  0.000000
  0.014869
  0.014869
  0.014869
  0.014869
  0.014869
  0.014869
  0.014869
  0.014869
  0.014869
  0.014869
  0.014869
  0.014869
  0.014869
  0.014869
  0.014869
  0.014868
  0.014868
  0.014868
  0.014868
  0.014868
  0.014868
  0.014868
  0.014868
  0.014868
  0.014868
  0.014868
  0.014868
  0.014868
  0.000000
  0.000000
  0.015102
  0.015102
  0.015102
  0.015102
  0.015102
  0.015102
  0.015102
  0.015102
  0.015102
  0.015102
  0.015102
  0.015102
  0.015102
  0.015102
  0.015102
  0.015102
  0.015102
  0.015102
  0.015102
  0.015102
  0.015102
  0.015102
  0.015102
  0.015102
  0.015102
  0.015102
  0.015102
  0.015102
  0.000000
  0.000000
  0.015335
  0.015335
  0.015335
  0.015335
  0.015335
  0.015335
  0.015335
  0.015335
  0.015335
  0.015335
  0.015335
  0.015335
  0.015335
  0.015335
  0.015335
  0.015335
  0.015335
  0.015335
  0.015335
  0.015335
  0.015335
  0.015335
  0.015335
  0.015335
  0.015335
  0.015335
  0.015335
  0.015335
  0.000000
  0.000000
  0.015567
  0.015567
  0.015567
  0.015567
  0.015567
  0.015567
  0.015567
  0.015567
  0.015567
  0.015567
  0.015567
  0.015566
  0.015566
  0.015566
  0.015566
  0.015566
  0.015566
  0.015566
  0.015566
  0.015566
  0.015566
  0.015566
  0.015566
  0.015566
  0.015566
  0.015566
  0.015566
  0.015566
  0.000000
  0.000000
  0.015797
  0.015797
  0.015797
  0.015797
  0.015797
  0.015797
  0.015797
  0.015797
  0.015797
  0.015797
  0.015797
  0.015797
  0.015797
  0.015797
  0.015797
  0.015797
  0.015797
  0.015797
  0.015797
  0.015797
  0.015797
  0.015797
  0.015797
  0.015797
  0.015797
  0.015797
  0.015797
  0.015797
  0.000000
  0.000000
  0.016027
  0.016027
  0.016027
  0.016027
  0.016027
  0.016027
  0.016027
  0.016027
  0.016027
  0.016027
  0.016027
  0.016027
  0.016027
  0.016027
  0.016027
  0.016027
  0.016027
  0.016027
  0.016027
  0.016027
  0.016027
  0.016027
  0.016027
  0.016027
  0.016027
  0.016027
  0.016027
  0.016027
  0.000000
  0.000000
  0.016255
  0.016255
  0.016255
  0.016255
  0.016255
  0.016255
  0.016255
  0.016255
  0.016255
  0.016255
  0.016255
  0.016255
  0.016255
  0.016255
  0.016255
  0.016255
  0.016255
  0.016255
  0.016255
  0.016255
  0.016255
  0.016255
  0.016255
  0.016255
  0.016255
  0.016255
  0.016255
  0.016255
  0.000000
  0.000000
  0.016483
  0.016483
  0.016483
  0.016483
  0.016483
  0.016483
  0.016483
  0.016483
  0.016483
  0.016483
  0.016483
  0.016483
  0.016483
  0.016483
  0.016483
  0.016483
  0.016483
  0.016483
  0.016483
  0.016483
  0.016483
  0.016483
  0.016483
  0.016483
  0.016483
  0.016483
  0.016483
  0.016483
  0.000000
  0.000000
  0.016710
  0.016710
  0.016710
  0.016710
  0.016710
  0.016710
  0.016710
  0.016710
  0.016710
  0.016710
  0.016710
  0.016710
  0.016710
  0.016710
  0.016710
  0.016710
  0.016710
  0.016710
  0.016710
  0.016710
  0.016710
  0.016711
  0.016711
  0.016711
  0.016711
  0.016711
  0.016711
  0.016711
  0.000000
  0.000000
  0.016937
  0.016937
  0.016937
  0.016937
  0.016937
  0.016937
  0.016937
  0.016937
  0.016937
  0.016937
  0.016937
  0.016937
  0.016937
  0.016937
  0.016937
  0.016937
  0.016937
  0.016937
  0.016937
  0.016937
  0.016937
  0.016937
  0.016937
  0.016937
  0.016937
  0.016937
  0.016937
  0.016937
  0.000000
  0.000000
  0.017162
  0.017162
  0.017162
  0.017162
  0.017163
  0.017163
  0.017163
  0.017163
  0.017163
  0.017163
  0.017163
  0.017163
  0.017163
  0.017163
  0.017163
  0.017163
  0.017163
  0.017163
  0.017163
  0.017163
  0.017163
  0.017163
  0.017163
  0.017163
  0.017163
  0.017163
  0.017163
  0.017163
  0.000000
  0.000000
  0.017388
  0.017388
  0.017388
  0.017388
  0.017388
  0.017388
  0.017388
  0.017388
  0.017388
  0.017388
  0.017388
  0.017388
  0.017388
  0.017388
  0.017388
  0.017388
  0.017388
  0.017388
  0.017388
  0.017389
  0.017389
  0.017389
  0.017389
  0.017389
  0.017389
  0.017389
  0.017389
  0.017389
  0.000000
  0.000000
  0.017612
  0.017612
  0.017612
  0.017613
  0.017613
  0.017613
  0.017613
  0.017613
  0.017613
  0.017613
  0.017613
  0.017613
  0.017613
  0.017613
  0.017613
  0.017613
  0.017613
  0.017613
  0.017613
  0.017614
  0.017614
  0.017614
  0.017614
  0.017614
  0.017614
  0.017614
  0.017614
  0.017614
  0.000000
  0.000000
  0.017837
  0.017837
  0.017837
  0.017837
  0.017837
  0.017837
  0.017837
  0.017837
  0.017837
  0.017837
  0.017837
  0.017837
  0.017837
  0.017838
  0.017838
  0.017838
  0.017838
  0.017838
  0.017838
  0.017838
  0.017838
  0.017838
  0.017838
  0.017838
  0.017838
  0.017838
  0.017839
  0.017839
  0.000000
  0.000000
  0.018060
  0.018060
  0.018061
  0.018061
  0.018061
  0.018061
  0.018061
  0.018061
  0.018061
  0.018061
  0.018061
  0.018061
  0.018061
  0.018062
  0.018062
  0.018062
  0.018062
  0.018062
  0.018062
  0.018062
  0.018062
  0.018063
  0.018063
  0.018063
  0.018063
  0.018063
  0.018063
  0.018063
  0.000000
  0.000000
  0.018284
  0.018284
  0.018284
  0.018284
  0.018284
  0.018284
  0.018284
  0.018284
  0.018284
  0.018285
  0.018285
  0.018285
  0.018285
  0.018285
  0.018285
  0.018286
  0.018286
  0.018286
  0.018286
  0.018286
  0.018287
  0.018287
  0.018287
  0.018287
  0.018287
  0.018287
  0.018287
  0.018287
  0.000000
  0.000000
  0.018507
  0.018507
  0.018507
  0.018507
  0.018507
  0.018507
  0.018507
  0.018507
  0.018508
  0.018508
  0.018508
  0.018508
  0.018508
  0.018509
  0.018509
  0.018509
  0.018509
  0.018510
  0.018510
  0.018510
  0.018510
  0.018511
  0.018511
  0.018511
  0.018511
  0.018511
  0.018511
  0.018511
  0.000000
  0.000000
  0.018729
  0.018729
  0.018729
  0.018729
  0.018730
  0.018730
  0.018730
  0.018730
  0.018730
  0.018731
  0.018731
  0.018731
  0.018732
  0.018732
  0.018732
  0.018733
  0.018733
  0.018733
  0.018733
  0.018734
  0.018734
  0.018734
  0.018735
  0.018735
  0.018735
  0.018735
  0.018735
  0.018735
  0.000000
  0.000000
  0.018951
  0.018951
  0.018951
  0.018952
  0.018952
  0.018952
  0.018952
  0.018952
  0.018953
  0.018953
  0.018954
  0.018954
  0.018954
  0.018955
  0.018955
  0.018956
  0.018956
  0.018956
  0.018957
  0.018957
  0.018958
  0.018958
  0.018958
  0.018959
  0.018959
  0.018959
  0.018959
  0.018959
  0.000000
  0.000000
  0.019173
  0.019173
  0.019173
  0.019173
  0.019173
  0.019174
  0.019174
  0.019174
  0.019175
  0.019175
  0.019176
  0.019176
  0.019177
  0.019177
  0.019178
  0.019179
  0.019179
  0.019180
  0.019180
  0.019181
  0.019181
  0.019182
  0.019182
  0.019183
  0.019183
  0.019183
  0.019183
  0.019184
  0.000000
  0.000000
  0.019394
  0.019394
  0.019394
  0.019394
  0.019394
  0.019395
  0.019395
  0.019396
  0.019396
  0.019397
  0.019398
  0.019398
  0.019399
  0.019400
  0.019401
  0.019401
  0.019402
  0.019403
  0.019404
  0.019404
  0.019405
  0.019406
  0.019406
  0.019407
  0.019407
  0.019408
  0.019408
  0.019408
  0.000000
  0.000000
  0.019614
  0.019614
  0.019614
  0.019615
  0.019615
  0.019615
  0.019616
  0.019617
  0.019617
  0.019618
  0.019619
  0.019620
  0.019621
  0.019622
  0.019623
  0.019624
  0.019625
  0.019626
  0.019627
  0.019628
  0.019629
  0.019630
  0.019631
  0.019632
  0.019632
  0.019633
  0.019633
  0.019633
  0.000000
  0.000000
  0.019833
  0.019833
  0.019834
  0.019834
  0.019835
  0.019835
  0.019836
  0.019837
  0.019838
  0.019839
  0.019840
  0.019841
  0.019843
  0.019844
  0.019845
  0.019847
  0.019848
  0.019850
  0.019851
  0.019852
  0.019854
  0.019855
  0.019856
  0.019857
  0.019858
  0.019859
  0.019859
  0.019860
  0.000000
  0.000000
  0.020052
  0.020052
  0.020052
  0.020053
  0.020053
  0.020054
  0.020055
  0.020056
  0.020057
  0.020059
  0.020060
  0.020062
  0.020064
  0.020065
  0.020067
  0.020069
  0.020071
  0.020073
  0.020075
  0.020077
  0.020079
  0.020080
  0.020082
  0.020083
  0.020085
  0.020086
  0.020087
  0.020088
  0.000000
  0.000000
  0.020269
  0.020269
  0.020269
  0.020270
  0.020271
  0.020272
  0.020273
  0.020274
  0.020276
  0.020278
  0.020280
  0.020282
  0.020284
  0.020287
  0.020289
  0.020291
  0.020294
  0.020297
  0.020299
  0.020302
  0.020304
  0.020307
  0.020309
  0.020311
  0.020313
  0.020314
  0.020316
  0.020317
  0.000000
  0.000000
  0.020484
  0.020484
  0.020485
  0.020485
  0.020486
  0.020488
  0.020489
  0.020491
  0.020493
  0.020496
  0.020498
  0.020501
  0.020504
  0.020507
  0.020510
  0.020513
  0.020517
  0.020520
  0.020524
  0.020527
  0.020531
  0.020534
  0.020537
  0.020540
  0.020543
  0.020545
  0.020547
  0.020549
  0.000000
  0.000000
  0.020697
  0.020697
  0.020698
  0.020699
  0.020700
  0.020702
  0.020704
  0.020706
  0.020709
  0.020712
  0.020715
  0.020718
  0.020722
  0.020726
  0.020730
  0.020734
  0.020739
  0.020743
  0.020748
  0.020753
  0.020757
  0.020762
  0.020766
  0.020771
  0.020775
  0.020777
  0.020781
  0.020784
  0.000000
  0.000000
  0.020907
  0.020907
  0.020908
  0.020909
  0.020911
  0.020913
  0.020916
  0.020919
  0.020922
  0.020925
  0.020929
  0.020934
  0.020938
  0.020943
  0.020949
  0.020954
  0.020960
  0.020966
  0.020972
  0.020979
  0.020985
  0.020991
  0.020997
  0.021004
  0.021009
  0.021013
  0.021020
  0.021024
  0.000000
  0.000000
  0.021114
  0.021114
  0.021115
  0.021117
  0.021119
  0.021121
  0.021124
  0.021128
  0.021132
  0.021136
  0.021141
  0.021146
  0.021152
  0.021158
  0.021165
  0.021172
  0.021180
  0.021187
  0.021195
  0.021204
  0.021212
  0.021221
  0.021230
  0.021238
  0.021245
  0.021253
  0.021265
  0.021270
  0.000000
  0.000000
  0.021316
  0.021317
  0.021318
  0.021320
  0.021322
  0.021325
  0.021329
  0.021333
  0.021337
  0.021343
  0.021349
  0.021355
  0.021362
  0.021370
  0.021378
  0.021387
  0.021396
  0.021406
  0.021416
  0.021427
  0.021438
  0.021450
  0.021462
  0.021472
  0.021481
  0.021496
  0.021513
  0.021519
  0.000000
  0.000000
  0.021514
  0.021514
  0.021516
  0.021518
  0.021520
  0.021524
  0.021528
  0.021532
  0.021538
  0.021544
  0.021551
  0.021558
  0.021567
  0.021576
  0.021586
  0.021596
  0.021608
  0.021620
  0.021633
  0.021645
  0.021660
  0.021677
  0.021692
  0.021703
  0.021718
  0.021742
  0.021761
  0.021765
  0.000000
  0.000000
  0.021705
  0.021705
  0.021707
  0.021709
  0.021712
  0.021716
  0.021720
  0.021726
  0.021732
  0.021739
  0.021746
  0.021755
  0.021765
  0.021775
  0.021786
  0.021799
  0.021812
  0.021827
  0.021841
  0.021858
  0.021878
  0.021897
  0.021912
  0.021929
  0.021959
  0.021989
  0.022005
  0.022009
  0.000000
  0.000000
  0.021888
  0.021889
  0.021891
  0.021893
  0.021896
  0.021900
  0.021905
  0.021911
  0.021918
  0.021925
  0.021933
  0.021943
  0.021953
  0.021964
  0.021977
  0.021991
  0.022006
  0.022021
  0.022039
  0.022061
  0.022083
  0.022101
  0.022121
  0.022154
  0.022197
  0.022233
  0.022252
 -0.000000
  0.000000
  0.000000
  0.022064
  0.022064
  0.022066
  0.022068
  0.022072
  0.022076
  0.022081
  0.022087
  0.022094
  0.022101
  0.022110
  0.022120
  0.022130
  0.022142
  0.022156
  0.022170
  0.022184
  0.022201
  0.022223
  0.022245
  0.022261
  0.022281
  0.022313
  0.022354
  0.022394
  0.022421
 -0.000000
  0.000000
  0.000000
  0.000000
  0.022229
  0.022230
  0.022231
  0.022234
  0.022237
  0.022241
  0.022246
  0.022252
  0.022259
  0.022266
  0.022275
  0.022284
  0.022295
  0.022307
  0.022318
  0.022330
  0.022346
  0.022366
  0.022384
  0.022397
  0.022414
  0.022441
  0.022475
  0.022509
  0.022533
 -0.000000
  0.000000
  0.000000
  0.000000
  0.000000
  0.022384
  0.022385
  0.022386
  0.022388
  0.022392
  0.022396
  0.022400
  0.022406
  0.022412
  0.022419
  0.022426
  0.022435
  0.022445
  0.022454
  0.022464
  0.022477
  0.022493
  0.022506
  0.022514
  0.022526
  0.022548
  0.022575
  0.022601
  0.022621
 -0.000000
  0.000000
  0.000000
  0.000000
  0.000000
  0.000000
  0.022527
  0.022527
  0.022529
  0.022531
  0.022534
  0.022538
  0.022542
  0.022547
  0.022552
  0.022558
  0.022566
  0.022573
  0.022580
  0.022587
  0.022597
  0.022609
  0.022616
  0.022619
  0.022626
  0.022642
  0.022660
  0.022679
  0.022698
 -0.000000
  0.000000
  0.000000
  0.000000
  0.000000
  0.000000
  0.000000
  0.022657
  0.022658
  0.022659
  0.022661
  0.022664
  0.022667
  0.022671
  0.022675
  0.022680
  0.022686
  0.022692
  0.022697
  0.022702
  0.022709
  0.022718
  0.022722
  0.022720
  0.022720
  0.022726
  0.022732
  0.022740
  0.022757
 -0.000000
  0.000000
  0.000000
  0.000000
  0.000000
  0.000000
  0.000000
  0.000000
  0.022773
  0.022774
  0.022775
  0.022777
  0.022779
  0.022783
  0.022786
  0.022790
  0.022795
  0.022801
  0.022805
  0.022809
  0.022816
  0.022824
  0.022828
  0.022824
  0.022822
  0.022824
  0.022818
  0.022801
  0.022784
  0.022777
  0.000000
  0.000000
  0.000000
  0.000000
  0.000000
  0.000000
  0.000000
  0.000000
  0.022875
  0.022875
  0.022876
  0.022878
  0.022880
  0.022883
  0.022887
  0.022891
  0.022896
  0.022901
  0.022905
  0.022913
  0.022923
  0.022930
  0.022933
  0.022938
  0.022954
  0.022971
  0.022982
  0.022996
  0.023010
 -0.000000
  0.000000
  0.000000
  0.000000
  0.000000
  0.000000
  0.000000
  0.000000
  0.000000
  0.022959
  0.022960
  0.022961
  0.022963
  0.022965
  0.022967
  0.022971
  0.022976
  0.022980
  0.022984
  0.022991
  0.023002
  0.023012
  0.023018
  0.023027
  0.023048
  0.023076
  0.023104
  0.023134
  0.023160
 -0.000000
  0.000000
  0.000000
  0.000000
  0.000000
  0.000000
  0.000000
  0.000000
  0.000000
  0.000000
  0.023026
  0.023026
  0.023027
  0.023029
  0.023030
  0.023033
  0.023036
  0.023040
  0.023043
  0.023047
  0.023056
  0.023065
  0.023071
  0.023077
  0.023092
  0.023117
  0.023149
  0.023187
  0.023224
 -0.000000
  0.000000
  0.000000
  0.000000
  0.000000
  0.000000
  0.000000
  0.000000
  0.000000
  0.000000
  0.000000
  0.023072
  0.023073
  0.023074
  0.023075
  0.023076
  0.023077
  0.023080
  0.023082
  0.023083
  0.023087
  0.023094
  0.023096
  0.023094
  0.023096
  0.023105
  0.023119
  0.023144
  0.023182
 -0.000000
  0.000000
  0.000000
  0.000000
  0.000000
  0.000000
  0.000000
  0.000000
  0.000000
  0.000000
  0.000000
  0.000000
  0.023098
  0.023098
  0.023099
  0.023099
  0.023100
  0.023101
  0.023102
  0.023101
  0.023102
  0.023105
  0.023105
  0.023098
  0.023090
  0.023082
  0.023067
  0.023035
  0.023001
  0.022985
  0.000000
  0.000000
  0.000000
  0.000000
  0.000000
  0.000000
  0.000000
  0.000000
  0.000000
  0.000000
  0.000000
  0.000000
  0.023102
  0.023102
  0.023102
  0.023102
  0.023102
  0.023102
  0.023101
  0.023100
  0.023102
  0.023105
  0.023102
  0.023100
  0.023106
  0.023123
  0.023142
  0.023171
  0.023205
 -0.000000
  0.000000
  0.000000
  0.000000
  0.000000
  0.000000
  0.000000
  0.000000
  0.000000
  0.000000
  0.000000
  0.000000
  0.000000
  0.023082
  0.023082
  0.023082
  0.023081
  0.023081
  0.023079
  0.023077
  0.023076
  0.023078
  0.023076
  0.023071
  0.023070
  0.023080
  0.023102
  0.023141
  0.023196
 -0.000000
  0.000000
  0.000000
  0.000000
  0.000000
  0.000000
  0.000000
  0.000000
  0.000000
  0.000000
  0.000000
  0.000000
  0.000000
  0.000000
  0.023038
  0.023038
  0.023037
  0.023036
  0.023034
  0.023031
  0.023027
  0.023025
  0.023021
  0.023010
  0.022995
  0.022980
  0.022953
  0.022902
  0.022851
  0.022827
  0.000000
  0.000000
  0.000000
  0.000000
  0.000000
  0.000000
  0.000000
  0.000000
  0.000000
  0.000000
  0.000000
  0.000000
  0.000000
  0.000000
  0.022969
  0.022968
  0.022967
  0.022966
  0.022964
  0.022959
  0.022956
  0.022955
  0.022949
  0.022939
  0.022934
  0.022938
  0.022951
  0.022983
  0.023036
 -0.000000
  0.000000
  0.000000
  0.000000
  0.000000
  0.000000
  0.000000
  0.000000
  0.000000
  0.000000
  0.000000
  0.000000
  0.000000
  0.000000
  0.000000
  0.022873
  0.022872
  0.022871
  0.022869
  0.022866
  0.022862
  0.022860
  0.022857
  0.022849
  0.022839
  0.022833
  0.022818
  0.022780
  0.022742
  0.022732
  0.000000
  0.000000
  0.000000
  0.000000
  0.000000
  0.000000
  0.000000
  0.000000
  0.000000
  0.000000
  0.000000
  0.000000
  0.000000
  0.000000
  0.000000
  0.022748
  0.022747
  0.022745
  0.022743
  0.022739
  0.022736
  0.022736
  0.022734
  0.022729
  0.022731
  0.022749
  0.022787
  0.022854
  0.022935
 -0.000000
  0.000000
  0.000000
  0.000000
  0.000000
  0.000000
  0.000000
  0.000000
  0.000000
  0.000000
  0.000000
  0.000000
  0.000000
  0.000000
  0.000000
  0.000000
  0.022591
  0.022590
  0.022587
  0.022583
  0.022577
  0.022572
  0.022567
  0.022556
  0.022545
  0.022535
  0.022517
  0.022470
  0.022412
  0.022410
  0.000000
  0.000000
  0.000000
  0.000000
  0.000000
  0.000000
  0.000000
  0.000000
  0.000000
  0.000000
  0.000000
  0.000000
  0.000000
  0.000000
  0.000000
  0.000000
  0.022402
  0.022400
  0.022396
  0.022388
  0.022378
  0.022369
  0.022356
  0.022341
  0.022330
  0.022330
  0.022361
  0.022451
  0.022579
 -0.000000
  0.000000
  0.000000
  0.000000
  0.000000
  0.000000
  0.000000
  0.000000
  0.000000
  0.000000
  0.000000
  0.000000
  0.000000
  0.000000
  0.000000
  0.000000
  0.000000
  0.022186
  0.022182
  0.022175
  0.022162
  0.022146
  0.022124
  0.022092
  0.022050
  0.021996
  0.021906
  0.021743
  0.021530
  0.021404
  0.000000
  0.000000
  0.000000
  0.000000
  0.000000
  0.000000
  0.000000
  0.000000
  0.000000
  0.000000
  0.000000
  0.000000
  0.000000
  0.000000
  0.000000
  0.000000
  0.000000
  0.021950
  0.021946
  0.021937
  0.021924
  0.021906
  0.021881
  0.021847
  0.021808
  0.021760
  0.021686
  0.021580
  0.021509
  0.021506
  0.000000
  0.000000
  0.000000
  0.000000
  0.000000
  0.000000
  0.000000
  0.000000
  0.000000
  0.000000
  0.000000
  0.000000
  0.000000
  0.000000
  0.000000
  0.000000
  0.000000
  0.021701
  0.021698
  0.021691
  0.021682
  0.021671
  0.021658
  0.021645
  0.021637
  0.021640
  0.021650
  0.021660
  0.021734
  0.021838
  0.000000
  0.000000
  0.000000
  0.000000
  0.000000
  0.000000
  0.000000
  0.000000
  0.000000
  0.000000
  0.000000
  0.000000
  0.000000
  0.000000
  0.000000
  0.000000
  0.000000
  0.021434
  0.021432
  0.021426
  0.021420
  0.021414
  0.021409
  0.021410
  0.021424
  0.021470
  0.021585
  0.021785
  0.021983
 -0.000000
  0.000000
  0.000000
  0.000000
  0.000000
  0.000000
  0.000000
  0.000000
  0.000000
  0.000000
  0.000000
  0.000000
  0.000000
  0.000000
  0.000000
  0.000000
  0.000000
  0.000000
  0.021143
  0.021137
  0.021127
  0.021110
  0.021088
  0.021055
  0.021011
  0.020955
  0.020859
  0.020661
  0.020340
  0.020092
  0.000000
  0.000000
  0.000000
  0.000000
  0.000000
  0.000000
  0.000000
  0.000000
  0.000000
  0.000000
  0.000000
  0.000000
  0.000000
  0.000000
  0.000000
  0.000000
  0.000000
  0.000000
  0.020837
  0.020828
  0.020809
  0.020781
  0.020739
  0.020678
  0.020605
  0.020517
  0.020381
  0.020168
  0.019977
  0.019901
  0.000000
  0.000000
  0.000000
  0.000000
  0.000000
  0.000000
  0.000000
  0.000000
  0.000000
  0.000000
  0.000000
  0.000000
  0.000000
  0.000000
  0.000000
  0.000000
  0.000000
  0.000000
  0.020550
  0.020540
  0.020520
  0.020490
  0.020447
  0.020389
  0.020328
  0.020262
  0.020182
  0.020080
  0.020002
  0.019978
  0.000000
  0.000000
  0.000000
  0.000000
  0.000000
  0.000000
  0.000000
  0.000000
  0.000000
  0.000000
  0.000000
  0.000000
  0.000000
  0.000000
  0.000000
  0.000000
  0.000000
  0.000000
  0.020318
  0.020309
  0.020294
  0.020273
  0.020245
  0.020212
  0.020178
  0.020147
  0.020115
  0.020081
  0.020052
  0.020040
  0.000000
  0.000000
  0.000000
  0.000000
  0.000000
  0.000000
  0.000000
  0.000000
  0.000000
  0.000000
  0.000000
  0.000000
  0.000000
  0.000000
  0.000000
  0.000000
  0.000000
  0.000000
  0.020149
  0.020143
  0.020136
  0.020126
  0.020115
  0.020103
  0.020091
  0.020082
  0.020075
  0.020067
  0.020060
  0.020056
  0.000000
  0.000000
  0.000000
  0.000000
  0.000000
  0.000000
  0.000000
  0.000000
  0.000000
  0.000000
  0.000000
  0.000000
  0.000000
  0.000000
  0.000000
  0.000000
  0.000000
  0.000000
  0.020025
  0.020024
  0.020022
  0.020021
  0.020019
  0.020019
  0.020019
  0.020020
  0.020022
  0.020024
  0.020027
  0.020030
  0.000000
  0.000000
  0.000000
  0.000000
  0.000000
  0.000000
  0.000000
  0.000000
  0.000000
  0.000000
  0.000000
  0.000000
  0.000000
  0.000000
  0.000000
  0.000000
  0.000000
  0.000000
  0.019923
  0.019924
  0.019925
  0.019927
  0.019929
  0.019933
  0.019937
  0.019941
  0.019946
  0.019953
  0.019960
  0.019964
  0.000000
  0.000000
  0.000000
  0.000000
  0.000000
  0.000000
  0.000000
  0.000000
  0.000000
  0.000000
  0.000000
  0.000000
  0.000000
  0.000000
  0.000000
  0.000000
  0.000000
  0.000000
  0.019818
  0.019819
  0.019821
  0.019824
  0.019827
  0.019831
  0.019835
  0.019839
  0.019845
  0.019852
  0.019859
  0.019863
  0.000000
  0.000000
  0.000000
  0.000000
  0.000000
  0.000000
  0.000000
  0.000000
  0.000000
  0.000000
  0.000000
  0.000000
  0.000000
  0.000000
  0.000000
  0.000000
  0.000000
  0.000000
  0.019694
  0.019695
  0.019697
  0.019698
  0.019700
  0.019702
  0.019705
  0.019708
  0.019712
  0.019717
  0.019722
  0.019725
  0.000000
  0.000000
  0.000000
  0.000000
  0.000000
  0.000000
  0.000000
  0.000000
  0.000000
  0.000000
  0.000000
  0.000000
  0.000000
  0.000000
  0.000000
  0.000000
  0.000000
  0.000000
  0.019541
  0.019541
  0.019541
  0.019541
  0.019540
  0.019540
  0.019539
  0.019539
  0.019539
  0.019541
  0.019542
  0.019543
  0.000000
  0.000000
  0.000000
  0.000000
  0.000000
  0.000000
  0.000000
  0.000000
  0.000000
  0.000000
  0.000000
  0.000000
  0.000000
  0.000000
  0.000000
  0.000000
  0.000000
  0.000000
  0.019352
  0.019351
  0.019348
  0.019345
  0.019340
  0.019335
  0.019329
  0.019322
  0.019316
  0.019311
  0.019305
  0.019301
  0.000000
  0.000000
  0.000000
  0.000000
  0.000000
  0.000000
  0.000000
  0.000000
  0.000000
  0.000000
  0.000000
  0.000000
  0.000000
  0.000000
  0.000000
  0.000000
  0.000000
  0.000000
  0.019125
  0.019122
  0.019116
  0.019107
  0.019096
  0.019081
  0.019064
  0.019046
  0.019025
  0.019002
  0.018977
  0.018960
  0.000000
  0.000000
  0.000000
  0.000000
  0.000000
  0.000000
  0.000000
  0.000000
  0.000000
  0.000000
  0.000000
  0.000000
  0.000000
  0.000000
  0.000000
  0.000000
  0.000000
  0.000000
  0.018866
  0.018859
  0.018848
  0.018832
  0.018810
  0.018780
  0.018744
  0.018701
  0.018648
  0.018579
  0.018492
  0.018403
 -0.000000
  0.000000
  0.000000
  0.000000
  0.000000
  0.000000
  0.000000
  0.000000
  0.000000
  0.000000
  0.000000
  0.000000
  0.000000
  0.000000
  0.000000
  0.000000
  0.000000
  0.000000
  0.018589
  0.018578
  0.018562
  0.018537
  0.018503
  0.018457
  0.018398
  0.018323
  0.018222
  0.018072
  0.017846
  0.017536
  0.017630
  0.000000
  0.000000
  0.000000
  0.000000
  0.000000
  0.000000
  0.000000
  0.000000
  0.000000
  0.000000
  0.000000
  0.000000
  0.000000
  0.000000
  0.000000
  0.000000
  0.000000
  0.018319
  0.018307
  0.018289
  0.018262
  0.018226
  0.018179
  0.018121
  0.018053
  0.017972
  0.017874
  0.017782
  0.017879
  0.017962
  0.000000
  0.000000
  0.000000
  0.000000
  0.000000
  0.000000
  0.000000
  0.000000
  0.000000
  0.000000
  0.000000
  0.000000
  0.000000
  0.000000
  0.000000
  0.000000
  0.000000
  0.018086
  0.018077
  0.018064
  0.018046
  0.018025
  0.018000
  0.017976
  0.017956
  0.017947
  0.017960
  0.018018
  0.018129
  0.018211
  0.000000
  0.000000
  0.000000
  0.000000
  0.000000
  0.000000
  0.000000
  0.000000
  0.000000
  0.000000
  0.000000
  0.000000
  0.000000
  0.000000
  0.000000
  0.000000
  0.000000
  0.017905
  0.017903
  0.017900
  0.017899
  0.017900
  0.017906
  0.017920
  0.017945
  0.017986
  0.018048
  0.018129
  0.018206
  0.018265
  0.000000
  0.000000
  0.000000
  0.000000
  0.000000
  0.000000
  0.000000
  0.000000
  0.000000
  0.000000
  0.000000
  0.000000
  0.000000
  0.000000
  0.000000
  0.000000
  0.000000
  0.017762
  0.017766
  0.017773
  0.017784
  0.017799
  0.017822
  0.017851
  0.017887
  0.017930
  0.017981
  0.018034
  0.018079
  0.018112
  0.000000
  0.000000
  0.000000
  0.000000
  0.000000
  0.000000
  0.000000
  0.000000
  0.000000
  0.000000
  0.000000
  0.000000
  0.000000
  0.000000
  0.000000
  0.000000
  0.000000
  0.017618
  0.017624
  0.017632
  0.017643
  0.017656
  0.017672
  0.017688
  0.017704
  0.017719
  0.017732
  0.017741
  0.017745
  0.017746
  0.000000
  0.000000
  0.000000
  0.000000
  0.000000
  0.000000
  0.000000
  0.000000
  0.000000
  0.000000
  0.000000
  0.000000
  0.000000
  0.000000
  0.000000
  0.000000
  0.000000
  0.017429
  0.017432
  0.017432
  0.017431
  0.017427
  0.017418
  0.017403
  0.017380
  0.017346
  0.017299
  0.017233
  0.017146
  0.017040
 -0.000000
  0.000000
  0.000000
  0.000000
  0.000000
  0.000000
  0.000000
  0.000000
  0.000000
  0.000000
  0.000000
  0.000000
  0.000000
  0.000000
  0.000000
  0.000000
  0.000000
  0.017171
  0.017166
  0.017154
  0.017135
  0.017108
  0.017068
  0.017014
  0.016944
  0.016850
  0.016720
  0.016527
  0.016242
  0.015812
  0.015711
  0.000000
  0.000000
  0.000000
  0.000000
  0.000000
  0.000000
  0.000000
  0.000000
  0.000000
  0.000000
  0.000000
  0.000000
  0.000000
  0.000000
  0.000000
  0.000000
  0.016847
  0.016835
  0.016812
  0.016778
  0.016732
  0.016670
  0.016592
  0.016496
  0.016381
  0.016240
  0.016072
  0.015907
  0.015831
  0.015961
  0.000000
  0.000000
  0.000000
  0.000000
  0.000000
  0.000000
  0.000000
  0.000000
  0.000000
  0.000000
  0.000000
  0.000000
  0.000000
  0.000000
  0.000000
  0.000000
  0.016484
  0.016467
  0.016439
  0.016399
  0.016347
  0.016282
  0.016204
  0.016118
  0.016026
  0.015934
  0.015855
  0.015818
  0.015852
  0.015884
 -0.000000
  0.000000
  0.000000
  0.000000
  0.000000
  0.000000
  0.000000
  0.000000
  0.000000
  0.000000
  0.000000
  0.000000
  0.000000
  0.000000
  0.000000
  0.000000
  0.016112
  0.016096
  0.016070
  0.016033
  0.015988
  0.015933
  0.015872
  0.015807
  0.015743
  0.015680
  0.015615
  0.015534
  0.015388
  0.015126
  0.015029
  0.000000
  0.000000
  0.000000
  0.000000
  0.000000
  0.000000
  0.000000
  0.000000
  0.000000
  0.000000
  0.000000
  0.000000
  0.000000
  0.000000
  0.000000
  0.015760
  0.015748
  0.015727
  0.015699
  0.015664
  0.015625
  0.015580
  0.015533
  0.015485
  0.015431
  0.015368
  0.015293
  0.015214
  0.015202
  0.015278
  0.000000
  0.000000
  0.000000
  0.000000
  0.000000
  0.000000
  0.000000
  0.000000
  0.000000
  0.000000
  0.000000
  0.000000
  0.000000
  0.000000
  0.000000
  0.015442
  0.015433
  0.015418
  0.015399
  0.015375
  0.015347
  0.015314
  0.015279
  0.015240
  0.015198
  0.015155
  0.015120
  0.015111
  0.015144
  0.015147
 -0.000000
  0.000000
  0.000000
  0.000000
  0.000000
  0.000000
  0.000000
  0.000000
  0.000000
  0.000000
  0.000000
  0.000000
  0.000000
  0.000000
  0.000000
  0.015159
  0.015153
  0.015143
  0.015129
  0.015110
  0.015088
  0.015061
  0.015030
  0.014994
  0.014953
  0.014905
  0.014845
  0.014754
  0.014580
  0.014303
  0.014070
  0.000000
  0.000000
  0.000000
  0.000000
  0.000000
  0.000000
  0.000000
  0.000000
  0.000000
  0.000000
  0.000000
  0.000000
  0.000000
  0.000000
  0.014905
  0.014901
  0.014892
  0.014880
  0.014863
  0.014841
  0.014814
  0.014780
  0.014739
  0.014689
  0.014626
  0.014544
  0.014439
  0.014321
  0.014273
  0.014319
 -0.000000
  0.000000
  0.000000
  0.000000
  0.000000
  0.000000
  0.000000
  0.000000
  0.000000
  0.000000
  0.000000
  0.000000
  0.000000
  0.000000
  0.014674
  0.014670
  0.014661
  0.014648
  0.014630
  0.014606
  0.014576
  0.014539
  0.014493
  0.014440
  0.014375
  0.014301
  0.014221
  0.014143
  0.014069
  0.013952
  0.013828
  0.000000
  0.000000
  0.000000
  0.000000
  0.000000
  0.000000
  0.000000
  0.000000
  0.000000
  0.000000
  0.000000
  0.000000
  0.000000
  0.014462
  0.014457
  0.014448
  0.014433
  0.014414
  0.014390
  0.014360
  0.014324
  0.014283
  0.014237
  0.014189
  0.014140
  0.014095
  0.014060
  0.014043
  0.014058
  0.014078
 -0.000000
  0.000000
  0.000000
  0.000000
  0.000000
  0.000000
  0.000000
  0.000000
  0.000000
  0.000000
  0.000000
  0.000000
  0.000000
  0.014270
  0.014265
  0.014256
  0.014243
  0.014226
  0.014205
  0.014180
  0.014152
  0.014123
  0.014094
  0.014067
  0.014043
  0.014026
  0.014015
  0.014007
  0.013986
  0.013919
  0.013853
  0.000000
  0.000000
  0.000000
  0.000000
  0.000000
  0.000000
  0.000000
  0.000000
  0.000000
  0.000000
  0.000000
  0.000000
  0.014104
  0.014101
  0.014094
  0.014084
  0.014072
  0.014058
  0.014043
  0.014027
  0.014013
  0.014001
  0.013993
  0.013990
  0.013991
  0.014000
  0.014017
  0.014045
  0.014081
  0.014102
  0.000000
  0.000000
  0.000000
  0.000000
  0.000000
  0.000000
  0.000000
  0.000000
  0.000000
  0.000000
  0.000000
  0.000000
  0.013971
  0.013969
  0.013965
  0.013961
  0.013955
  0.013950
  0.013945
  0.013941
  0.013939
  0.013940
  0.013945
  0.013953
  0.013965
  0.013984
  0.014012
  0.014051
  0.014081
  0.014075
 -0.000000
  0.000000
  0.000000
  0.000000
  0.000000
  0.000000
  0.000000
  0.000000
  0.000000
  0.000000
  0.000000
  0.000000
  0.013872
  0.013872
  0.013871
  0.013871
  0.013872
  0.013872
  0.013874
  0.013878
  0.013882
  0.013888
  0.013894
  0.013899
  0.013903
  0.013902
  0.013888
  0.013843
  0.013743
  0.013595
  0.013456
  0.000000
  0.000000
  0.000000
  0.000000
  0.000000
  0.000000
  0.000000
  0.000000
  0.000000
  0.000000
  0.000000
  0.013802
  0.013803
  0.013806
  0.013808
  0.013811
  0.013815
  0.013819
  0.013822
  0.013826
  0.013827
  0.013826
  0.013820
  0.013808
  0.013787
  0.013753
  0.013707
  0.013668
  0.013667
  0.013696
 -0.000000
  0.000000
  0.000000
  0.000000
  0.000000
  0.000000
  0.000000
  0.000000
  0.000000
  0.000000
  0.000000
  0.013754
  0.013756
  0.013759
  0.013761
  0.013764
  0.013766
  0.013767
  0.013768
  0.013766
  0.013761
  0.013752
  0.013739
  0.013721
  0.013698
  0.013673
  0.013649
  0.013632
  0.013609
  0.013552
  0.013490
  0.000000
  0.000000
  0.000000
  0.000000
  0.000000
  0.000000
  0.000000
  0.000000
  0.000000
  0.000000
  0.013718
  0.013720
  0.013721
  0.013723
  0.013723
  0.013722
  0.013720
  0.013716
  0.013711
  0.013703
  0.013693
  0.013681
  0.013669
  0.013657
  0.013650
  0.013651
  0.013664
  0.013686
  0.013717
  0.013739
  0.000000
  0.000000
  0.000000
  0.000000
  0.000000
  0.000000
  0.000000
  0.000000
  0.000000
  0.000000
  0.013688
  0.013689
  0.013690
  0.013689
  0.013687
  0.013685
  0.013681
  0.013676
  0.013670
  0.013663
  0.013656
  0.013650
  0.013647
  0.013647
  0.013653
  0.013667
  0.013690
  0.013719
  0.013744
  0.013742
 -0.000000
  0.000000
  0.000000
  0.000000
  0.000000
  0.000000
  0.000000
  0.000000
  0.000000
  0.000000
  0.013663
  0.013664
  0.013663
  0.013662
  0.013659
  0.013656
  0.013652
  0.013648
  0.013644
  0.013640
  0.013636
  0.013634
  0.013633
  0.013633
  0.013632
  0.013628
  0.013614
  0.013574
  0.013494
  0.013376
  0.013263
  0.000000
  0.000000
  0.000000
  0.000000
  0.000000
  0.000000
  0.000000
  0.000000
  0.000000
  0.013645
  0.013645
  0.013644
  0.013643
  0.013641
  0.013638
  0.013635
  0.013632
  0.013629
  0.013626
  0.013622
  0.013619
  0.013613
  0.013606
  0.013594
  0.013575
  0.013547
  0.013513
  0.013487
  0.013489
  0.013512
 -0.000000
  0.000000
  0.000000
  0.000000
  0.000000
  0.000000
  0.000000
  0.000000
  0.000000
  0.013638
  0.013638
  0.013637
  0.013636
  0.013634
  0.013632
  0.013630
  0.013627
  0.013624
  0.013620
  0.013615
  0.013608
  0.013599
  0.013588
  0.013574
  0.013557
  0.013540
  0.013526
  0.013517
  0.013501
  0.013458
  0.013412
  0.000000
  0.000000
  0.000000
  0.000000
  0.000000
  0.000000
  0.000000
  0.000000
  0.013645
  0.013645
  0.013644
  0.013643
  0.013642
  0.013640
  0.013638
  0.013635
  0.013631
  0.013627
  0.013622
  0.013615
  0.013608
  0.013600
  0.013593
  0.013588
  0.013587
  0.013592
  0.013605
  0.013624
  0.013647
  0.013662
  0.000000
  0.000000
  0.000000
  0.000000
  0.000000
  0.000000
  0.000000
  0.000000
  0.013670
  0.013670
  0.013669
  0.013668
  0.013666
  0.013665
  0.013663
  0.013660
  0.013658
  0.013654
  0.013651
  0.013648
  0.013645
  0.013643
  0.013644
  0.013647
  0.013656
  0.013669
  0.013689
  0.013712
  0.013731
  0.013730
 -0.000000
  0.000000
  0.000000
  0.000000
  0.000000
  0.000000
  0.000000
  0.000000
  0.013715
  0.013714
  0.013713
  0.013712
  0.013711
  0.013710
  0.013709
  0.013707
  0.013706
  0.013704
  0.013703
  0.013703
  0.013703
  0.013704
  0.013705
  0.013707
  0.013709
  0.013707
  0.013697
  0.013670
  0.013615
  0.013534
  0.013457
  0.000000
  0.000000
  0.000000
  0.000000
  0.000000
  0.000000
  0.000000
  0.013779
  0.013778
  0.013778
  0.013777
  0.013776
  0.013776
  0.013775
  0.013774
  0.013774
  0.013773
  0.013773
  0.013773
  0.013772
  0.013771
  0.013769
  0.013765
  0.013758
  0.013746
  0.013729
  0.013709
  0.013695
  0.013696
  0.013707
 -0.000000
  0.000000
  0.000000
  0.000000
  0.000000
  0.000000
  0.000000
  0.013859
  0.013859
  0.013858
  0.013858
  0.013858
  0.013858
  0.013857
  0.013857
  0.013857
  0.013856
  0.013856
  0.013854
  0.013852
  0.013849
  0.013845
  0.013839
  0.013831
  0.013821
  0.013812
  0.013804
  0.013797
  0.013782
  0.013751
  0.013714
  0.000000
  0.000000
  0.000000
  0.000000
  0.000000
  0.000000
  0.013951
  0.013951
  0.013951
  0.013951
  0.013951
  0.013951
  0.013951
  0.013951
  0.013951
  0.013950
  0.013950
  0.013949
  0.013947
  0.013945
  0.013942
  0.013939
  0.013937
  0.013935
  0.013936
  0.013940
  0.013946
  0.013953
  0.013959
  0.013959
 -0.000000
  0.000000
  0.000000
  0.000000
  0.000000
  0.000000
  0.014049
  0.014049
  0.014050
  0.014050
  0.014051
  0.014051
  0.014052
  0.014053
  0.014053
  0.014054
  0.014054
  0.014055
  0.014056
  0.014057
  0.014059
  0.014062
  0.014066
  0.014073
  0.014081
  0.014092
  0.014103
  0.014111
  0.014109
  0.014093
  0.014074
  0.000000
  0.000000
  0.000000
  0.000000
  0.000000
  0.014152
  0.014152
  0.014153
  0.014154
  0.014155
  0.014156
  0.014158
  0.014160
  0.014162
  0.014164
  0.014168
  0.014171
  0.014176
  0.014181
  0.014188
  0.014196
  0.014206
  0.014218
  0.014232
  0.014249
  0.014268
  0.014288
  0.014306
  0.014315
  0.014318
  0.000000
  0.000000
  0.000000
  0.000000
  0.000000
  0.014258
  0.014258
  0.014259
  0.014261
  0.014263
  0.014265
  0.014268
  0.014272
  0.014276
  0.014280
  0.014286
  0.014292
  0.014300
  0.014308
  0.014318
  0.014330
  0.014343
  0.014359
  0.014377
  0.014399
  0.014424
  0.014450
  0.014476
  0.014493
  0.014499
  0.000000
  0.000000
  0.000000
  0.000000
  0.000000
  0.014368
  0.014368
  0.014370
  0.014372
  0.014375
  0.014378
  0.014382
  0.014387
  0.014392
  0.014398
  0.014406
  0.014414
  0.014423
  0.014433
  0.014444
  0.014457
  0.014471
  0.014487
  0.014504
  0.014523
  0.014543
  0.014563
  0.014579
  0.014586
  0.014582
 -0.000000
  0.000000
  0.000000
  0.000000
  0.000000
  0.014482
  0.014483
  0.014485
  0.014488
  0.014491
  0.014495
  0.014499
  0.014504
  0.014510
  0.014517
  0.014525
  0.014533
  0.014543
  0.014553
  0.014564
  0.014575
  0.014587
  0.014600
  0.014612
  0.014624
  0.014633
  0.014636
  0.014630
  0.014608
  0.014572
  0.014546
  0.000000
  0.000000
  0.000000
  0.000000
  0.014600
  0.014601
  0.014603
  0.014606
  0.014609
  0.014613
  0.014618
  0.014623
  0.014629
  0.014636
  0.014643
  0.014651
  0.014660
  0.014669
  0.014678
  0.014688
  0.014699
  0.014709
  0.014719
  0.014730
  0.014740
  0.014750
  0.014760
  0.014772
  0.014783
  0.014795
  0.000000
  0.000000
  0.000000
  0.000000
  0.014720
  0.014721
  0.014723
  0.014726
  0.014729
  0.014732
  0.014737
  0.014741
  0.014747
  0.014753
  0.014760
  0.014767
  0.014775
  0.014783
  0.014792
  0.014801
  0.014811
  0.014822
  0.014835
  0.014849
  0.014866
  0.014887
  0.014913
  0.014939
  0.014961
  0.014976
  0.000000
  0.000000
  0.000000
  0.000000
  0.014840
  0.014841
  0.014842
  0.014845
  0.014848
  0.014851
  0.014855
  0.014859
  0.014864
  0.014870
  0.014876
  0.014882
  0.014889
  0.014897
  0.014905
  0.014914
  0.014923
  0.014934
  0.014947
  0.014962
  0.014980
  0.015001
  0.015023
  0.015044
  0.015060
  0.015069
  0.000000
  0.000000
  0.000000
  0.000000
  0.014957
  0.014958
  0.014960
  0.014962
  0.014965
  0.014968
  0.014971
  0.014975
  0.014979
  0.014984
  0.014989
  0.014995
  0.015001
  0.015007
  0.015014
  0.015021
  0.015029
  0.015038
  0.015047
  0.015056
  0.015066
  0.015075
  0.015082
  0.015085
  0.015082
  0.015074
 -0.000000
  0.000000
  0.000000
  0.000000
  0.015073
  0.015074
  0.015076
  0.015078
  0.015081
  0.015083
  0.015086
  0.015089
  0.015093
  0.015097
  0.015101
  0.015105
  0.015110
  0.015115
  0.015120
  0.015125
  0.015129
  0.015134
  0.015137
  0.015139
  0.015138
  0.015134
  0.015122
  0.015100
  0.015065
  0.015015
  0.015001
  0.000000
  0.000000
  0.000000
  0.015189
  0.015190
  0.015191
  0.015193
  0.015195
  0.015197
  0.015199
  0.015202
  0.015205
  0.015208
  0.015211
  0.015215
  0.015218
  0.015222
  0.015225
  0.015229
  0.015231
  0.015234
  0.015235
  0.015235
  0.015235
  0.015232
  0.015229
  0.015227
  0.015228
  0.015236
  0.015250
  0.000000
  0.000000
  0.000000
  0.015304
  0.015305
  0.015305
  0.015307
  0.015308
  0.015310
  0.015312
  0.015314
  0.015317
  0.015319
  0.015322
  0.015325
  0.015328
  0.015331
  0.015334
  0.015338
  0.015341
  0.015344
  0.015348
  0.015352
  0.015357
  0.015365
  0.015377
  0.015393
  0.015413
  0.015434
  0.015451
  0.000000
  0.000000
  0.000000
  0.015418
  0.015418
  0.015419
  0.015420
  0.015421
  0.015423
  0.015425
  0.015427
  0.015429
  0.015432
  0.015434
  0.015437
  0.015440
  0.015444
  0.015447
  0.015451
  0.015456
  0.015460
  0.015466
  0.015473
  0.015482
  0.015494
  0.015508
  0.015524
  0.015540
  0.015555
  0.015566
  0.000000
  0.000000
  0.000000
  0.015531
  0.015531
  0.015532
  0.015533
  0.015534
  0.015536
  0.015538
  0.015540
  0.015542
  0.015545
  0.015548
  0.015551
  0.015555
  0.015558
  0.015562
  0.015566
  0.015571
  0.015576
  0.015581
  0.015587
  0.015593
  0.015600
  0.015606
  0.015610
  0.015611
  0.015609
  0.015603
 -0.000000
  0.000000
  0.000000
  0.015642
  0.015643
  0.015644
  0.015646
  0.015647
  0.015649
  0.015651
  0.015654
  0.015656
  0.015659
  0.015663
  0.015666
  0.015670
  0.015674
  0.015678
  0.015682
  0.015686
  0.015690
  0.015694
  0.015697
  0.015698
  0.015698
  0.015694
  0.015684
  0.015666
  0.015636
  0.015592
  0.015589
  0.000000
  0.000000
  0.015756
  0.015756
  0.015758
  0.015759
  0.015761
  0.015763
  0.015766
  0.015768
  0.015771
  0.015775
  0.015778
  0.015782
  0.015786
  0.015790
  0.015795
  0.015799
  0.015804
  0.015808
  0.015812
  0.015815
  0.015818
  0.015820
  0.015821
  0.015820
  0.015820
  0.015821
  0.015827
  0.015839
  0.000000
  0.000000
  0.015871
  0.015871
  0.015872
  0.015874
  0.015876
  0.015878
  0.015880
  0.015883
  0.015887
  0.015890
  0.015895
  0.015899
  0.015904
  0.015909
  0.015914
  0.015920
  0.015926
  0.015933
  0.015940
  0.015947
  0.015956
  0.015966
  0.015978
  0.015992
  0.016010
  0.016030
  0.016050
  0.016066
  0.000000
  0.000000
  0.015986
  0.015986
  0.015987
  0.015988
  0.015990
  0.015992
  0.015995
  0.015998
  0.016002
  0.016006
  0.016011
  0.016016
  0.016022
  0.016028
  0.016035
  0.016043
  0.016051
  0.016061
  0.016071
  0.016083
  0.016097
  0.016112
  0.016131
  0.016152
  0.016175
  0.016197
  0.016217
  0.016231
  0.000000
  0.000000
  0.016098
  0.016099
  0.016099
  0.016101
  0.016103
  0.016105
  0.016108
  0.016112
  0.016116
  0.016121
  0.016126
  0.016132
  0.016139
  0.016146
  0.016155
  0.016164
  0.016174
  0.016185
  0.016197
  0.016211
  0.016226
  0.016244
  0.016263
  0.016284
  0.016306
  0.016326
  0.016342
  0.016353
  0.000000
  0.000000
  0.016207
  0.016208
  0.016209
  0.016211
  0.016213
  0.016216
  0.016220
  0.016224
  0.016228
  0.016233
  0.016239
  0.016245
  0.016253
  0.016260
  0.016269
  0.016279
  0.016289
  0.016300
  0.016313
  0.016327
  0.016341
  0.016358
  0.016375
  0.016394
  0.016412
  0.016429
  0.016442
  0.016451
  0.000000
  0.000000
  0.016314
  0.016315
  0.016317
  0.016319
  0.016322
  0.016325
  0.016328
  0.016332
  0.016337
  0.016342
  0.016348
  0.016354
  0.016361
  0.016369
  0.016378
  0.016387
  0.016397
  0.016407
  0.016419
  0.016431
  0.016444
  0.016458
  0.016473
  0.016489
  0.016504
  0.016517
  0.016528
  0.016535
  0.000000
  0.000000
  0.016421
  0.016422
  0.016424
  0.016426
  0.016428
  0.016431
  0.016434
  0.016438
  0.016443
  0.016448
  0.016453
  0.016459
  0.016466
  0.016473
  0.016481
  0.016489
  0.016498
  0.016507
  0.016517
  0.016527
  0.016539
  0.016550
  0.016563
  0.016575
  0.016588
  0.016598
  0.016607
  0.016613
  0.000000
  0.000000
  0.016527
  0.016527
  0.016528
  0.016530
  0.016532
  0.016535
  0.016538
  0.016541
  0.016545
  0.016550
  0.016554
  0.016560
  0.016566
  0.016572
  0.016579
  0.016586
  0.016594
  0.016602
  0.016610
  0.016619
  0.016628
  0.016637
  0.016647
  0.016658
  0.016667
  0.016676
  0.016683
  0.016687
  0.000000
  0.000000
  0.016629
  0.016630
  0.016631
  0.016632
  0.016634
  0.016636
  0.016638
  0.016641
  0.016645
  0.016649
  0.016653
  0.016657
  0.016663
  0.016668
  0.016674
  0.016680
  0.016686
  0.016693
  0.016700
  0.016707
  0.016714
  0.016722
  0.016730
  0.016738
  0.016746
  0.016753
  0.016758
  0.016762
  0.000000
  0.000000
  0.016730
  0.016730
  0.016730
  0.016731
  0.016732
  0.016734
  0.016736
  0.016739
  0.016742
  0.016745
  0.016749
  0.016752
  0.016757
  0.016761
  0.016766
  0.016771
  0.016776
  0.016782
  0.016787
  0.016793
  0.016799
  0.016805
  0.016812
  0.016818
  0.016825
  0.016830
  0.016835
  0.016837
  0.000000
  0.000000
  0.016827
  0.016827
  0.016827
  0.016828
  0.016829
  0.016831
  0.016832
  0.016834
  0.016837
  0.016839
  0.016842
  0.016846
  0.016849
  0.016853
  0.016857
  0.016861
  0.016865
  0.016870
  0.016874
  0.016879
  0.016884
  0.016889
  0.016894
  0.016899
  0.016904
  0.016909
  0.016912
  0.016914
  0.000000
  0.000000
  0.016922
  0.016922
  0.016922
  0.016923
  0.016924
  0.016925
  0.016927
  0.016928
  0.016930
  0.016933
  0.016935
  0.016938
  0.016940
  0.016943
  0.016947
  0.016950
  0.016953
  0.016957
  0.016961
  0.016965
  0.016969
  0.016973
  0.016977
  0.016981
  0.016985
  0.016989
  0.016992
  0.016993
  0.000000
  0.000000
  0.017016
  0.017016
  0.017017
  0.017017
  0.017018
  0.017019
  0.017020
  0.017022
  0.017023
  0.017025
  0.017027
  0.017029
  0.017031
  0.017034
  0.017036
  0.017039
  0.017042
  0.017045
  0.017048
  0.017051
  0.017054
  0.017058
  0.017061
  0.017064
  0.017068
  0.017071
  0.017073
  0.017075
  0.000000
  0.000000
  0.017110
  0.017110
  0.017110
  0.017111
  0.017112
  0.017112
  0.017113
  0.017114
  0.017116
  0.017117
  0.017119
  0.017120
  0.017122
  0.017124
  0.017126
  0.017129
  0.017131
  0.017133
  0.017136
  0.017138
  0.017141
  0.017144
  0.017147
  0.017149
  0.017152
  0.017155
  0.017157
  0.017158
  0.000000
  0.000000
  0.017204
  0.017204
  0.017204
  0.017205
  0.017205
  0.017206
  0.017207
  0.017208
  0.017209
  0.017210
  0.017211
  0.017212
  0.017214
  0.017216
  0.017217
  0.017219
  0.017221
  0.017223
  0.017225
  0.017227
  0.017229
  0.017232
  0.017234
  0.017236
  0.017239
  0.017241
  0.017242
  0.017243
  0.000000
  0.000000
  0.017299
  0.017299
  0.017299
  0.017299
  0.017299
  0.017300
  0.017301
  0.017301
  0.017302
  0.017303
  0.017304
  0.017305
  0.017306
  0.017308
  0.017309
  0.017311
  0.017312
  0.017314
  0.017316
  0.017317
  0.017319
  0.017321
  0.017323
  0.017325
  0.017327
  0.017329
  0.017330
  0.017331
  0.000000
  0.000000
  0.017394
  0.017394
  0.017394
  0.017394
  0.017395
  0.017395
  0.017395
  0.017396
  0.017397
  0.017397
  0.017398
  0.017399
  0.017400
  0.017401
  0.017402
  0.017404
  0.017405
  0.017406
  0.017408
  0.017409
  0.017411
  0.017412
  0.017414
  0.017416
  0.017417
  0.017419
  0.017420
  0.017421
  0.000000
  0.000000
  0.017491
  0.017491
  0.017491
  0.017491
  0.017491
  0.017491
  0.017491
  0.017492
  0.017492
  0.017493
  0.017494
  0.017495
  0.017495
  0.017496
  0.017497
  0.017498
  0.017499
  0.017501
  0.017502
  0.017503
  0.017504
  0.017506
  0.017507
  0.017508
  0.017510
  0.017511
  0.017512
  0.017513
  0.000000
  0.000000
  0.017588
  0.017588
  0.017588
  0.017588
  0.017588
  0.017589
  0.017589
  0.017589
  0.017590
  0.017590
  0.017591
  0.017592
  0.017592
  0.017593
  0.017594
  0.017595
  0.017596
  0.017597
  0.017598
  0.017599
  0.017600
  0.017601
  0.017602
  0.017603
  0.017605
  0.017606
  0.017607
  0.017608
  0.000000
  0.000000
  0.017687
  0.017687
  0.017687
  0.017687
  0.017688
  0.017688
  0.017688
  0.017688
  0.017689
  0.017689
  0.017690
  0.017690
  0.017691
  0.017692
  0.017692
  0.017693
  0.017694
  0.017695
  0.017696
  0.017697
  0.017698
  0.017699
  0.017700
  0.017701
  0.017702
  0.017703
  0.017704
  0.017704
  0.000000
  0.000000
  0.017788
  0.017788
  0.017788
  0.017789
  0.017789
  0.017789
  0.017789
  0.017790
  0.017790
  0.017790
  0.017791
  0.017791
  0.017792
  0.017792
  0.017793
  0.017794
  0.017794
  0.017795
  0.017796
  0.017797
  0.017797
  0.017798
  0.017799
  0.017800
  0.017801
  0.017802
  0.017803
  0.017803
  0.000000
  0.000000
  0.017892
  0.017892
  0.017892
  0.017892
  0.017892
  0.017892
  0.017892
  0.017893
  0.017893
  0.017893
  0.017894
  0.017894
  0.017895
  0.017895
  0.017896
  0.017896
  0.017897
  0.017897
  0.017898
  0.017899
  0.017899
  0.017900
  0.017901
  0.017902
  0.017903
  0.017904
  0.017904
  0.017905
  0.000000
  0.000000
  0.017998
  0.017998
  0.017998
  0.017998
  0.017998
  0.017998
  0.017998
  0.017998
  0.017998
  0.017999
  0.017999
  0.017999
  0.018000
  0.018000
  0.018001
  0.018001
  0.018001
  0.018002
  0.018003
  0.018003
  0.018004
  0.018004
  0.018005
  0.018006
  0.018007
  0.018008
  0.018008
  0.018009
  0.000000
  0.000000
  0.018106
  0.018106
  0.018106
  0.018106
  0.018106
  0.018106
  0.018106
  0.018106
  0.018106
  0.018106
  0.018107
  0.018107
  0.018107
  0.018107
  0.018108
  0.018108
  0.018109
  0.018109
  0.018109
  0.018110
  0.018110
  0.018111
  0.018112
  0.018112
  0.018113
  0.018114
  0.018114
  0.018115
  0.000000
  0.000000
  0.018216
  0.018216
  0.018216
  0.018216
  0.018216
  0.018216
  0.018216
  0.018216
  0.018216
  0.018216
  0.018216
  0.018217
  0.018217
  0.018217
  0.018217
  0.018218
  0.018218
  0.018218
  0.018219
  0.018219
  0.018220
  0.018220
  0.018221
  0.018221
  0.018222
  0.018223
  0.018223
  0.018224
  0.000000
  0.000000
  0.018329
  0.018329
  0.018328
  0.018328
  0.018328
  0.018328
  0.018328
  0.018328
  0.018328
  0.018329
  0.018329
  0.018329
  0.018329
  0.018329
  0.018329
  0.018330
  0.018330
  0.018330
  0.018331
  0.018331
  0.018332
  0.018332
  0.018333
  0.018333
  0.018334
  0.018334
  0.018335
  0.018335
  0.000000
  0.000000
  0.018444
  0.018443
  0.018443
  0.018443
  0.018443
  0.018443
  0.018443
  0.018443
  0.018443
  0.018443
  0.018443
  0.018444
  0.018444
  0.018444
  0.018444
  0.018444
  0.018445
  0.018445
  0.018445
  0.018446
  0.018446
  0.018447
  0.018447
  0.018448
  0.018448
  0.018449
  0.018449
  0.018449
  0.000000
  0.000000
  0.018561
  0.018561
  0.018561
  0.018561
  0.018561
  0.018561
  0.018561
  0.018561
  0.018561
  0.018561
  0.018561
  0.018561
  0.018561
  0.018561
  0.018562
  0.018562
  0.018562
  0.018562
  0.018563
  0.018563
  0.018563
  0.018564
  0.018564
  0.018565
  0.018565
  0.018566
  0.018566
  0.018567
  0.000000
  0.000000
  0.018681
  0.018681
  0.018681
  0.018681
  0.018681
  0.018681
  0.018681
  0.018681
  0.018681
  0.018681
  0.018681
  0.018681
  0.018681
  0.018681
  0.018682
  0.018682
  0.018682
  0.018682
  0.018683
  0.018683
  0.018683
  0.018684
  0.018684
  0.018685
  0.018685
  0.018686
  0.018686
  0.018687
  0.000000
  0.000000
  0.018803
  0.018803
  0.018803
  0.018803
  0.018803
  0.018803
  0.018803
  0.018803
  0.018803
  0.018804
  0.018804
  0.018804
  0.018804
  0.018804
  0.018804
  0.018805
  0.018805
  0.018805
  0.018806
  0.018806
  0.018806
  0.018807
  0.018807
  0.018808
  0.018808
  0.018809
  0.018809
  0.018809
  0.000000
  0.000000
  0.018929
  0.018929
  0.018929
  0.018929
  0.018929
  0.018929
  0.018929
  0.018929
  0.018929
  0.018929
  0.018929
  0.018929
  0.018930
  0.018930
  0.018930
  0.018930
  0.018931
  0.018931
  0.018931
  0.018931
  0.018932
  0.018932
  0.018933
  0.018933
  0.018934
  0.018934
  0.018934
  0.018935
  0.000000
  0.000000
  0.019057
  0.019057
  0.019057
  0.019057
  0.019057
  0.019057
  0.019057
  0.019057
  0.019057
  0.019057
  0.019057
  0.019058
  0.019058
  0.019058
  0.019058
  0.019058
  0.019059
  0.019059
  0.019059
  0.019060
  0.019060
  0.019060
  0.019061
  0.019061
  0.019062
  0.019062
  0.019062
  0.019063
  0.000000
  0.000000
  0.019188
  0.019188
  0.019188
  0.019188
  0.019188
  0.019188
  0.019188
  0.019188
  0.019188
  0.019188
  0.019188
  0.019188
  0.019188
  0.019189
  0.019189
  0.019189
  0.019189
  0.019190
  0.019190
  0.019190
  0.019191
  0.019191
  0.019191
  0.019192
  0.019192
  0.019193
  0.019193
  0.019193
  0.000000
  0.000000
  0.019322
  0.019322
  0.019322
  0.019321
  0.019321
  0.019321
  0.019321
  0.019321
  0.019321
  0.019321
  0.019322
  0.019322
  0.019322
  0.019322
  0.019322
  0.019322
  0.019323
  0.019323
  0.019323
  0.019323
  0.019324
  0.019324
  0.019324
  0.019325
  0.019325
  0.019325
  0.019325
  0.019326
  0.000000
  0.000000
  0.019458
  0.019458
  0.019457
  0.019457
  0.019457
  0.019457
  0.019457
  0.019457
  0.019457
  0.019457
  0.019457
  0.019457
  0.019458
  0.019458
  0.019458
  0.019458
  0.019458
  0.019458
  0.019459
  0.019459
  0.019459
  0.019459
  0.019460
  0.019460
  0.019460
  0.019460
  0.019461
  0.019461
  0.000000
  0.000000
  0.019596
  0.019596
  0.019596
  0.019596
  0.019596
  0.019596
  0.019596
  0.019596
  0.019596
  0.019596
  0.019596
  0.019596
  0.019596
  0.019596
  0.019596
  0.019596
  0.019597
  0.019597
  0.019597
  0.019597
  0.019597
  0.019597
  0.019598
  0.019598
  0.019598
  0.019598
  0.019598
  0.019598
  0.000000
  0.000000
  0.019738
  0.019737
  0.019737
  0.019737
  0.019737
  0.019737
  0.019736
  0.019736
  0.019736
  0.019737
  0.019737
  0.019737
  0.019737
  0.019737
  0.019737
  0.019737
  0.019737
  0.019738
  0.019738
  0.019738
  0.019738
  0.019738
  0.019738
  0.019739
  0.019739
  0.019739
  0.019739
  0.019739
  0.000000
  0.000000
  0.019881
  0.019880
  0.019880
  0.019880
  0.019880
  0.019880
  0.019880
  0.019880
  0.019880
  0.019880
  0.019880
  0.019880
  0.019880
  0.019880
  0.019880
  0.019881
  0.019881
  0.019881
  0.019881
  0.019881
  0.019882
  0.019882
  0.019882
  0.019882
  0.019882
  0.019883
  0.019883
  0.019883
  0.000000
  0.000000
  0.020025
  0.020025
  0.020025
  0.020025
  0.020025
  0.020025
  0.020025
  0.020026
  0.020026
  0.020026
  0.020026
  0.020026
  0.020026
  0.020026
  0.020027
  0.020027
  0.020027
  0.020027
  0.020027
  0.020028
  0.020028
  0.020028
  0.020029
  0.020029
  0.020029
  0.020029
  0.020030
  0.020030
  0.000000
  0.000000
  0.020173
  0.020173
  0.020173
  0.020174
  0.020174
  0.020174
  0.020174
  0.020174
  0.020174
  0.020174
  0.020174
  0.020175
  0.020175
  0.020175
  0.020175
  0.020176
  0.020176
  0.020176
  0.020177
  0.020177
  0.020177
  0.020178
  0.020178
  0.020178
  0.020179
  0.020179
  0.020179
  0.020179
  0.000000
  0.000000
  0.020325
  0.020325
  0.020325
  0.020325
  0.020325
  0.020325
  0.020325
  0.020325
  0.020325
  0.020326
  0.020326
  0.020326
  0.020326
  0.020326
  0.020327
  0.020327
  0.020328
  0.020328
  0.020328
  0.020329
  0.020329
  0.020330
  0.020330
  0.020331
  0.020331
  0.020332
  0.020332
  0.020332
  0.000000
  0.000000
  0.020481
  0.020481
  0.020480
  0.020480
  0.020480
  0.020480
  0.020479
  0.020479
  0.020479
  0.020480
  0.020480
  0.020480
  0.020480
  0.020480
  0.020481
  0.020481
  0.020482
  0.020482
  0.020483
  0.020484
  0.020484
  0.020485
  0.020486
  0.020487
  0.020488
  0.020488
  0.020489
  0.020489
  0.000000
  0.000000
  0.020640
  0.020639
  0.020638
  0.020637
  0.020637
  0.020636
  0.020636
  0.020636
  0.020636
  0.020636
  0.020636
  0.020636
  0.020636
  0.020637
  0.020637
  0.020638
  0.020638
  0.020639
  0.020640
  0.020640
  0.020642
  0.020643
  0.020644
  0.020646
  0.020647
  0.020648
  0.020649
  0.020650
  0.000000
  0.000000
  0.020662
  0.020661
  0.020659
  0.020658
  0.020658
  0.020657
  0.020657
  0.020657
  0.020657
  0.020657
  0.020657
  0.020657
  0.020657
  0.020657
  0.020658
  0.020658
  0.020659
  0.020659
  0.020660
  0.020661
  0.020663
  0.020664
  0.020666
  0.020669
  0.020673
  0.020677
  0.020681
  0.020683
  0.000000
