-6.07949	0.000612137	
-4.46439	0.00120225	
-2.85061	0.00121767	
0.00001  0.0
1.0      0.0
2.0      0.0 
3.0      0.0
4.0      0.0
5.0      0.0
6.0      0.0
7.0      0.0
7.06128	0.000737647	
10.1141	0.0249038	
11.5239	0.0364111	
12.9045	0.0352749	
14.2957	0.0387364	
15.9082	0.0381771	
17.302	0.0427879	
18.9092	0.0399298	
20.5136	0.0359223	
21.8969	0.0359355	
23.2775	0.0347993	
24.6567	0.0330884	
26.0346	0.0308028	
27.4245	0.0336896	
28.8131	0.0360016	
30.1844	0.0308425	
31.8008	0.0320073	
32.9495	0.0302942	
35.9479	0.0308975	
37.5603	0.0303382	
34.5686	0.0326084	
38.9462	0.0315008	
40.0976	0.0309371	
41.2463	0.029224	
42.6282	0.0286625	
44.0008	0.0240781	
45.6173	0.0252429	
46.7686	0.0246793	
48.6169	0.026421	
49.5364	0.0252804	
50.4533	0.0229904	
52.3056	0.0264562	
53.4543	0.0247431	
55.072	0.0264826	
56.2221	0.0253442	
57.3708	0.0236311	
58.7594	0.0259432	
59.4457	0.0236509	
60.1413	0.0253817	
61.5179	0.0225214	
