Fluid v. 2.7 

Topo [m]=    Dambreak_db3	 Start [hrs]= 0.000	 End [hrs]= 0.019
DT [s]= 0.103	 DX [m]=     0.05	 DY [m]=     0.13	Beginning Mass [kg]=      1417.23095	


  T [hr]   MFlux [kg]   EMass [kg]  DBalance [kg]    TotalMBS [kg]   TotalMFaB [kg]    Q3 [m3/s]    Q1 [m3/s]    Q2 [m3/s]    Q4 [m3/s]

  0.0000  1.41723E+03  1.41723E+03   -1.05501E-10 1.4172309501E+03 1.4172309501E+03  0.00000E+00  0.00000E+00  0.00000E+00  0.00000E+00
  0.0001  0.00000E+00 -1.85992E-10    1.85992E-10 1.4172309501E+03 1.4172309501E+03  0.00000E+00  0.00000E+00  0.00000E+00  0.00000E+00
  0.0001  0.00000E+00  6.13909E-11   -6.13909E-11 1.4172309501E+03 1.4172309501E+03  0.00000E+00  0.00000E+00  0.00000E+00  0.00000E+00
  0.0001  0.00000E+00 -3.27418E-11    3.27418E-11 1.4172309501E+03 1.4172309501E+03  0.00000E+00  0.00000E+00  0.00000E+00  0.00000E+00
  0.0001  0.00000E+00 -8.04903E-11    8.04903E-11 1.4172309501E+03 1.4172309501E+03  0.00000E+00  0.00000E+00  0.00000E+00  0.00000E+00
  0.0002  0.00000E+00  2.47837E-11   -2.47837E-11 1.4172309501E+03 1.4172309501E+03  0.00000E+00  0.00000E+00  0.00000E+00  0.00000E+00
  0.0002  0.00000E+00 -8.04903E-11    8.04903E-11 1.4172309501E+03 1.4172309501E+03  0.00000E+00  0.00000E+00  0.00000E+00  0.00000E+00
  0.0002  0.00000E+00 -8.29914E-11    8.29914E-11 1.4172309501E+03 1.4172309501E+03  0.00000E+00  0.00000E+00  0.00000E+00  0.00000E+00
  0.0003  0.00000E+00  3.56977E-11   -3.56977E-11 1.4172309501E+03 1.4172309501E+03  0.00000E+00  0.00000E+00  0.00000E+00  0.00000E+00
  0.0003  0.00000E+00 -1.48475E-10    1.48475E-10 1.4172309501E+03 1.4172309501E+03  0.00000E+00  0.00000E+00  0.00000E+00  0.00000E+00
  0.0003  0.00000E+00  3.34239E-11   -3.34239E-11 1.4172309501E+03 1.4172309501E+03  0.00000E+00  0.00000E+00  0.00000E+00  0.00000E+00
  0.0003  0.00000E+00  3.61524E-11   -3.61524E-11 1.4172309501E+03 1.4172309501E+03  0.00000E+00  0.00000E+00  0.00000E+00  0.00000E+00
  0.0004  0.00000E+00  4.66116E-11   -4.66116E-11 1.4172309501E+03 1.4172309501E+03  0.00000E+00  0.00000E+00  0.00000E+00  0.00000E+00
  0.0004  0.00000E+00  3.00361E-10   -3.00361E-10 1.4172309501E+03 1.4172309501E+03  0.00000E+00  0.00000E+00  0.00000E+00  0.00000E+00
  0.0004  0.00000E+00  2.59206E-10   -2.59206E-10 1.4172309501E+03 1.4172309501E+03  0.00000E+00  0.00000E+00  0.00000E+00  0.00000E+00
  0.0005  0.00000E+00  1.96906E-10   -1.96906E-10 1.4172309501E+03 1.4172309501E+03  0.00000E+00  0.00000E+00  0.00000E+00  0.00000E+00
  0.0005  0.00000E+00  5.54792E-11   -5.54792E-11 1.4172309501E+03 1.4172309501E+03  0.00000E+00  0.00000E+00  0.00000E+00  0.00000E+00
  0.0005  0.00000E+00  1.51658E-10   -1.51658E-10 1.4172309501E+03 1.4172309501E+03  0.00000E+00  0.00000E+00  0.00000E+00  0.00000E+00
  0.0005  0.00000E+00  2.52385E-10   -2.52385E-10 1.4172309501E+03 1.4172309501E+03  0.00000E+00  0.00000E+00  0.00000E+00  0.00000E+00
  0.0006  0.00000E+00  8.52651E-11   -8.52651E-11 1.4172309501E+03 1.4172309501E+03  0.00000E+00  0.00000E+00  0.00000E+00  0.00000E+00
  0.0006  0.00000E+00  1.74623E-10   -1.74623E-10 1.4172309501E+03 1.4172309501E+03  0.00000E+00  0.00000E+00  0.00000E+00  0.00000E+00
  0.0006  0.00000E+00  4.20641E-11   -4.20641E-11 1.4172309501E+03 1.4172309501E+03  0.00000E+00  0.00000E+00  0.00000E+00  0.00000E+00
  0.0007  0.00000E+00  6.45741E-11   -6.45741E-11 1.4172309501E+03 1.4172309501E+03  0.00000E+00  0.00000E+00  0.00000E+00  0.00000E+00
  0.0007  0.00000E+00 -1.33241E-10    1.33241E-10 1.4172309501E+03 1.4172309501E+03  0.00000E+00  0.00000E+00  0.00000E+00  0.00000E+00
  0.0007  0.00000E+00 -2.72848E-11    2.72848E-11 1.4172309501E+03 1.4172309501E+03  0.00000E+00  0.00000E+00  0.00000E+00  0.00000E+00
  0.0007  0.00000E+00 -9.75433E-11    9.75433E-11 1.4172309501E+03 1.4172309501E+03  0.00000E+00  0.00000E+00  0.00000E+00  0.00000E+00
  0.0008  0.00000E+00 -1.04819E-10    1.04819E-10 1.4172309501E+03 1.4172309501E+03  0.00000E+00  0.00000E+00  0.00000E+00  0.00000E+00
  0.0008  0.00000E+00 -1.06411E-10    1.06411E-10 1.4172309501E+03 1.4172309501E+03  0.00000E+00  0.00000E+00  0.00000E+00  0.00000E+00
  0.0008  0.00000E+00  2.18279E-11   -2.18279E-11 1.4172309501E+03 1.4172309501E+03  0.00000E+00  0.00000E+00  0.00000E+00  0.00000E+00
  0.0009  0.00000E+00 -5.88898E-11    5.88898E-11 1.4172309501E+03 1.4172309501E+03  0.00000E+00  0.00000E+00  0.00000E+00  0.00000E+00
  0.0009  0.00000E+00  4.54747E-13   -4.54747E-13 1.4172309501E+03 1.4172309501E+03  0.00000E+00  0.00000E+00  0.00000E+00  0.00000E+00
  0.0009  0.00000E+00 -4.72937E-11    4.72937E-11 1.4172309501E+03 1.4172309501E+03  0.00000E+00  0.00000E+00  0.00000E+00  0.00000E+00
  0.0009  0.00000E+00  1.00499E-10   -1.00499E-10 1.4172309501E+03 1.4172309501E+03  0.00000E+00  0.00000E+00  0.00000E+00  0.00000E+00
  0.0010  0.00000E+00  7.07132E-11   -7.07132E-11 1.4172309501E+03 1.4172309501E+03  0.00000E+00  0.00000E+00  0.00000E+00  0.00000E+00
  0.0010  0.00000E+00 -7.68523E-11    7.68523E-11 1.4172309501E+03 1.4172309501E+03  0.00000E+00  0.00000E+00  0.00000E+00  0.00000E+00
  0.0010  0.00000E+00 -1.29603E-11    1.29603E-11 1.4172309501E+03 1.4172309501E+03  0.00000E+00  0.00000E+00  0.00000E+00  0.00000E+00
  0.0011  0.00000E+00 -1.29603E-11    1.29603E-11 1.4172309501E+03 1.4172309501E+03  0.00000E+00  0.00000E+00  0.00000E+00  0.00000E+00
  0.0011  0.00000E+00 -9.57243E-11    9.57243E-11 1.4172309501E+03 1.4172309501E+03  0.00000E+00  0.00000E+00  0.00000E+00  0.00000E+00
  0.0011  0.00000E+00  5.31372E-10   -5.31372E-10 1.4172309501E+03 1.4172309501E+03  0.00000E+00  0.00000E+00  0.00000E+00  0.00000E+00
  0.0011  0.00000E+00  4.34738E-10   -4.34738E-10 1.4172309501E+03 1.4172309501E+03  0.00000E+00  0.00000E+00  0.00000E+00  0.00000E+00
  0.0012  0.00000E+00  6.20730E-10   -6.20730E-10 1.4172309501E+03 1.4172309501E+03  0.00000E+00  0.00000E+00  0.00000E+00  0.00000E+00
  0.0012  0.00000E+00  4.99540E-10   -4.99540E-10 1.4172309501E+03 1.4172309501E+03  0.00000E+00  0.00000E+00  0.00000E+00  0.00000E+00
  0.0012  0.00000E+00  4.39513E-10   -4.39513E-10 1.4172309501E+03 1.4172309501E+03  0.00000E+00  0.00000E+00  0.00000E+00  0.00000E+00
  0.0013  0.00000E+00  4.39741E-10   -4.39741E-10 1.4172309501E+03 1.4172309501E+03  0.00000E+00  0.00000E+00  0.00000E+00  0.00000E+00
  0.0013  0.00000E+00  3.54021E-10   -3.54021E-10 1.4172309501E+03 1.4172309501E+03  0.00000E+00  0.00000E+00  0.00000E+00  0.00000E+00
  0.0013  0.00000E+00  4.04270E-10   -4.04270E-10 1.4172309501E+03 1.4172309501E+03  0.00000E+00  0.00000E+00  0.00000E+00  0.00000E+00
  0.0013  0.00000E+00  2.62844E-10   -2.62844E-10 1.4172309501E+03 1.4172309501E+03  0.00000E+00  0.00000E+00  0.00000E+00  0.00000E+00
  0.0014  0.00000E+00  3.14458E-10   -3.14458E-10 1.4172309501E+03 1.4172309501E+03  0.00000E+00  0.00000E+00  0.00000E+00  0.00000E+00
  0.0014  0.00000E+00  3.09683E-10   -3.09683E-10 1.4172309501E+03 1.4172309501E+03  0.00000E+00  0.00000E+00  0.00000E+00  0.00000E+00
  0.0014  0.00000E+00  3.13321E-10   -3.13321E-10 1.4172309501E+03 1.4172309501E+03  0.00000E+00  0.00000E+00  0.00000E+00  0.00000E+00
  0.0015  0.00000E+00  3.69482E-10   -3.69482E-10 1.4172309501E+03 1.4172309501E+03  0.00000E+00  0.00000E+00  0.00000E+00  0.00000E+00
  0.0015  0.00000E+00  3.14458E-10   -3.14458E-10 1.4172309501E+03 1.4172309501E+03  0.00000E+00  0.00000E+00  0.00000E+00  0.00000E+00
  0.0015  0.00000E+00  3.04453E-10   -3.04453E-10 1.4172309501E+03 1.4172309501E+03  0.00000E+00  0.00000E+00  0.00000E+00  0.00000E+00
  0.0015  0.00000E+00  2.35332E-10   -2.35332E-10 1.4172309501E+03 1.4172309501E+03  0.00000E+00  0.00000E+00  0.00000E+00  0.00000E+00
  0.0016  0.00000E+00  2.54659E-10   -2.54659E-10 1.4172309501E+03 1.4172309501E+03  0.00000E+00  0.00000E+00  0.00000E+00  0.00000E+00
  0.0016  0.00000E+00  2.78760E-10   -2.78760E-10 1.4172309501E+03 1.4172309501E+03  0.00000E+00  0.00000E+00  0.00000E+00  0.00000E+00
  0.0016  0.00000E+00  4.16321E-10   -4.16321E-10 1.4172309501E+03 1.4172309501E+03  0.00000E+00  0.00000E+00  0.00000E+00  0.00000E+00
  0.0017  0.00000E+00  3.29237E-10   -3.29237E-10 1.4172309501E+03 1.4172309501E+03  0.00000E+00  0.00000E+00  0.00000E+00  0.00000E+00
  0.0017  0.00000E+00  2.18961E-10   -2.18961E-10 1.4172309501E+03 1.4172309501E+03  0.00000E+00  0.00000E+00  0.00000E+00  0.00000E+00
  0.0017  0.00000E+00  3.90173E-10   -3.90173E-10 1.4172309501E+03 1.4172309501E+03  0.00000E+00  0.00000E+00  0.00000E+00  0.00000E+00
  0.0017  0.00000E+00  3.04681E-10   -3.04681E-10 1.4172309501E+03 1.4172309501E+03  0.00000E+00  0.00000E+00  0.00000E+00  0.00000E+00
  0.0018  0.00000E+00  2.52612E-10   -2.52612E-10 1.4172309501E+03 1.4172309501E+03  0.00000E+00  0.00000E+00  0.00000E+00  0.00000E+00
  0.0018  0.00000E+00  3.51292E-10   -3.51292E-10 1.4172309501E+03 1.4172309501E+03  0.00000E+00  0.00000E+00  0.00000E+00  0.00000E+00
  0.0018  0.00000E+00  3.28555E-10   -3.28555E-10 1.4172309501E+03 1.4172309501E+03  0.00000E+00  0.00000E+00  0.00000E+00  0.00000E+00
  0.0019  0.00000E+00  2.26464E-10   -2.26464E-10 1.4172309501E+03 1.4172309501E+03  0.00000E+00  0.00000E+00  0.00000E+00  0.00000E+00
  0.0019  0.00000E+00  2.47155E-10   -2.47155E-10 1.4172309501E+03 1.4172309501E+03  0.00000E+00  0.00000E+00  0.00000E+00  0.00000E+00
  0.0019  0.00000E+00  2.71029E-10   -2.71029E-10 1.4172309501E+03 1.4172309501E+03  0.00000E+00  0.00000E+00  0.00000E+00  0.00000E+00
  0.0019  0.00000E+00  2.91038E-10   -2.91038E-10 1.4172309501E+03 1.4172309501E+03  0.00000E+00  0.00000E+00  0.00000E+00  0.00000E+00
  0.0020  0.00000E+00  2.58069E-10   -2.58069E-10 1.4172309501E+03 1.4172309501E+03  0.00000E+00  0.00000E+00  0.00000E+00  0.00000E+00
  0.0020  0.00000E+00  3.03544E-10   -3.03544E-10 1.4172309501E+03 1.4172309501E+03  0.00000E+00  0.00000E+00  0.00000E+00  0.00000E+00
  0.0020  0.00000E+00  2.21007E-10   -2.21007E-10 1.4172309501E+03 1.4172309501E+03  0.00000E+00  0.00000E+00  0.00000E+00  0.00000E+00
  0.0021  0.00000E+00  2.19416E-10   -2.19416E-10 1.4172309501E+03 1.4172309501E+03  0.00000E+00  0.00000E+00  0.00000E+00  0.00000E+00
  0.0021  0.00000E+00  1.79170E-10   -1.79170E-10 1.4172309501E+03 1.4172309501E+03  0.00000E+00  0.00000E+00  0.00000E+00  0.00000E+00
  0.0021  0.00000E+00  1.66665E-10   -1.66665E-10 1.4172309501E+03 1.4172309501E+03  0.00000E+00  0.00000E+00  0.00000E+00  0.00000E+00
  0.0021  0.00000E+00  2.39424E-10   -2.39424E-10 1.4172309501E+03 1.4172309501E+03  0.00000E+00  0.00000E+00  0.00000E+00  0.00000E+00
  0.0022  0.00000E+00  1.39835E-10   -1.39835E-10 1.4172309501E+03 1.4172309501E+03  0.00000E+00  0.00000E+00  0.00000E+00  0.00000E+00
  0.0022  0.00000E+00  1.02500E-09   -1.02500E-09 1.4172309501E+03 1.4172309501E+03  0.00000E+00  0.00000E+00  0.00000E+00  0.00000E+00
  0.0022  0.00000E+00  1.01409E-09   -1.01409E-09 1.4172309501E+03 1.4172309501E+03  0.00000E+00  0.00000E+00  0.00000E+00  0.00000E+00
  0.0023  0.00000E+00  9.81117E-10   -9.81117E-10 1.4172309501E+03 1.4172309501E+03  0.00000E+00  0.00000E+00  0.00000E+00  0.00000E+00
  0.0023  0.00000E+00  8.47194E-10   -8.47194E-10 1.4172309501E+03 1.4172309501E+03  0.00000E+00  0.00000E+00  0.00000E+00  0.00000E+00
  0.0023  0.00000E+00  8.81982E-10   -8.81982E-10 1.4172309501E+03 1.4172309501E+03  0.00000E+00  0.00000E+00  0.00000E+00  0.00000E+00
  0.0023  0.00000E+00  8.42647E-10   -8.42647E-10 1.4172309501E+03 1.4172309501E+03  0.00000E+00  0.00000E+00  0.00000E+00  0.00000E+00
  0.0024  0.00000E+00  7.86486E-10   -7.86486E-10 1.4172309501E+03 1.4172309501E+03  0.00000E+00  0.00000E+00  0.00000E+00  0.00000E+00
  0.0024  0.00000E+00  8.20592E-10   -8.20592E-10 1.4172309501E+03 1.4172309501E+03  0.00000E+00  0.00000E+00  0.00000E+00  0.00000E+00
  0.0024  0.00000E+00  7.82393E-10   -7.82393E-10 1.4172309501E+03 1.4172309501E+03  0.00000E+00  0.00000E+00  0.00000E+00  0.00000E+00
  0.0025  0.00000E+00  7.86940E-10   -7.86940E-10 1.4172309501E+03 1.4172309501E+03  0.00000E+00  0.00000E+00  0.00000E+00  0.00000E+00
  0.0025  0.00000E+00  7.48059E-10   -7.48059E-10 1.4172309501E+03 1.4172309501E+03  0.00000E+00  0.00000E+00  0.00000E+00  0.00000E+00
  0.0025  0.00000E+00  7.03494E-10   -7.03494E-10 1.4172309501E+03 1.4172309501E+03  0.00000E+00  0.00000E+00  0.00000E+00  0.00000E+00
  0.0025  0.00000E+00  6.95763E-10   -6.95763E-10 1.4172309501E+03 1.4172309501E+03  0.00000E+00  0.00000E+00  0.00000E+00  0.00000E+00
  0.0026  0.00000E+00  6.93490E-10   -6.93490E-10 1.4172309501E+03 1.4172309501E+03  0.00000E+00  0.00000E+00  0.00000E+00  0.00000E+00
  0.0026  0.00000E+00  6.26642E-10   -6.26642E-10 1.4172309501E+03 1.4172309501E+03  0.00000E+00  0.00000E+00  0.00000E+00  0.00000E+00
  0.0026  0.00000E+00  5.59794E-10   -5.59794E-10 1.4172309501E+03 1.4172309501E+03  0.00000E+00  0.00000E+00  0.00000E+00  0.00000E+00
  0.0027  0.00000E+00  6.12317E-10   -6.12317E-10 1.4172309501E+03 1.4172309501E+03  0.00000E+00  0.00000E+00  0.00000E+00  0.00000E+00
  0.0027  0.00000E+00  5.68207E-10   -5.68207E-10 1.4172309501E+03 1.4172309501E+03  0.00000E+00  0.00000E+00  0.00000E+00  0.00000E+00
  0.0027  0.00000E+00  5.51381E-10   -5.51381E-10 1.4172309501E+03 1.4172309501E+03  0.00000E+00  0.00000E+00  0.00000E+00  0.00000E+00
  0.0027  0.00000E+00  5.64341E-10   -5.64341E-10 1.4172309501E+03 1.4172309501E+03  0.00000E+00  0.00000E+00  0.00000E+00  0.00000E+00
  0.0028  0.00000E+00  5.53882E-10   -5.53882E-10 1.4172309501E+03 1.4172309501E+03  0.00000E+00  0.00000E+00  0.00000E+00  0.00000E+00
  0.0028  0.00000E+00  6.10271E-10   -6.10271E-10 1.4172309501E+03 1.4172309501E+03  0.00000E+00  0.00000E+00  0.00000E+00  0.00000E+00
  0.0028  0.00000E+00  6.50516E-10   -6.50516E-10 1.4172309501E+03 1.4172309501E+03  0.00000E+00  0.00000E+00  0.00000E+00  0.00000E+00
  0.0029  0.00000E+00  5.56611E-10   -5.56611E-10 1.4172309501E+03 1.4172309501E+03  0.00000E+00  0.00000E+00  0.00000E+00  0.00000E+00
  0.0029  0.00000E+00  5.90717E-10   -5.90717E-10 1.4172309501E+03 1.4172309501E+03  0.00000E+00  0.00000E+00  0.00000E+00  0.00000E+00
  0.0029  0.00000E+00  7.09861E-10   -7.09861E-10 1.4172309501E+03 1.4172309501E+03  0.00000E+00  0.00000E+00  0.00000E+00  0.00000E+00
  0.0029 -6.59769E-08 -1.26483E-08   -5.33285E-08 1.4172309501E+03 1.4172309500E+03  0.00000E+00  0.00000E+00  0.00000E+00  6.40552E-10
  0.0030 -2.58357E-07 -1.47454E-08   -2.43612E-07 1.4172309501E+03 1.4172309497E+03  0.00000E+00  0.00000E+00  0.00000E+00  2.50832E-09
  0.0030 -6.11729E-07 -6.05526E-08   -5.51176E-07 1.4172309500E+03 1.4172309491E+03  0.00000E+00  0.00000E+00  0.00000E+00  5.93911E-09
  0.0030 -1.12750E-06 -1.46030E-07   -9.81468E-07 1.4172309499E+03 1.4172309480E+03  0.00000E+00  0.00000E+00  0.00000E+00  1.09466E-08
  0.0031 -1.78198E-06 -2.79927E-07   -1.50205E-06 1.4172309496E+03 1.4172309462E+03  0.00000E+00  0.00000E+00  0.00000E+00  1.73008E-08
  0.0031 -2.54530E-06 -4.63634E-07   -2.08167E-06 1.4172309491E+03 1.4172309437E+03  0.00000E+00  0.00000E+00  0.00000E+00  2.47117E-08
  0.0031 -3.38667E-06 -6.92979E-07   -2.69369E-06 1.4172309484E+03 1.4172309403E+03  0.00000E+00  0.00000E+00  0.00000E+00  3.28803E-08
  0.0031 -4.28409E-06 -9.69642E-07   -3.31444E-06 1.4172309475E+03 1.4172309360E+03  0.00000E+00  0.00000E+00  0.00000E+00  4.15931E-08
  0.0032 -5.22579E-06 -1.28894E-06   -3.93685E-06 1.4172309462E+03 1.4172309308E+03  0.00000E+00  0.00000E+00  0.00000E+00  5.07358E-08
  0.0032 -6.20796E-06 -1.65121E-06   -4.55675E-06 1.4172309445E+03 1.4172309246E+03  0.00000E+00  0.00000E+00  0.00000E+00  6.02715E-08
  0.0032 -7.23153E-06 -2.05649E-06   -5.17504E-06 1.4172309425E+03 1.4172309173E+03  0.00000E+00  0.00000E+00  0.00000E+00  7.02090E-08
  0.0033 -8.29937E-06 -2.50589E-06   -5.79348E-06 1.4172309400E+03 1.4172309090E+03  0.00000E+00  0.00000E+00  0.00000E+00  8.05765E-08
  0.0033 -9.41463E-06 -3.00014E-06   -6.41449E-06 1.4172309370E+03 1.4172308996E+03  0.00000E+00  0.00000E+00  0.00000E+00  9.14042E-08
  0.0033 -1.05743E-05 -3.53900E-06   -7.03532E-06 1.4172309334E+03 1.4172308890E+03  0.00000E+00  0.00000E+00  0.00000E+00  1.02663E-07
  0.0033 -1.17751E-05 -4.12548E-06   -7.64962E-06 1.4172309293E+03 1.4172308773E+03  0.00000E+00  0.00000E+00  0.00000E+00  1.14321E-07
  0.0034 -1.30155E-05 -4.75549E-06   -8.25997E-06 1.4172309245E+03 1.4172308643E+03  0.00000E+00  0.00000E+00  0.00000E+00  1.26364E-07
  0.0034 -1.42960E-05 -5.42978E-06   -8.86626E-06 1.4172309191E+03 1.4172308500E+03  0.00000E+00  0.00000E+00  0.00000E+00  1.38796E-07
  0.0034 -1.56189E-05 -6.14837E-06   -9.47055E-06 1.4172309130E+03 1.4172308343E+03  0.00000E+00  0.00000E+00  0.00000E+00  1.51640E-07
  0.0035 -1.69867E-05 -6.91134E-06   -1.00754E-05 1.4172309060E+03 1.4172308174E+03  0.00000E+00  0.00000E+00  0.00000E+00  1.64919E-07
  0.0035 -1.83961E-05 -7.71834E-06   -1.06778E-05 1.4172308983E+03 1.4172307990E+03  0.00000E+00  0.00000E+00  0.00000E+00  1.78603E-07
  0.0035 -1.98439E-05 -8.57153E-06   -1.12723E-05 1.4172308898E+03 1.4172307791E+03  0.00000E+00  0.00000E+00  0.00000E+00  1.92659E-07
  0.0035 -2.13229E-05 -9.46500E-06   -1.18579E-05 1.4172308803E+03 1.4172307578E+03  0.00000E+00  0.00000E+00  0.00000E+00  2.07019E-07
  0.0036 -2.28289E-05 -1.04020E-05   -1.24269E-05 1.4172308699E+03 1.4172307350E+03  0.00000E+00  0.00000E+00  0.00000E+00  2.21640E-07
  0.0036 -2.43559E-05 -1.13770E-05   -1.29790E-05 1.4172308585E+03 1.4172307106E+03  0.00000E+00  0.00000E+00  0.00000E+00  2.36466E-07
  0.0036 -2.58965E-05 -1.23902E-05   -1.35063E-05 1.4172308461E+03 1.4172306847E+03  0.00000E+00  0.00000E+00  0.00000E+00  2.51422E-07
  0.0037 -2.74474E-05 -1.34399E-05   -1.40075E-05 1.4172308327E+03 1.4172306573E+03  0.00000E+00  0.00000E+00  0.00000E+00  2.66479E-07
  0.0037 -2.90057E-05 -1.45209E-05   -1.44847E-05 1.4172308182E+03 1.4172306283E+03  0.00000E+00  0.00000E+00  0.00000E+00  2.81608E-07
  0.0037 -3.05670E-05 -1.56339E-05   -1.49331E-05 1.4172308025E+03 1.4172305977E+03  0.00000E+00  0.00000E+00  0.00000E+00  2.96767E-07
  0.0037 -3.21260E-05 -1.67760E-05   -1.53501E-05 1.4172307857E+03 1.4172305656E+03  0.00000E+00  0.00000E+00  0.00000E+00  3.11903E-07
  0.0038 -3.36775E-05 -1.79442E-05   -1.57333E-05 1.4172307678E+03 1.4172305319E+03  0.00000E+00  0.00000E+00  0.00000E+00  3.26966E-07
  0.0038 -3.52166E-05 -1.91355E-05   -1.60811E-05 1.4172307487E+03 1.4172304967E+03  0.00000E+00  0.00000E+00  0.00000E+00  3.41908E-07
  0.0038 -3.67396E-05 -2.03474E-05   -1.63922E-05 1.4172307283E+03 1.4172304599E+03  0.00000E+00  0.00000E+00  0.00000E+00  3.56696E-07
  0.0039 -3.82443E-05 -2.15767E-05   -1.66676E-05 1.4172307067E+03 1.4172304217E+03  0.00000E+00  0.00000E+00  0.00000E+00  3.71304E-07
  0.0039 -3.97292E-05 -2.28210E-05   -1.69082E-05 1.4172306839E+03 1.4172303820E+03  0.00000E+00  0.00000E+00  0.00000E+00  3.85721E-07
  0.0039 -4.11937E-05 -2.40781E-05   -1.71156E-05 1.4172306598E+03 1.4172303408E+03  0.00000E+00  0.00000E+00  0.00000E+00  3.99939E-07
  0.0039 -4.26378E-05 -2.53454E-05   -1.72924E-05 1.4172306345E+03 1.4172302981E+03  0.00000E+00  0.00000E+00  0.00000E+00  4.13959E-07
  0.0040 -4.40616E-05 -2.66212E-05   -1.74404E-05 1.4172306079E+03 1.4172302541E+03  0.00000E+00  0.00000E+00  0.00000E+00  4.27782E-07
  0.0040 -4.54655E-05 -2.79036E-05   -1.75619E-05 1.4172305800E+03 1.4172302086E+03  0.00000E+00  0.00000E+00  0.00000E+00  4.41412E-07
  0.0040 -4.68499E-05 -2.91923E-05   -1.76576E-05 1.4172305508E+03 1.4172301617E+03  0.00000E+00  0.00000E+00  0.00000E+00  4.54854E-07
  0.0041 -4.82154E-05 -3.04824E-05   -1.77330E-05 1.4172305203E+03 1.4172301135E+03  0.00000E+00  0.00000E+00  0.00000E+00  4.68111E-07
  0.0041 -4.95624E-05 -3.17744E-05   -1.77880E-05 1.4172304885E+03 1.4172300640E+03  0.00000E+00  0.00000E+00  0.00000E+00  4.81188E-07
  0.0041 -5.08913E-05 -3.30663E-05   -1.78250E-05 1.4172304555E+03 1.4172300131E+03  0.00000E+00  0.00000E+00  0.00000E+00  4.94091E-07
  0.0041 -5.22016E-05 -3.43578E-05   -1.78438E-05 1.4172304211E+03 1.4172299609E+03  0.00000E+00  0.00000E+00  0.00000E+00  5.06812E-07
  0.0042 -5.34313E-05 -3.56451E-05   -1.77863E-05 1.4172303855E+03 1.4172299074E+03  0.00000E+00  0.00000E+00  0.00000E+00  5.18751E-07
  0.0042 -5.49501E-05 -3.69379E-05   -1.80122E-05 1.4172303485E+03 1.4172298525E+03  0.00000E+00  0.00000E+00  0.00000E+00  5.33496E-07
  0.0042 -2.19136E-04 -5.60424E-05   -1.63094E-04 1.4172302925E+03 1.4172296334E+03  0.00000E+00  0.00000E+00  0.00000E+00  2.12754E-06
  0.0043 -2.26262E-02 -1.56755E-03   -2.10586E-02 1.4172287249E+03 1.4172070072E+03  0.00000E+00  0.00000E+00  0.00000E+00  2.19672E-04
  0.0043 -8.27134E-01 -1.87454E-01   -6.39680E-01 1.4170412707E+03 1.4163798734E+03  0.00000E+00  0.00000E+00  0.00000E+00  8.03043E-03
  0.0043 -3.40656E+00 -1.83754E+00   -1.56902E+00 1.4152037264E+03 1.4129733094E+03  0.00000E+00  0.00000E+00  0.00000E+00  3.30734E-02
  0.0043 -4.66729E+00 -4.03667E+00   -6.30617E-01 1.4111670532E+03 1.4083060194E+03  0.00000E+00  0.00000E+00  0.00000E+00  4.53135E-02
  0.0044 -4.46416E+00 -4.51188E+00    4.77264E-02 1.4066551697E+03 1.4038418623E+03  0.00000E+00  0.00000E+00  0.00000E+00  4.33413E-02
  0.0044 -4.22846E+00 -4.28340E+00    5.49344E-02 1.4023717706E+03 1.3996133976E+03  0.00000E+00  0.00000E+00  0.00000E+00  4.10531E-02
  0.0044 -4.29080E+00 -4.20991E+00   -8.08936E-02 1.3981618603E+03 1.3953225936E+03  0.00000E+00  0.00000E+00  0.00000E+00  4.16583E-02
  0.0045 -4.38969E+00 -4.29758E+00   -9.21120E-02 1.3938642800E+03 1.3909329013E+03  0.00000E+00  0.00000E+00  0.00000E+00  4.26184E-02
  0.0045 -4.40107E+00 -4.35492E+00   -4.61458E-02 1.3895093579E+03 1.3865318334E+03  0.00000E+00  0.00000E+00  0.00000E+00  4.27288E-02
  0.0045 -4.36340E+00 -4.34577E+00   -1.76227E-02 1.3851635853E+03 1.3821684381E+03  0.00000E+00  0.00000E+00  0.00000E+00  4.23631E-02
  0.0045 -4.33063E+00 -4.31614E+00   -1.44814E-02 1.3808474411E+03 1.3778378125E+03  0.00000E+00  0.00000E+00  0.00000E+00  4.20449E-02
  0.0046 -4.31163E+00 -4.29544E+00   -1.61944E-02 1.3765520027E+03 1.3735261797E+03  0.00000E+00  0.00000E+00  0.00000E+00  4.18605E-02
  0.0046 -4.29796E+00 -4.28314E+00   -1.48196E-02 1.3722688649E+03 1.3692282224E+03  0.00000E+00  0.00000E+00  0.00000E+00  4.17277E-02
  0.0046 -4.28689E+00 -4.27264E+00   -1.42536E-02 1.3679962298E+03 1.3649413336E+03  0.00000E+00  0.00000E+00  0.00000E+00  4.16203E-02
  0.0047 -4.28033E+00 -4.26401E+00   -1.63269E-02 1.3637322237E+03 1.3606610006E+03  0.00000E+00  0.00000E+00  0.00000E+00  4.15566E-02
  0.0047 -4.27455E+00 -4.25903E+00   -1.55218E-02 1.3594731981E+03 1.3563864531E+03  0.00000E+00  0.00000E+00  0.00000E+00  4.15005E-02
  0.0047 -4.26613E+00 -4.25332E+00   -1.28107E-02 1.3552198745E+03 1.3521203188E+03  0.00000E+00  0.00000E+00  0.00000E+00  4.14188E-02
  0.0047 -4.25578E+00 -4.24475E+00   -1.10297E-02 1.3509751273E+03 1.3478645419E+03  0.00000E+00  0.00000E+00  0.00000E+00  4.13182E-02
  0.0048 -4.24463E+00 -4.23474E+00   -9.89180E-03 1.3467403876E+03 1.3436199104E+03  0.00000E+00  0.00000E+00  0.00000E+00  4.12100E-02
  0.0048 -4.23327E+00 -4.22413E+00   -9.13408E-03 1.3425162546E+03 1.3393866433E+03  0.00000E+00  0.00000E+00  0.00000E+00  4.10997E-02
  0.0048 -4.22182E+00 -4.21325E+00   -8.57344E-03 1.3383030095E+03 1.3351648247E+03  0.00000E+00  0.00000E+00  0.00000E+00  4.09885E-02
  0.0049 -4.21025E+00 -4.20213E+00   -8.11222E-03 1.3341008765E+03 1.3309545795E+03  0.00000E+00  0.00000E+00  0.00000E+00  4.08762E-02
  0.0049 -4.19849E+00 -4.19077E+00   -7.72078E-03 1.3299101026E+03 1.3267560848E+03  0.00000E+00  0.00000E+00  0.00000E+00  4.07621E-02
  0.0049 -4.18663E+00 -4.17922E+00   -7.41566E-03 1.3257308834E+03 1.3225694500E+03  0.00000E+00  0.00000E+00  0.00000E+00  4.06469E-02
  0.0049 -4.17490E+00 -4.16767E+00   -7.22932E-03 1.3215632110E+03 1.3183945483E+03  0.00000E+00  0.00000E+00  0.00000E+00  4.05330E-02
  0.0050 -4.16364E+00 -4.15646E+00   -7.17739E-03 1.3174067510E+03 1.3142309109E+03  0.00000E+00  0.00000E+00  0.00000E+00  4.04237E-02
  0.0050 -4.15316E+00 -4.14592E+00   -7.24148E-03 1.3132608326E+03 1.3100777510E+03  0.00000E+00  0.00000E+00  0.00000E+00  4.03219E-02
  0.0050 -4.14364E+00 -4.13627E+00   -7.37351E-03 1.3091245652E+03 1.3059341101E+03  0.00000E+00  0.00000E+00  0.00000E+00  4.02295E-02
  0.0051 -4.13509E+00 -4.12756E+00   -7.52247E-03 1.3049970014E+03 1.3017990239E+03  0.00000E+00  0.00000E+00  0.00000E+00  4.01465E-02
  0.0051 -4.12739E+00 -4.11974E+00   -7.65341E-03 1.3008772603E+03 1.2976716293E+03  0.00000E+00  0.00000E+00  0.00000E+00  4.00718E-02
  0.0051 -4.12041E+00 -4.11266E+00   -7.74406E-03 1.2967645959E+03 1.2935512209E+03  0.00000E+00  0.00000E+00  0.00000E+00  4.00040E-02
  0.0052 -4.11396E+00 -4.10616E+00   -7.79930E-03 1.2926584388E+03 1.2894372645E+03  0.00000E+00  0.00000E+00  0.00000E+00  3.99413E-02
  0.0052 -4.10788E+00 -4.10003E+00   -7.84977E-03 1.2885584090E+03 1.2853293848E+03  0.00000E+00  0.00000E+00  0.00000E+00  3.98823E-02
  0.0052 -4.10200E+00 -4.09410E+00   -7.89955E-03 1.2844643079E+03 1.2812273842E+03  0.00000E+00  0.00000E+00  0.00000E+00  3.98252E-02
  0.0052 -4.09610E+00 -4.08823E+00   -7.86800E-03 1.2803760782E+03 1.2771312865E+03  0.00000E+00  0.00000E+00  0.00000E+00  3.97679E-02
  0.0053 -4.08996E+00 -4.08221E+00   -7.74239E-03 1.2762938632E+03 1.2730413291E+03  0.00000E+00  0.00000E+00  0.00000E+00  3.97083E-02
  0.0053 -4.08344E+00 -4.07585E+00   -7.59011E-03 1.2722180105E+03 1.2689578864E+03  0.00000E+00  0.00000E+00  0.00000E+00  3.96451E-02
  0.0053 -4.07645E+00 -4.06904E+00   -7.40401E-03 1.2681489663E+03 1.2648814381E+03  0.00000E+00  0.00000E+00  0.00000E+00  3.95772E-02
  0.0054 -4.06895E+00 -4.06174E+00   -7.20058E-03 1.2640872217E+03 1.2608124929E+03  0.00000E+00  0.00000E+00  0.00000E+00  3.95043E-02
  0.0054 -4.06097E+00 -4.05398E+00   -6.99228E-03 1.2600332394E+03 1.2567515183E+03  0.00000E+00  0.00000E+00  0.00000E+00  3.94269E-02
  0.0054 -4.05258E+00 -4.04580E+00   -6.77973E-03 1.2559874378E+03 1.2526989370E+03  0.00000E+00  0.00000E+00  0.00000E+00  3.93454E-02
  0.0054 -4.04375E+00 -4.03720E+00   -6.55733E-03 1.2519502411E+03 1.2486551830E+03  0.00000E+00  0.00000E+00  0.00000E+00  3.92597E-02
  0.0055 -4.03443E+00 -4.02811E+00   -6.32694E-03 1.2479221352E+03 1.2446207501E+03  0.00000E+00  0.00000E+00  0.00000E+00  3.91693E-02
  0.0055 -4.02459E+00 -4.01848E+00   -6.10487E-03 1.2439036541E+03 1.2405961642E+03  0.00000E+00  0.00000E+00  0.00000E+00  3.90736E-02
  0.0055 -4.01428E+00 -4.00837E+00   -5.91453E-03 1.2398952867E+03 1.2365818822E+03  0.00000E+00  0.00000E+00  0.00000E+00  3.89736E-02
  0.0056 -4.00368E+00 -3.99791E+00   -5.76863E-03 1.2358973736E+03 1.2325782006E+03  0.00000E+00  0.00000E+00  0.00000E+00  3.88707E-02
  0.0056 -3.99293E+00 -3.98728E+00   -5.65433E-03 1.2319100932E+03 1.2285852658E+03  0.00000E+00  0.00000E+00  0.00000E+00  3.87664E-02
  0.0056 -3.98205E+00 -3.97652E+00   -5.53508E-03 1.2279335735E+03 1.2246032111E+03  0.00000E+00  0.00000E+00  0.00000E+00  3.86607E-02
  0.0056 -3.97087E+00 -3.96550E+00   -5.36977E-03 1.2239680755E+03 1.2206323432E+03  0.00000E+00  0.00000E+00  0.00000E+00  3.85521E-02
  0.0057 -3.95908E+00 -3.95395E+00   -5.13564E-03 1.2200141296E+03 1.2166732617E+03  0.00000E+00  0.00000E+00  0.00000E+00  3.84377E-02
  0.0057 -3.94642E+00 -3.94159E+00   -4.83821E-03 1.2160725440E+03 1.2127268379E+03  0.00000E+00  0.00000E+00  0.00000E+00  3.83148E-02
  0.0057 -3.93276E+00 -3.92825E+00   -4.50440E-03 1.2121442906E+03 1.2087940801E+03  0.00000E+00  0.00000E+00  0.00000E+00  3.81821E-02
  0.0058 -3.91811E+00 -3.91394E+00   -4.16753E-03 1.2082303471E+03 1.2048759691E+03  0.00000E+00  0.00000E+00  0.00000E+00  3.80399E-02
  0.0058 -3.90262E+00 -3.89877E+00   -3.85247E-03 1.2043315797E+03 1.2009733492E+03  0.00000E+00  0.00000E+00  0.00000E+00  3.78895E-02
  0.0058 -3.88642E+00 -3.88286E+00   -3.56231E-03 1.2004487178E+03 1.1970869250E+03  0.00000E+00  0.00000E+00  0.00000E+00  3.77323E-02
  0.0058 -3.86954E+00 -3.86627E+00   -3.26999E-03 1.1965824493E+03 1.1932173866E+03  0.00000E+00  0.00000E+00  0.00000E+00  3.75683E-02
  0.0059 -3.85175E+00 -3.84882E+00   -2.92157E-03 1.1927336245E+03 1.1893656402E+03  0.00000E+00  0.00000E+00  0.00000E+00  3.73956E-02
  0.0059 -3.83257E+00 -3.83012E+00   -2.45452E-03 1.1889035044E+03 1.1855330655E+03  0.00000E+00  0.00000E+00  0.00000E+00  3.72095E-02
  0.0059 -3.81137E+00 -3.80955E+00   -1.82137E-03 1.1850939509E+03 1.1817216907E+03  0.00000E+00  0.00000E+00  0.00000E+00  3.70036E-02
  0.0060 -3.78747E+00 -3.78647E+00   -1.00605E-03 1.1813074854E+03 1.1779342191E+03  0.00000E+00  0.00000E+00  0.00000E+00  3.67716E-02
  0.0060 -3.76034E+00 -3.76030E+00   -3.62724E-05 1.1775471861E+03 1.1741738835E+03  0.00000E+00  0.00000E+00  0.00000E+00  3.65081E-02
  0.0060 -3.72978E+00 -3.73078E+00    1.00440E-03 1.1738164022E+03 1.1704441041E+03  0.00000E+00  0.00000E+00  0.00000E+00  3.62115E-02
  0.0060 -3.69614E+00 -3.69812E+00    1.98324E-03 1.1701182780E+03 1.1667479631E+03  0.00000E+00  0.00000E+00  0.00000E+00  3.58849E-02
  0.0061 -3.66031E+00 -3.66308E+00    2.76635E-03 1.1664551992E+03 1.1630876506E+03  0.00000E+00  0.00000E+00  0.00000E+00  3.55370E-02
  0.0061 -3.62347E+00 -3.62676E+00    3.29286E-03 1.1628284369E+03 1.1594641812E+03  0.00000E+00  0.00000E+00  0.00000E+00  3.51793E-02
  0.0061 -3.58656E+00 -3.59016E+00    3.60639E-03 1.1592382723E+03 1.1558776229E+03  0.00000E+00  0.00000E+00  0.00000E+00  3.48210E-02
  0.0062 -3.54983E+00 -3.55368E+00    3.84891E-03 1.1556845970E+03 1.1523277966E+03  0.00000E+00  0.00000E+00  0.00000E+00  3.44643E-02
  0.0062 -3.51274E+00 -3.51692E+00    4.17851E-03 1.1521676746E+03 1.1488150527E+03  0.00000E+00  0.00000E+00  0.00000E+00  3.41043E-02
  0.0062 -3.47441E+00 -3.47908E+00    4.66706E-03 1.1486885976E+03 1.1453406427E+03  0.00000E+00  0.00000E+00  0.00000E+00  3.37321E-02
  0.0062 -3.43418E+00 -3.43950E+00    5.32336E-03 1.1452490986E+03 1.1419064671E+03  0.00000E+00  0.00000E+00  0.00000E+00  3.33415E-02
  0.0063 -3.39199E+00 -3.39801E+00    6.02034E-03 1.1418510845E+03 1.1385144734E+03  0.00000E+00  0.00000E+00  0.00000E+00  3.29320E-02
  0.0063 -3.34857E+00 -3.35516E+00    6.59208E-03 1.1384959209E+03 1.1351659018E+03  0.00000E+00  0.00000E+00  0.00000E+00  3.25104E-02
  0.0063 -3.30535E+00 -3.31211E+00    6.75969E-03 1.1351838134E+03 1.1318605541E+03  0.00000E+00  0.00000E+00  0.00000E+00  3.20908E-02
  0.0064 -3.26417E+00 -3.27060E+00    6.43696E-03 1.1319132102E+03 1.1285963878E+03  0.00000E+00  0.00000E+00  0.00000E+00  3.16909E-02
  0.0064 -3.22659E+00 -3.23230E+00    5.70943E-03 1.1286809143E+03 1.1253698013E+03  0.00000E+00  0.00000E+00  0.00000E+00  3.13261E-02
  0.0064 -3.19325E+00 -3.19802E+00    4.76243E-03 1.1254828983E+03 1.1221765478E+03  0.00000E+00  0.00000E+00  0.00000E+00  3.10025E-02
  0.0064 -3.16385E+00 -3.16770E+00    3.84667E-03 1.1223152025E+03 1.1190126986E+03  0.00000E+00  0.00000E+00  0.00000E+00  3.07170E-02
  0.0065 -3.13747E+00 -3.14050E+00    3.03556E-03 1.1191746978E+03 1.1158752294E+03  0.00000E+00  0.00000E+00  0.00000E+00  3.04609E-02
  0.0065 -3.11336E+00 -3.11570E+00    2.34708E-03 1.1160589932E+03 1.1127618719E+03  0.00000E+00  0.00000E+00  0.00000E+00  3.02268E-02
  0.0065 -3.09105E+00 -3.09281E+00    1.76387E-03 1.1129661793E+03 1.1096708220E+03  0.00000E+00  0.00000E+00  0.00000E+00  3.00102E-02
  0.0066 -3.07025E+00 -3.07151E+00    1.26572E-03 1.1098946662E+03 1.1066005745E+03  0.00000E+00  0.00000E+00  0.00000E+00  2.98082E-02
  0.0066 -3.05067E+00 -3.05152E+00    8.50240E-04 1.1068431446E+03 1.1035499032E+03  0.00000E+00  0.00000E+00  0.00000E+00  2.96182E-02
  0.0066 -3.03199E+00 -3.03252E+00    5.29777E-04 1.1038106293E+03 1.1005179177E+03  0.00000E+00  0.00000E+00  0.00000E+00  2.94368E-02
  0.0066 -3.01379E+00 -3.01411E+00    3.19486E-04 1.1007965158E+03 1.0975041236E+03  0.00000E+00  0.00000E+00  0.00000E+00  2.92601E-02
  0.0067 -2.99568E+00 -2.99591E+00    2.29014E-04 1.0978006051E+03 1.0945084420E+03  0.00000E+00  0.00000E+00  0.00000E+00  2.90843E-02
  0.0067 -2.97727E+00 -2.97753E+00    2.54367E-04 1.0948230798E+03 1.0915311710E+03  0.00000E+00  0.00000E+00  0.00000E+00  2.89055E-02
  0.0067 -2.95828E+00 -2.95865E+00    3.76367E-04 1.0918644250E+03 1.0885728926E+03  0.00000E+00  0.00000E+00  0.00000E+00  2.87211E-02
  0.0068 -2.93856E+00 -2.93912E+00    5.62751E-04 1.0889253045E+03 1.0856343348E+03  0.00000E+00  0.00000E+00  0.00000E+00  2.85297E-02
  0.0068 -2.91812E+00 -2.91889E+00    7.73750E-04 1.0860064126E+03 1.0827162167E+03  0.00000E+00  0.00000E+00  0.00000E+00  2.83312E-02
  0.0068 -2.89711E+00 -2.89808E+00    9.71245E-04 1.0831083352E+03 1.0798191105E+03  0.00000E+00  0.00000E+00  0.00000E+00  2.81272E-02
  0.0068 -2.87576E+00 -2.87688E+00    1.12426E-03 1.0802314558E+03 1.0769433554E+03  0.00000E+00  0.00000E+00  0.00000E+00  2.79200E-02
  0.0069 -2.85432E+00 -2.85553E+00    1.21633E-03 1.0773759230E+03 1.0740890389E+03  0.00000E+00  0.00000E+00  0.00000E+00  2.77118E-02
  0.0069 -2.83300E+00 -2.83425E+00    1.24688E-03 1.0745416743E+03 1.0712560371E+03  0.00000E+00  0.00000E+00  0.00000E+00  2.75049E-02
  0.0069 -2.81195E+00 -2.81318E+00    1.22878E-03 1.0717284936E+03 1.0684440852E+03  0.00000E+00  0.00000E+00  0.00000E+00  2.73005E-02
  0.0070 -2.79124E+00 -2.79242E+00    1.18228E-03 1.0689360723E+03 1.0656528462E+03  0.00000E+00  0.00000E+00  0.00000E+00  2.70994E-02
  0.0070 -2.77089E+00 -2.77201E+00    1.12669E-03 1.0661640573E+03 1.0628819579E+03  0.00000E+00  0.00000E+00  0.00000E+00  2.69018E-02
  0.0070 -2.75090E+00 -2.75198E+00    1.07593E-03 1.0634120794E+03 1.0601310559E+03  0.00000E+00  0.00000E+00  0.00000E+00  2.67078E-02
  0.0070 -2.73128E+00 -2.73231E+00    1.03752E-03 1.0606797654E+03 1.0573997794E+03  0.00000E+00  0.00000E+00  0.00000E+00  2.65172E-02
  0.0071 -2.71201E+00 -2.71303E+00    1.01353E-03 1.0579667385E+03 1.0546877660E+03  0.00000E+00  0.00000E+00  0.00000E+00  2.63302E-02
  0.0071 -2.69313E+00 -2.69413E+00    1.00194E-03 1.0552726098E+03 1.0519946393E+03  0.00000E+00  0.00000E+00  0.00000E+00  2.61469E-02
  0.0071 -2.67465E+00 -2.67564E+00    9.97458E-04 1.0525969660E+03 1.0493199929E+03  0.00000E+00  0.00000E+00  0.00000E+00  2.59674E-02
  0.0072 -2.65662E+00 -2.65761E+00    9.92120E-04 1.0499393573E+03 1.0466633763E+03  0.00000E+00  0.00000E+00  0.00000E+00  2.57924E-02
  0.0072 -2.63909E+00 -2.64006E+00    9.76469E-04 1.0472992923E+03 1.0440242878E+03  0.00000E+00  0.00000E+00  0.00000E+00  2.56222E-02
  0.0072 -2.62211E+00 -2.62305E+00    9.41689E-04 1.0446762429E+03 1.0414021801E+03  0.00000E+00  0.00000E+00  0.00000E+00  2.54574E-02
  0.0072 -2.60570E+00 -2.60658E+00    8.81900E-04 1.0420696585E+03 1.0387964776E+03  0.00000E+00  0.00000E+00  0.00000E+00  2.52981E-02
  0.0073 -2.58988E+00 -2.59067E+00    7.95278E-04 1.0394789851E+03 1.0362065995E+03  0.00000E+00  0.00000E+00  0.00000E+00  2.51444E-02
  0.0073 -2.57462E+00 -2.57530E+00    6.84600E-04 1.0369036849E+03 1.0336319839E+03  0.00000E+00  0.00000E+00  0.00000E+00  2.49963E-02
  0.0073 -2.55988E+00 -2.56043E+00    5.56762E-04 1.0343432509E+03 1.0310721066E+03  0.00000E+00  0.00000E+00  0.00000E+00  2.48532E-02
  0.0074 -2.54561E+00 -2.54603E+00    4.21258E-04 1.0317972178E+03 1.0285264948E+03  0.00000E+00  0.00000E+00  0.00000E+00  2.47147E-02
  0.0074 -2.53176E+00 -2.53205E+00    2.85169E-04 1.0292651700E+03 1.0259947322E+03  0.00000E+00  0.00000E+00  0.00000E+00  2.45802E-02
  0.0074 -2.51827E+00 -2.51843E+00    1.55314E-04 1.0267467436E+03 1.0234764610E+03  0.00000E+00  0.00000E+00  0.00000E+00  2.44492E-02
  0.0074 -2.50508E+00 -2.50511E+00    3.70187E-05 1.0242416290E+03 1.0209713835E+03  0.00000E+00  0.00000E+00  0.00000E+00  2.43211E-02
  0.0075 -2.49212E+00 -2.49206E+00   -6.47296E-05 1.0217495736E+03 1.0184792634E+03  0.00000E+00  0.00000E+00  0.00000E+00  2.41953E-02
  0.0075 -2.47934E+00 -2.47919E+00   -1.46809E-04 1.0192703845E+03 1.0159999274E+03  0.00000E+00  0.00000E+00  0.00000E+00  2.40712E-02
  0.0075 -2.46666E+00 -2.46645E+00   -2.07788E-04 1.0168039325E+03 1.0135332677E+03  0.00000E+00  0.00000E+00  0.00000E+00  2.39482E-02
  0.0076 -2.45403E+00 -2.45378E+00   -2.45032E-04 1.0143501511E+03 1.0110792413E+03  0.00000E+00  0.00000E+00  0.00000E+00  2.38255E-02
  0.0076 -2.44138E+00 -2.44112E+00   -2.59407E-04 1.0119090349E+03 1.0086378656E+03  0.00000E+00  0.00000E+00  0.00000E+00  2.37027E-02
  0.0076 -2.42866E+00 -2.42840E+00   -2.53133E-04 1.0094806312E+03 1.0062092088E+03  0.00000E+00  0.00000E+00  0.00000E+00  2.35792E-02
  0.0076 -2.41583E+00 -2.41560E+00   -2.29326E-04 1.0070650266E+03 1.0037933748E+03  0.00000E+00  0.00000E+00  0.00000E+00  2.34547E-02
  0.0077 -2.40289E+00 -2.40270E+00   -1.91297E-04 1.0046623270E+03 1.0013904839E+03  0.00000E+00  0.00000E+00  0.00000E+00  2.33290E-02
  0.0077 -2.38984E+00 -2.38969E+00   -1.43900E-04 1.0022726355E+03 9.9900064861E+02  0.00000E+00  0.00000E+00  0.00000E+00  2.32023E-02
  0.0077 -2.37670E+00 -2.37661E+00   -9.23097E-05 9.9989602797E+02 9.9662394874E+02  0.00000E+00  0.00000E+00  0.00000E+00  2.30748E-02
  0.0078 -2.36354E+00 -2.36350E+00   -4.23332E-05 9.9753253089E+02 9.9426040933E+02  0.00000E+00  0.00000E+00  0.00000E+00  2.29470E-02
  0.0078 -2.35043E+00 -2.35043E+00   -1.40950E-07 9.9518210589E+02 9.9190998419E+02  0.00000E+00  0.00000E+00  0.00000E+00  2.28197E-02
  0.0078 -2.33743E+00 -2.33746E+00    2.84514E-05 9.9284464330E+02 9.8957255005E+02  0.00000E+00  0.00000E+00  0.00000E+00  2.26935E-02
  0.0078 -2.32464E+00 -2.32468E+00    3.94889E-05 9.9051996643E+02 9.8724791267E+02  0.00000E+00  0.00000E+00  0.00000E+00  2.25693E-02
  0.0079 -2.31209E+00 -2.31212E+00    3.12726E-05 9.8820784491E+02 9.8493582242E+02  0.00000E+00  0.00000E+00  0.00000E+00  2.24475E-02
  0.0079 -2.29983E+00 -2.29983E+00    4.11608E-06 9.8590801458E+02 9.8263599621E+02  0.00000E+00  0.00000E+00  0.00000E+00  2.23284E-02
  0.0079 -2.28786E+00 -2.28782E+00   -3.92514E-05 9.8362019734E+02 9.8034813971E+02  0.00000E+00  0.00000E+00  0.00000E+00  2.22122E-02
  0.0080 -2.27618E+00 -2.27608E+00   -9.52531E-05 9.8134411702E+02 9.7807196414E+02  0.00000E+00  0.00000E+00  0.00000E+00  2.20988E-02
  0.0080 -2.26477E+00 -2.26461E+00   -1.59838E-04 9.7907950700E+02 9.7580719429E+02  0.00000E+00  0.00000E+00  0.00000E+00  2.19881E-02
  0.0080 -2.25363E+00 -2.25340E+00   -2.30183E-04 9.7682610893E+02 9.7355356603E+02  0.00000E+00  0.00000E+00  0.00000E+00  2.18799E-02
  0.0080 -2.24275E+00 -2.24245E+00   -3.04938E-04 9.7458366313E+02 9.7131081530E+02  0.00000E+00  0.00000E+00  0.00000E+00  2.17743E-02
  0.0081 -2.23215E+00 -2.23177E+00   -3.83782E-04 9.7235189517E+02 9.6907866355E+02  0.00000E+00  0.00000E+00  0.00000E+00  2.16714E-02
  0.0081 -2.22186E+00 -2.22139E+00   -4.67095E-04 9.7013050450E+02 9.6685680579E+02  0.00000E+00  0.00000E+00  0.00000E+00  2.15714E-02
  0.0081 -2.21190E+00 -2.21135E+00   -5.54528E-04 9.6791915889E+02 9.6464490565E+02  0.00000E+00  0.00000E+00  0.00000E+00  2.14748E-02
  0.0082 -2.20231E+00 -2.20166E+00   -6.45224E-04 9.6571749865E+02 9.6244260019E+02  0.00000E+00  0.00000E+00  0.00000E+00  2.13816E-02
  0.0082 -2.19309E+00 -2.19235E+00   -7.36791E-04 9.6352514892E+02 9.6024951366E+02  0.00000E+00  0.00000E+00  0.00000E+00  2.12921E-02
  0.0082 -2.18424E+00 -2.18341E+00   -8.25920E-04 9.6134173768E+02 9.5806527650E+02  0.00000E+00  0.00000E+00  0.00000E+00  2.12062E-02
  0.0082 -2.17573E+00 -2.17482E+00   -9.08836E-04 9.5916691440E+02 9.5588954439E+02  0.00000E+00  0.00000E+00  0.00000E+00  2.11236E-02
  0.0083 -2.16753E+00 -2.16655E+00   -9.82357E-04 9.5700036418E+02 9.5372201181E+02  0.00000E+00  0.00000E+00  0.00000E+00  2.10440E-02
  0.0083 -2.15960E+00 -2.15855E+00   -1.04476E-03 9.5484181335E+02 9.5156241622E+02  0.00000E+00  0.00000E+00  0.00000E+00  2.09669E-02
  0.0083 -2.15188E+00 -2.15079E+00   -1.09650E-03 9.5269102523E+02 9.4941053160E+02  0.00000E+00  0.00000E+00  0.00000E+00  2.08921E-02
  0.0084 -2.14438E+00 -2.14324E+00   -1.13990E-03 9.5054778729E+02 9.4726615376E+02  0.00000E+00  0.00000E+00  0.00000E+00  2.08192E-02
  0.0084 -2.13707E+00 -2.13589E+00   -1.17862E-03 9.4841189455E+02 9.4512908240E+02  0.00000E+00  0.00000E+00  0.00000E+00  2.07483E-02
  0.0084 -2.12998E+00 -2.12876E+00   -1.21682E-03 9.4628313484E+02 9.4299910586E+02  0.00000E+00  0.00000E+00  0.00000E+00  2.06794E-02
  0.0084 -2.12311E+00 -2.12185E+00   -1.25782E-03 9.4416128069E+02 9.4087599390E+02  0.00000E+00  0.00000E+00  0.00000E+00  2.06127E-02
  0.0085 -2.11649E+00 -2.11519E+00   -1.30306E-03 9.4204609063E+02 9.3875950078E+02  0.00000E+00  0.00000E+00  0.00000E+00  2.05485E-02
  0.0085 -2.11012E+00 -2.10877E+00   -1.35185E-03 9.3993731929E+02 9.3664937758E+02  0.00000E+00  0.00000E+00  0.00000E+00  2.04866E-02
  0.0085 -2.10399E+00 -2.10259E+00   -1.40149E-03 9.3783473297E+02 9.3454538978E+02  0.00000E+00  0.00000E+00  0.00000E+00  2.04271E-02
  0.0086 -2.09805E+00 -2.09661E+00   -1.44799E-03 9.3573812693E+02 9.3244733575E+02  0.00000E+00  0.00000E+00  0.00000E+00  2.03695E-02
  0.0086 -2.09228E+00 -2.09079E+00   -1.48818E-03 9.3364733833E+02 9.3035505897E+02  0.00000E+00  0.00000E+00  0.00000E+00  2.03134E-02
  0.0086 -2.08661E+00 -2.08509E+00   -1.51823E-03 9.3156225115E+02 9.2826845356E+02  0.00000E+00  0.00000E+00  0.00000E+00  2.02583E-02
  0.0086 -2.08099E+00 -2.07946E+00   -1.53621E-03 9.2948279497E+02 9.2618746117E+02  0.00000E+00  0.00000E+00  0.00000E+00  2.02038E-02
  0.0087 -2.07540E+00 -2.07386E+00   -1.54339E-03 9.2740893905E+02 9.2411206187E+02  0.00000E+00  0.00000E+00  0.00000E+00  2.01495E-02
  0.0087 -2.06980E+00 -2.06826E+00   -1.54357E-03 9.2534068357E+02 9.2204226281E+02  0.00000E+00  0.00000E+00  0.00000E+00  2.00951E-02
  0.0087 -2.06418E+00 -2.06264E+00   -1.53945E-03 9.2327804714E+02 9.1997808693E+02  0.00000E+00  0.00000E+00  0.00000E+00  2.00405E-02
  0.0088 -2.05853E+00 -2.05699E+00   -1.53422E-03 9.2122105632E+02 9.1791956189E+02  0.00000E+00  0.00000E+00  0.00000E+00  1.99857E-02
  0.0088 -2.05285E+00 -2.05132E+00   -1.53111E-03 9.1916973896E+02 9.1586671343E+02  0.00000E+00  0.00000E+00  0.00000E+00  1.99306E-02
  0.0088 -2.04716E+00 -2.04562E+00   -1.53351E-03 9.1712411681E+02 9.1381955776E+02  0.00000E+00  0.00000E+00  0.00000E+00  1.98753E-02
  0.0088 -2.04146E+00 -2.03993E+00   -1.52831E-03 9.1508418996E+02 9.1177810261E+02  0.00000E+00  0.00000E+00  0.00000E+00  1.98200E-02
  0.0089 -2.03576E+00 -2.03423E+00   -1.52955E-03 9.1304995869E+02 9.0974234179E+02  0.00000E+00  0.00000E+00  0.00000E+00  1.97647E-02
  0.0089 -2.03009E+00 -2.02855E+00   -1.53673E-03 9.1102140753E+02 9.0771225390E+02  0.00000E+00  0.00000E+00  0.00000E+00  1.97096E-02
  0.0089 -2.02446E+00 -2.02290E+00   -1.55206E-03 9.0899850351E+02 9.0568779783E+02  0.00000E+00  0.00000E+00  0.00000E+00  1.96549E-02
  0.0090 -2.01889E+00 -2.01732E+00   -1.57367E-03 9.0698118798E+02 9.0366890863E+02  0.00000E+00  0.00000E+00  0.00000E+00  1.96009E-02
  0.0090 -2.01342E+00 -2.01182E+00   -1.59864E-03 9.0496936918E+02 9.0165549119E+02  0.00000E+00  0.00000E+00  0.00000E+00  1.95477E-02
  0.0090 -2.00808E+00 -2.00645E+00   -1.62884E-03 9.0296291926E+02 8.9964741243E+02  0.00000E+00  0.00000E+00  0.00000E+00  1.94959E-02
  0.0090 -2.00292E+00 -2.00125E+00   -1.66614E-03 9.0096166815E+02 8.9764449519E+02  0.00000E+00  0.00000E+00  0.00000E+00  1.94458E-02
  0.0091 -1.99798E+00 -1.99627E+00   -1.71208E-03 8.9896540022E+02 8.9564651518E+02  0.00000E+00  0.00000E+00  0.00000E+00  1.93979E-02
  0.0091 -1.99332E+00 -1.99155E+00   -1.76832E-03 8.9697385330E+02 8.9365319994E+02  0.00000E+00  0.00000E+00  0.00000E+00  1.93526E-02
  0.0091 -1.98897E+00 -1.98713E+00   -1.83633E-03 8.9498671889E+02 8.9166422920E+02  0.00000E+00  0.00000E+00  0.00000E+00  1.93104E-02
  0.0092 -1.98499E+00 -1.98307E+00   -1.91674E-03 8.9300364575E+02 8.8967923932E+02  0.00000E+00  0.00000E+00  0.00000E+00  1.92717E-02
  0.0092 -1.98141E+00 -1.97940E+00   -2.00889E-03 8.9102424737E+02 8.8769783205E+02  0.00000E+00  0.00000E+00  0.00000E+00  1.92370E-02
  0.0092 -1.97825E+00 -1.97613E+00   -2.11185E-03 8.8904811395E+02 8.8571958679E+02  0.00000E+00  0.00000E+00  0.00000E+00  1.92063E-02
  0.0092 -1.97551E+00 -1.97329E+00   -2.22354E-03 8.8707482744E+02 8.8374407674E+02  0.00000E+00  0.00000E+00  0.00000E+00  1.91797E-02
  0.0093 -1.97319E+00 -1.97085E+00   -2.34111E-03 8.8510398025E+02 8.8177088843E+02  0.00000E+00  0.00000E+00  0.00000E+00  1.91572E-02
  0.0093 -1.97125E+00 -1.96879E+00   -2.46074E-03 8.8313519486E+02 8.7979964231E+02  0.00000E+00  0.00000E+00  0.00000E+00  1.91383E-02
  0.0093 -1.96963E+00 -1.96705E+00   -2.57773E-03 8.8116814150E+02 8.7783001121E+02  0.00000E+00  0.00000E+00  0.00000E+00  1.91226E-02
  0.0094 -1.96828E+00 -1.96559E+00   -2.68703E-03 8.7920255058E+02 8.7586173326E+02  0.00000E+00  0.00000E+00  0.00000E+00  1.91095E-02
  0.0094 -1.96712E+00 -1.96433E+00   -2.78443E-03 8.7723821786E+02 8.7389461611E+02  0.00000E+00  0.00000E+00  0.00000E+00  1.90982E-02
  0.0094 -1.96608E+00 -1.96322E+00   -2.86712E-03 8.7527500281E+02 8.7192853394E+02  0.00000E+00  0.00000E+00  0.00000E+00  1.90882E-02
  0.0094 -1.96512E+00 -1.96218E+00   -2.93393E-03 8.7331282123E+02 8.6996341843E+02  0.00000E+00  0.00000E+00  0.00000E+00  1.90788E-02
  0.0095 -1.96417E+00 -1.96119E+00   -2.98512E-03 8.7135163457E+02 8.6799924665E+02  0.00000E+00  0.00000E+00  0.00000E+00  1.90696E-02
  0.0095 -1.96322E+00 -1.96020E+00   -3.02174E-03 8.6939143904E+02 8.6603602938E+02  0.00000E+00  0.00000E+00  0.00000E+00  1.90604E-02
  0.0095 -1.96223E+00 -1.95918E+00   -3.04535E-03 8.6743225567E+02 8.6407380067E+02  0.00000E+00  0.00000E+00  0.00000E+00  1.90508E-02
  0.0096 -1.96119E+00 -1.95813E+00   -3.05790E-03 8.6547412192E+02 8.6211260900E+02  0.00000E+00  0.00000E+00  0.00000E+00  1.90407E-02
  0.0096 -1.96010E+00 -1.95704E+00   -3.06164E-03 8.6351708445E+02 8.6015250990E+02  0.00000E+00  0.00000E+00  0.00000E+00  1.90301E-02
  0.0096 -1.95895E+00 -1.95589E+00   -3.05840E-03 8.6156119448E+02 8.5819356153E+02  0.00000E+00  0.00000E+00  0.00000E+00  1.90189E-02
  0.0096 -1.95774E+00 -1.95469E+00   -3.04960E-03 8.5960650609E+02 8.5623582353E+02  0.00000E+00  0.00000E+00  0.00000E+00  1.90072E-02
  0.0097 -1.95647E+00 -1.95343E+00   -3.03655E-03 8.5765307542E+02 8.5427935632E+02  0.00000E+00  0.00000E+00  0.00000E+00  1.89948E-02
  0.0097 -1.95514E+00 -1.95212E+00   -3.02000E-03 8.5570095977E+02 8.5232422067E+02  0.00000E+00  0.00000E+00  0.00000E+00  1.89819E-02
  0.0097 -1.95374E+00 -1.95074E+00   -3.00025E-03 8.5375021867E+02 8.5037047932E+02  0.00000E+00  0.00000E+00  0.00000E+00  1.89684E-02
  0.0098 -1.95228E+00 -1.94930E+00   -2.97693E-03 8.5180091767E+02 8.4841820139E+02  0.00000E+00  0.00000E+00  0.00000E+00  1.89542E-02
  0.0098 -1.95073E+00 -1.94778E+00   -2.94927E-03 8.4985313283E+02 8.4646746727E+02  0.00000E+00  0.00000E+00  0.00000E+00  1.89392E-02
  0.0098 -1.94910E+00 -1.94618E+00   -2.91688E-03 8.4790695248E+02 8.4451837005E+02  0.00000E+00  0.00000E+00  0.00000E+00  1.89233E-02
  0.0098 -1.94735E+00 -1.94448E+00   -2.87899E-03 8.4596247681E+02 8.4257101539E+02  0.00000E+00  0.00000E+00  0.00000E+00  1.89064E-02
  0.0099 -1.94550E+00 -1.94266E+00   -2.83490E-03 8.4401981637E+02 8.4062552005E+02  0.00000E+00  0.00000E+00  0.00000E+00  1.88883E-02
  0.0099 -1.94351E+00 -1.94073E+00   -2.78503E-03 8.4207909067E+02 8.3868200932E+02  0.00000E+00  0.00000E+00  0.00000E+00  1.88690E-02
  0.0099 -1.94140E+00 -1.93867E+00   -2.73024E-03 8.4014042330E+02 8.3674061172E+02  0.00000E+00  0.00000E+00  0.00000E+00  1.88485E-02
  0.0100 -1.93916E+00 -1.93649E+00   -2.67256E-03 8.3820393502E+02 8.3480145088E+02  0.00000E+00  0.00000E+00  0.00000E+00  1.88268E-02
  0.0100 -1.93681E+00 -1.93420E+00   -2.61320E-03 8.3626973830E+02 8.3286464096E+02  0.00000E+00  0.00000E+00  0.00000E+00  1.88040E-02
  0.0100 -1.93435E+00 -1.93180E+00   -2.55378E-03 8.3433793799E+02 8.3093028686E+02  0.00000E+00  0.00000E+00  0.00000E+00  1.87801E-02
  0.0100 -1.93180E+00 -1.92930E+00   -2.49539E-03 8.3240863361E+02 8.2899848710E+02  0.00000E+00  0.00000E+00  0.00000E+00  1.87553E-02
  0.0101 -1.92915E+00 -1.92671E+00   -2.43810E-03 8.3048192041E+02 8.2706933579E+02  0.00000E+00  0.00000E+00  0.00000E+00  1.87296E-02
  0.0101 -1.92641E+00 -1.92403E+00   -2.38197E-03 8.2855789046E+02 8.2514292388E+02  0.00000E+00  0.00000E+00  0.00000E+00  1.87030E-02
  0.0101 -1.92358E+00 -1.92125E+00   -2.32897E-03 8.2663663652E+02 8.2321934097E+02  0.00000E+00  0.00000E+00  0.00000E+00  1.86756E-02
  0.0102 -1.92066E+00 -1.91838E+00   -2.27977E-03 8.2471825233E+02 8.2129867701E+02  0.00000E+00  0.00000E+00  0.00000E+00  1.86472E-02
  0.0102 -1.91765E+00 -1.91542E+00   -2.23372E-03 8.2280283319E+02 8.1938102415E+02  0.00000E+00  0.00000E+00  0.00000E+00  1.86180E-02
  0.0102 -1.91455E+00 -1.91236E+00   -2.19070E-03 8.2089047385E+02 8.1746647410E+02  0.00000E+00  0.00000E+00  0.00000E+00  1.85879E-02
  0.0102 -1.91136E+00 -1.90920E+00   -2.15209E-03 8.1898127042E+02 8.1555511858E+02  0.00000E+00  0.00000E+00  0.00000E+00  1.85568E-02
  0.0103 -1.90807E+00 -1.90595E+00   -2.11827E-03 8.1707532275E+02 8.1364705264E+02  0.00000E+00  0.00000E+00  0.00000E+00  1.85249E-02
  0.0103 -1.90468E+00 -1.90259E+00   -2.08866E-03 8.1517273479E+02 8.1174237603E+02  0.00000E+00  0.00000E+00  0.00000E+00  1.84920E-02
  0.0103 -1.90119E+00 -1.89912E+00   -2.06240E-03 8.1327361192E+02 8.0984119075E+02  0.00000E+00  0.00000E+00  0.00000E+00  1.84581E-02
  0.0104 -1.89759E+00 -1.89555E+00   -2.03883E-03 8.1137806094E+02 8.0794360094E+02  0.00000E+00  0.00000E+00  0.00000E+00  1.84232E-02
  0.0104 -1.89388E+00 -1.89186E+00   -2.01748E-03 8.0948619778E+02 8.0604972030E+02  0.00000E+00  0.00000E+00  0.00000E+00  1.83872E-02
  0.0104 -1.89004E+00 -1.88805E+00   -1.99530E-03 8.0759815028E+02 8.0415967749E+02  0.00000E+00  0.00000E+00  0.00000E+00  1.83499E-02
  0.0104 -1.88606E+00 -1.88409E+00   -1.96845E-03 8.0571405617E+02 8.0227361493E+02  0.00000E+00  0.00000E+00  0.00000E+00  1.83113E-02
  0.0105 -1.88194E+00 -1.88000E+00   -1.93907E-03 8.0383405926E+02 8.0039167895E+02  0.00000E+00  0.00000E+00  0.00000E+00  1.82712E-02
  0.0105 -1.87766E+00 -1.87576E+00   -1.90680E-03 8.0195830407E+02 7.9851401697E+02  0.00000E+00  0.00000E+00  0.00000E+00  1.82297E-02
  0.0105 -1.87323E+00 -1.87136E+00   -1.86631E-03 8.0008694227E+02 7.9664078885E+02  0.00000E+00  0.00000E+00  0.00000E+00  1.81867E-02
  0.0106 -1.86862E+00 -1.86681E+00   -1.81396E-03 7.9822013211E+02 7.9477216474E+02  0.00000E+00  0.00000E+00  0.00000E+00  1.81420E-02
  0.0106 -1.86385E+00 -1.86210E+00   -1.75078E-03 7.9635803483E+02 7.9290831667E+02  0.00000E+00  0.00000E+00  0.00000E+00  1.80956E-02
  0.0106 -1.85890E+00 -1.85723E+00   -1.67437E-03 7.9450080744E+02 7.9104941491E+02  0.00000E+00  0.00000E+00  0.00000E+00  1.80476E-02
  0.0106 -1.85379E+00 -1.85221E+00   -1.58077E-03 7.9264859994E+02 7.8919562664E+02  0.00000E+00  0.00000E+00  0.00000E+00  1.79979E-02
  0.0107 -1.84852E+00 -1.84702E+00   -1.49497E-03 7.9080157648E+02 7.8734710822E+02  0.00000E+00  0.00000E+00  0.00000E+00  1.79468E-02
  0.0107 -1.84310E+00 -1.84169E+00   -1.41261E-03 7.8895988588E+02 7.8550400501E+02  0.00000E+00  0.00000E+00  0.00000E+00  1.78942E-02
  0.0107 -1.83755E+00 -1.83622E+00   -1.33223E-03 7.8712366377E+02 7.8366645066E+02  0.00000E+00  0.00000E+00  0.00000E+00  1.78403E-02
  0.0108 -1.83189E+00 -1.83063E+00   -1.25331E-03 7.8529303081E+02 7.8183456439E+02  0.00000E+00  0.00000E+00  0.00000E+00  1.77853E-02
  0.0108 -1.82612E+00 -1.82494E+00   -1.17676E-03 7.8346809094E+02 7.8000844777E+02  0.00000E+00  0.00000E+00  0.00000E+00  1.77293E-02
  0.0108 -1.82026E+00 -1.81916E+00   -1.10391E-03 7.8164892992E+02 7.7818818284E+02  0.00000E+00  0.00000E+00  0.00000E+00  1.76725E-02
  0.0108 -1.81435E+00 -1.81331E+00   -1.03601E-03 7.7983561573E+02 7.7637383264E+02  0.00000E+00  0.00000E+00  0.00000E+00  1.76151E-02
  0.0109 -1.80839E+00 -1.80741E+00   -9.73809E-04 7.7802820154E+02 7.7456544463E+02  0.00000E+00  0.00000E+00  0.00000E+00  1.75572E-02
  0.0109 -1.80239E+00 -1.80147E+00   -9.17348E-04 7.7622673086E+02 7.7276305660E+02  0.00000E+00  0.00000E+00  0.00000E+00  1.74989E-02
  0.0109 -1.79635E+00 -1.79549E+00   -8.65931E-04 7.7443124400E+02 7.7096670382E+02  0.00000E+00  0.00000E+00  0.00000E+00  1.74403E-02
  0.0110 -1.79028E+00 -1.78946E+00   -8.18294E-04 7.7264178402E+02 7.6917642554E+02  0.00000E+00  0.00000E+00  0.00000E+00  1.73813E-02
  0.0110 -1.78416E+00 -1.78338E+00   -7.73797E-04 7.7085840134E+02 7.6739226906E+02  0.00000E+00  0.00000E+00  0.00000E+00  1.73219E-02
  0.0110 -1.77798E+00 -1.77725E+00   -7.29814E-04 7.6908115170E+02 7.6561428961E+02  0.00000E+00  0.00000E+00  0.00000E+00  1.72619E-02
  0.0110 -1.77174E+00 -1.77106E+00   -6.86101E-04 7.6731009438E+02 7.6384254619E+02  0.00000E+00  0.00000E+00  0.00000E+00  1.72014E-02
  0.0111 -1.76545E+00 -1.76481E+00   -6.42007E-04 7.6554528491E+02 7.6207709471E+02  0.00000E+00  0.00000E+00  0.00000E+00  1.71403E-02
  0.0111 -1.75911E+00 -1.75852E+00   -5.97960E-04 7.6378676792E+02 7.6031797976E+02  0.00000E+00  0.00000E+00  0.00000E+00  1.70788E-02
  0.0111 -1.75275E+00 -1.75220E+00   -5.55384E-04 7.6203457119E+02 7.5856522765E+02  0.00000E+00  0.00000E+00  0.00000E+00  1.70170E-02
  0.0112 -1.74638E+00 -1.74587E+00   -5.16069E-04 7.6028870237E+02 7.5681884276E+02  0.00000E+00  0.00000E+00  0.00000E+00  1.69552E-02
  0.0112 -1.74003E+00 -1.73955E+00   -4.81603E-04 7.5854914956E+02 7.5507880834E+02  0.00000E+00  0.00000E+00  0.00000E+00  1.68935E-02
  0.0112 -1.73372E+00 -1.73326E+00   -4.52931E-04 7.5681588547E+02 7.5334509132E+02  0.00000E+00  0.00000E+00  0.00000E+00  1.68322E-02
  0.0112 -1.72744E+00 -1.72701E+00   -4.30118E-04 7.5508887392E+02 7.5161764966E+02  0.00000E+00  0.00000E+00  0.00000E+00  1.67713E-02
  0.0113 -1.72121E+00 -1.72080E+00   -4.12349E-04 7.5336807712E+02 7.4989644051E+02  0.00000E+00  0.00000E+00  0.00000E+00  1.67108E-02
  0.0113 -1.71501E+00 -1.71462E+00   -3.98152E-04 7.5165346205E+02 7.4818142729E+02  0.00000E+00  0.00000E+00  0.00000E+00  1.66506E-02
  0.0113 -1.70884E+00 -1.70846E+00   -3.85750E-04 7.4994500508E+02 7.4647258456E+02  0.00000E+00  0.00000E+00  0.00000E+00  1.65907E-02
  0.0114 -1.70268E+00 -1.70231E+00   -3.73435E-04 7.4824269423E+02 7.4476990028E+02  0.00000E+00  0.00000E+00  0.00000E+00  1.65309E-02
  0.0114 -1.69652E+00 -1.69616E+00   -3.60317E-04 7.4654652963E+02 7.4307337537E+02  0.00000E+00  0.00000E+00  0.00000E+00  1.64711E-02
  0.0114 -1.69035E+00 -1.69001E+00   -3.46638E-04 7.4485652268E+02 7.4138302178E+02  0.00000E+00  0.00000E+00  0.00000E+00  1.64112E-02
  0.0114 -1.68416E+00 -1.68383E+00   -3.30005E-04 7.4317269090E+02 7.3969886000E+02  0.00000E+00  0.00000E+00  0.00000E+00  1.63511E-02
  0.0115 -1.67794E+00 -1.67763E+00   -3.10908E-04 7.4149505746E+02 7.3802091564E+02  0.00000E+00  0.00000E+00  0.00000E+00  1.62907E-02
  0.0115 -1.67170E+00 -1.67141E+00   -2.89838E-04 7.3982364803E+02 7.3634921637E+02  0.00000E+00  0.00000E+00  0.00000E+00  1.62301E-02
  0.0115 -1.66543E+00 -1.66516E+00   -2.67283E-04 7.3815848818E+02 7.3468378925E+02  0.00000E+00  0.00000E+00  0.00000E+00  1.61692E-02
  0.0116 -1.65913E+00 -1.65889E+00   -2.43781E-04 7.3649960133E+02 7.3302465862E+02  0.00000E+00  0.00000E+00  0.00000E+00  1.61081E-02
  0.0116 -1.65281E+00 -1.65259E+00   -2.19869E-04 7.3484700711E+02 7.3137184453E+02  0.00000E+00  0.00000E+00  0.00000E+00  1.60467E-02
  0.0116 -1.64648E+00 -1.64629E+00   -1.96039E-04 7.3320072026E+02 7.2972536163E+02  0.00000E+00  0.00000E+00  0.00000E+00  1.59853E-02
  0.0116 -1.64014E+00 -1.63997E+00   -1.72716E-04 7.3156074997E+02 7.2808521863E+02  0.00000E+00  0.00000E+00  0.00000E+00  1.59237E-02
  0.0117 -1.63380E+00 -1.63365E+00   -1.50239E-04 7.2992709985E+02 7.2645141827E+02  0.00000E+00  0.00000E+00  0.00000E+00  1.58621E-02
  0.0117 -1.62746E+00 -1.62733E+00   -1.28864E-04 7.2829976831E+02 7.2482395786E+02  0.00000E+00  0.00000E+00  0.00000E+00  1.58006E-02
  0.0117 -1.62113E+00 -1.62102E+00   -1.08743E-04 7.2667874947E+02 7.2320283029E+02  0.00000E+00  0.00000E+00  0.00000E+00  1.57391E-02
  0.0118 -1.61480E+00 -1.61471E+00   -8.98774E-05 7.2506403451E+02 7.2158802544E+02  0.00000E+00  0.00000E+00  0.00000E+00  1.56777E-02
  0.0118 -1.60849E+00 -1.60842E+00   -7.35820E-05 7.2345561400E+02 7.1997953136E+02  0.00000E+00  0.00000E+00  0.00000E+00  1.56164E-02
  0.0118 -1.60220E+00 -1.60214E+00   -5.88453E-05 7.2185347755E+02 7.1837733605E+02  0.00000E+00  0.00000E+00  0.00000E+00  1.55553E-02
  0.0118 -1.59591E+00 -1.59586E+00   -4.49791E-05 7.2025761554E+02 7.1678142907E+02  0.00000E+00  0.00000E+00  0.00000E+00  1.54942E-02
  0.0119 -1.58963E+00 -1.58960E+00   -3.14385E-05 7.1866802023E+02 7.1519180232E+02  0.00000E+00  0.00000E+00  0.00000E+00  1.54333E-02
  0.0119 -1.58335E+00 -1.58333E+00   -1.78458E-05 7.1708468608E+02 7.1360845032E+02  0.00000E+00  0.00000E+00  0.00000E+00  1.53723E-02
  0.0119 -1.57708E+00 -1.57708E+00   -3.94488E-06 7.1550760937E+02 7.1203136967E+02  0.00000E+00  0.00000E+00  0.00000E+00  1.53115E-02
  0.0120 -1.57081E+00 -1.57082E+00    1.03996E-05 7.1393678728E+02 7.1046055798E+02  0.00000E+00  0.00000E+00  0.00000E+00  1.52506E-02
  0.0120 -1.56455E+00 -1.56457E+00    2.51719E-05 7.1237221649E+02 7.0889601236E+02  0.00000E+00  0.00000E+00  0.00000E+00  1.51898E-02
  0.0120 -1.55828E+00 -1.55832E+00    4.01948E-05 7.1081389162E+02 7.0733772768E+02  0.00000E+00  0.00000E+00  0.00000E+00  1.51290E-02
  0.0120 -1.55203E+00 -1.55209E+00    5.51567E-05 7.0926180392E+02 7.0578569514E+02  0.00000E+00  0.00000E+00  0.00000E+00  1.50683E-02
  0.0121 -1.54579E+00 -1.54586E+00    6.96684E-05 7.0771594033E+02 7.0423990122E+02  0.00000E+00  0.00000E+00  0.00000E+00  1.50077E-02
  0.0121 -1.53957E+00 -1.53966E+00    8.33466E-05 7.0617628323E+02 7.0270032747E+02  0.00000E+00  0.00000E+00  0.00000E+00  1.49473E-02
  0.0121 -1.53338E+00 -1.53347E+00    9.58940E-05 7.0464281095E+02 7.0116695108E+02  0.00000E+00  0.00000E+00  0.00000E+00  1.48871E-02
  0.0122 -1.52721E+00 -1.52731E+00    1.07154E-04 7.0311549877E+02 6.9963974605E+02  0.00000E+00  0.00000E+00  0.00000E+00  1.48272E-02
  0.0122 -1.52106E+00 -1.52118E+00    1.17140E-04 7.0159432033E+02 6.9811868476E+02  0.00000E+00  0.00000E+00  0.00000E+00  1.47676E-02
  0.0122 -1.51495E+00 -1.51507E+00    1.26019E-04 7.0007924895E+02 6.9660373939E+02  0.00000E+00  0.00000E+00  0.00000E+00  1.47082E-02
  0.0122 -1.50886E+00 -1.50899E+00    1.34063E-04 6.9857025856E+02 6.9509488307E+02  0.00000E+00  0.00000E+00  0.00000E+00  1.46491E-02
  0.0123 -1.50279E+00 -1.50293E+00    1.41577E-04 6.9706732414E+02 6.9359209022E+02  0.00000E+00  0.00000E+00  0.00000E+00  1.45902E-02
  0.0123 -1.49675E+00 -1.49690E+00    1.48817E-04 6.9557042151E+02 6.9209533641E+02  0.00000E+00  0.00000E+00  0.00000E+00  1.45316E-02
  0.0123 -1.49074E+00 -1.49089E+00    1.55935E-04 6.9407952658E+02 6.9060459742E+02  0.00000E+00  0.00000E+00  0.00000E+00  1.44732E-02
  0.0124 -1.48475E+00 -1.48491E+00    1.62946E-04 6.9259461430E+02 6.8911984809E+02  0.00000E+00  0.00000E+00  0.00000E+00  1.44150E-02
  0.0124 -1.47879E+00 -1.47896E+00    1.69731E-04 6.9111565752E+02 6.8764106104E+02  0.00000E+00  0.00000E+00  0.00000E+00  1.43572E-02
  0.0124 -1.47286E+00 -1.47303E+00    1.76072E-04 6.8964262598E+02 6.8616820557E+02  0.00000E+00  0.00000E+00  0.00000E+00  1.42996E-02
  0.0124 -1.46696E+00 -1.46714E+00    1.81692E-04 6.8817548563E+02 6.8470124691E+02  0.00000E+00  0.00000E+00  0.00000E+00  1.42423E-02
  0.0125 -1.46110E+00 -1.46129E+00    1.86314E-04 6.8671419839E+02 6.8324014598E+02  0.00000E+00  0.00000E+00  0.00000E+00  1.41854E-02
  0.0125 -1.45529E+00 -1.45548E+00    1.89707E-04 6.8525872225E+02 6.8178485955E+02  0.00000E+00  0.00000E+00  0.00000E+00  1.41290E-02
  0.0125 -1.44952E+00 -1.44971E+00    1.91722E-04 6.8380901181E+02 6.8033534083E+02  0.00000E+00  0.00000E+00  0.00000E+00  1.40730E-02
  0.0126 -1.44380E+00 -1.44399E+00    1.92305E-04 6.8236501902E+02 6.7889154035E+02  0.00000E+00  0.00000E+00  0.00000E+00  1.40175E-02
  0.0126 -1.43813E+00 -1.43832E+00    1.91496E-04 6.8092669416E+02 6.7745340698E+02  0.00000E+00  0.00000E+00  0.00000E+00  1.39625E-02
  0.0126 -1.43252E+00 -1.43271E+00    1.89426E-04 6.7949398685E+02 6.7602088910E+02  0.00000E+00  0.00000E+00  0.00000E+00  1.39079E-02
  0.0126 -1.42695E+00 -1.42714E+00    1.86296E-04 6.7806684693E+02 6.7459393547E+02  0.00000E+00  0.00000E+00  0.00000E+00  1.38539E-02
  0.0127 -1.42144E+00 -1.42162E+00    1.82352E-04 6.7664522511E+02 6.7317249601E+02  0.00000E+00  0.00000E+00  0.00000E+00  1.38004E-02
  0.0127 -1.41597E+00 -1.41615E+00    1.77847E-04 6.7522907330E+02 6.7175652204E+02  0.00000E+00  0.00000E+00  0.00000E+00  1.37473E-02
  0.0127 -1.41056E+00 -1.41073E+00    1.73000E-04 6.7381834440E+02 6.7034596614E+02  0.00000E+00  0.00000E+00  0.00000E+00  1.36947E-02
  0.0128 -1.40518E+00 -1.40535E+00    1.67962E-04 6.7241299175E+02 6.6894078145E+02  0.00000E+00  0.00000E+00  0.00000E+00  1.36426E-02
  0.0128 -1.39986E+00 -1.40002E+00    1.62787E-04 6.7101296814E+02 6.6754092064E+02  0.00000E+00  0.00000E+00  0.00000E+00  1.35909E-02
  0.0128 -1.39459E+00 -1.39474E+00    1.57395E-04 6.6961822475E+02 6.6614633464E+02  0.00000E+00  0.00000E+00  0.00000E+00  1.35397E-02
  0.0128 -1.38936E+00 -1.38951E+00    1.51588E-04 6.6822871009E+02 6.6475697157E+02  0.00000E+00  0.00000E+00  0.00000E+00  1.34890E-02
  0.0129 -1.38420E+00 -1.38434E+00    1.45083E-04 6.6684436928E+02 6.6337277584E+02  0.00000E+00  0.00000E+00  0.00000E+00  1.34388E-02
  0.0129 -1.37909E+00 -1.37923E+00    1.37584E-04 6.6546514375E+02 6.6199368789E+02  0.00000E+00  0.00000E+00  0.00000E+00  1.33892E-02
  0.0129 -1.37404E+00 -1.37417E+00    1.28813E-04 6.6409097138E+02 6.6061964434E+02  0.00000E+00  0.00000E+00  0.00000E+00  1.33402E-02
  0.0130 -1.36907E+00 -1.36918E+00    1.18609E-04 6.6272178719E+02 6.5925057876E+02  0.00000E+00  0.00000E+00  0.00000E+00  1.32919E-02
  0.0130 -1.36416E+00 -1.36426E+00    1.07063E-04 6.6135752425E+02 6.5788642287E+02  0.00000E+00  0.00000E+00  0.00000E+00  1.32442E-02
  0.0130 -1.35932E+00 -1.35941E+00    9.41757E-05 6.5999811505E+02 6.5652710786E+02  0.00000E+00  0.00000E+00  0.00000E+00  1.31972E-02
  0.0130 -1.35454E+00 -1.35462E+00    8.01307E-05 6.5864349265E+02 6.5517256558E+02  0.00000E+00  0.00000E+00  0.00000E+00  1.31509E-02
  0.0131 -1.34984E+00 -1.34990E+00    6.49048E-05 6.5729359179E+02 6.5382272963E+02  0.00000E+00  0.00000E+00  0.00000E+00  1.31052E-02
  0.0131 -1.34519E+00 -1.34524E+00    4.89078E-05 6.5594834976E+02 6.5247753650E+02  0.00000E+00  0.00000E+00  0.00000E+00  1.30601E-02
  0.0131 -1.34061E+00 -1.34064E+00    3.31533E-05 6.5460770651E+02 6.5113692641E+02  0.00000E+00  0.00000E+00  0.00000E+00  1.30156E-02
  0.0132 -1.33608E+00 -1.33610E+00    1.76460E-05 6.5327160617E+02 6.4980084371E+02  0.00000E+00  0.00000E+00  0.00000E+00  1.29717E-02
  0.0132 -1.33161E+00 -1.33161E+00    2.58231E-06 6.5193999723E+02 6.4846923735E+02  0.00000E+00  0.00000E+00  0.00000E+00  1.29282E-02
  0.0132 -1.32718E+00 -1.32716E+00   -1.17096E-05 6.5061283317E+02 6.4714206159E+02  0.00000E+00  0.00000E+00  0.00000E+00  1.28852E-02
  0.0132 -1.32278E+00 -1.32276E+00   -2.49282E-05 6.4929007322E+02 6.4581927671E+02  0.00000E+00  0.00000E+00  0.00000E+00  1.28426E-02
  0.0133 -1.31843E+00 -1.31839E+00   -3.67655E-05 6.4797168312E+02 6.4450084985E+02  0.00000E+00  0.00000E+00  0.00000E+00  1.28003E-02
  0.0133 -1.31409E+00 -1.31405E+00   -4.69032E-05 6.4665763579E+02 6.4318675561E+02  0.00000E+00  0.00000E+00  0.00000E+00  1.27582E-02
  0.0133 -1.30978E+00 -1.30972E+00   -5.50136E-05 6.4534791190E+02 6.4187697671E+02  0.00000E+00  0.00000E+00  0.00000E+00  1.27163E-02
  0.0134 -1.30547E+00 -1.30541E+00   -6.07930E-05 6.4404250029E+02 6.4057150430E+02  0.00000E+00  0.00000E+00  0.00000E+00  1.26745E-02
  0.0134 -1.30117E+00 -1.30110E+00   -6.39420E-05 6.4274139801E+02 6.3927033808E+02  0.00000E+00  0.00000E+00  0.00000E+00  1.26327E-02
  0.0134 -1.29685E+00 -1.29679E+00   -6.41385E-05 6.4144461000E+02 6.3797348593E+02  0.00000E+00  0.00000E+00  0.00000E+00  1.25908E-02
  0.0134 -1.29252E+00 -1.29246E+00   -6.11776E-05 6.4015214809E+02 6.3668096285E+02  0.00000E+00  0.00000E+00  0.00000E+00  1.25488E-02
  0.0135 -1.28817E+00 -1.28812E+00   -5.50794E-05 6.3886402962E+02 6.3539278930E+02  0.00000E+00  0.00000E+00  0.00000E+00  1.25065E-02
  0.0135 -1.28380E+00 -1.28375E+00   -4.59668E-05 6.3758027556E+02 6.3410898927E+02  0.00000E+00  0.00000E+00  0.00000E+00  1.24641E-02
  0.0135 -1.27940E+00 -1.27937E+00   -3.42068E-05 6.3630090849E+02 6.3282958799E+02  0.00000E+00  0.00000E+00  0.00000E+00  1.24214E-02
  0.0136 -1.27498E+00 -1.27496E+00   -2.03671E-05 6.3502595050E+02 6.3155460964E+02  0.00000E+00  0.00000E+00  0.00000E+00  1.23784E-02
  0.0136 -1.27053E+00 -1.27053E+00   -5.12165E-06 6.3375542117E+02 6.3028407519E+02  0.00000E+00  0.00000E+00  0.00000E+00  1.23353E-02
  0.0136 -1.26607E+00 -1.26609E+00    1.08063E-05 6.3248933567E+02 6.2901800049E+02  0.00000E+00  0.00000E+00  0.00000E+00  1.22920E-02
  0.0136 -1.26161E+00 -1.26163E+00    2.66806E-05 6.3122770328E+02 6.2775639478E+02  0.00000E+00  0.00000E+00  0.00000E+00  1.22486E-02
  0.0137 -1.25714E+00 -1.25718E+00    4.17912E-05 6.2997052626E+02 6.2649925956E+02  0.00000E+00  0.00000E+00  0.00000E+00  1.22052E-02
  0.0137 -1.25267E+00 -1.25273E+00    5.54919E-05 6.2871779909E+02 6.2524658788E+02  0.00000E+00  0.00000E+00  0.00000E+00  1.21619E-02
  0.0137 -1.24822E+00 -1.24829E+00    6.72282E-05 6.2746950797E+02 6.2399836398E+02  0.00000E+00  0.00000E+00  0.00000E+00  1.21187E-02
  0.0138 -1.24380E+00 -1.24388E+00    7.65536E-05 6.2622563062E+02 6.2275456319E+02  0.00000E+00  0.00000E+00  0.00000E+00  1.20757E-02
  0.0138 -1.23941E+00 -1.23949E+00    8.31263E-05 6.2498613631E+02 6.2151515201E+02  0.00000E+00  0.00000E+00  0.00000E+00  1.20331E-02
  0.0138 -1.23506E+00 -1.23515E+00    8.67101E-05 6.2375098593E+02 6.2028008833E+02  0.00000E+00  0.00000E+00  0.00000E+00  1.19909E-02
  0.0138 -1.23077E+00 -1.23085E+00    8.71573E-05 6.2252013225E+02 6.1904932181E+02  0.00000E+00  0.00000E+00  0.00000E+00  1.19492E-02
  0.0139 -1.22653E+00 -1.22661E+00    8.43972E-05 6.2129352034E+02 6.1782279429E+02  0.00000E+00  0.00000E+00  0.00000E+00  1.19080E-02
  0.0139 -1.22235E+00 -1.22243E+00    7.84257E-05 6.2007108807E+02 6.1660044045E+02  0.00000E+00  0.00000E+00  0.00000E+00  1.18675E-02
  0.0139 -1.21825E+00 -1.21832E+00    6.93003E-05 6.1885276685E+02 6.1538218854E+02  0.00000E+00  0.00000E+00  0.00000E+00  1.18277E-02
  0.0140 -1.21423E+00 -1.21428E+00    5.71400E-05 6.1763848260E+02 6.1416796142E+02  0.00000E+00  0.00000E+00  0.00000E+00  1.17886E-02
  0.0140 -1.21028E+00 -1.21033E+00    4.21287E-05 6.1642815687E+02 6.1295767782E+02  0.00000E+00  0.00000E+00  0.00000E+00  1.17503E-02
  0.0140 -1.20642E+00 -1.20645E+00    2.45210E-05 6.1522170827E+02 6.1175125374E+02  0.00000E+00  0.00000E+00  0.00000E+00  1.17129E-02
  0.0140 -1.20265E+00 -1.20265E+00    4.64653E-06 6.1401905403E+02 6.1054860416E+02  0.00000E+00  0.00000E+00  0.00000E+00  1.16762E-02
  0.0141 -1.19896E+00 -1.19894E+00   -1.70897E-05 6.1282011175E+02 6.0934964478E+02  0.00000E+00  0.00000E+00  0.00000E+00  1.16404E-02
  0.0141 -1.19535E+00 -1.19531E+00   -4.02101E-05 6.1162480114E+02 6.0815429396E+02  0.00000E+00  0.00000E+00  0.00000E+00  1.16053E-02
  0.0141 -1.19182E+00 -1.19176E+00   -6.41731E-05 6.1043304581E+02 6.0696247446E+02  0.00000E+00  0.00000E+00  0.00000E+00  1.15711E-02
  0.0142 -1.18836E+00 -1.18827E+00   -8.83892E-05 6.0924477497E+02 6.0577411523E+02  0.00000E+00  0.00000E+00  0.00000E+00  1.15375E-02
  0.0142 -1.18496E+00 -1.18485E+00   -1.12241E-04 6.0805992487E+02 6.0458915288E+02  0.00000E+00  0.00000E+00  0.00000E+00  1.15045E-02
  0.0142 -1.18162E+00 -1.18148E+00   -1.35105E-04 6.0687844002E+02 6.0340753293E+02  0.00000E+00  0.00000E+00  0.00000E+00  1.14720E-02
  0.0142 -1.17832E+00 -1.17817E+00   -1.56384E-04 6.0570027408E+02 6.0222921060E+02  0.00000E+00  0.00000E+00  0.00000E+00  1.14400E-02
  0.0143 -1.17506E+00 -1.17488E+00   -1.75526E-04 6.0452539032E+02 6.0105415132E+02  0.00000E+00  0.00000E+00  0.00000E+00  1.14083E-02
  0.0143 -1.17182E+00 -1.17163E+00   -1.92064E-04 6.0335376172E+02 5.9988233066E+02  0.00000E+00  0.00000E+00  0.00000E+00  1.13769E-02
  0.0143 -1.16860E+00 -1.16839E+00   -2.05630E-04 6.0218537067E+02 5.9871373397E+02  0.00000E+00  0.00000E+00  0.00000E+00  1.13456E-02
  0.0144 -1.16538E+00 -1.16516E+00   -2.15973E-04 6.0102020824E+02 5.9754835558E+02  0.00000E+00  0.00000E+00  0.00000E+00  1.13144E-02
  0.0144 -1.16216E+00 -1.16194E+00   -2.22973E-04 5.9985827323E+02 5.9638619760E+02  0.00000E+00  0.00000E+00  0.00000E+00  1.12831E-02
  0.0144 -1.15893E+00 -1.15870E+00   -2.26641E-04 5.9869957089E+02 5.9522726861E+02  0.00000E+00  0.00000E+00  0.00000E+00  1.12517E-02
  0.0144 -1.15569E+00 -1.15546E+00   -2.27117E-04 5.9754411147E+02 5.9407158207E+02  0.00000E+00  0.00000E+00  0.00000E+00  1.12203E-02
  0.0145 -1.15243E+00 -1.15220E+00   -2.24655E-04 5.9639190871E+02 5.9291915466E+02  0.00000E+00  0.00000E+00  0.00000E+00  1.11886E-02
  0.0145 -1.14915E+00 -1.14893E+00   -2.19606E-04 5.9524297830E+02 5.9177000464E+02  0.00000E+00  0.00000E+00  0.00000E+00  1.11568E-02
  0.0145 -1.14585E+00 -1.14564E+00   -2.12396E-04 5.9409733624E+02 5.9062415019E+02  0.00000E+00  0.00000E+00  0.00000E+00  1.11248E-02
  0.0146 -1.14254E+00 -1.14234E+00   -2.03505E-04 5.9295499740E+02 5.8948160784E+02  0.00000E+00  0.00000E+00  0.00000E+00  1.10926E-02
  0.0146 -1.13922E+00 -1.13902E+00   -1.93447E-04 5.9181597404E+02 5.8834239104E+02  0.00000E+00  0.00000E+00  0.00000E+00  1.10604E-02
  0.0146 -1.13588E+00 -1.13570E+00   -1.82758E-04 5.9068027453E+02 5.8720650876E+02  0.00000E+00  0.00000E+00  0.00000E+00  1.10280E-02
  0.0146 -1.13254E+00 -1.13237E+00   -1.71973E-04 5.8954790211E+02 5.8607396437E+02  0.00000E+00  0.00000E+00  0.00000E+00  1.09956E-02
  0.0147 -1.12921E+00 -1.12905E+00   -1.61620E-04 5.8841885392E+02 5.8494475457E+02  0.00000E+00  0.00000E+00  0.00000E+00  1.09632E-02
  0.0147 -1.12589E+00 -1.12573E+00   -1.52205E-04 5.8729312019E+02 5.8381886863E+02  0.00000E+00  0.00000E+00  0.00000E+00  1.09309E-02
  0.0147 -1.12258E+00 -1.12244E+00   -1.44197E-04 5.8617068359E+02 5.8269628783E+02  0.00000E+00  0.00000E+00  0.00000E+00  1.08988E-02
  0.0148 -1.11930E+00 -1.11916E+00   -1.38022E-04 5.8505151898E+02 5.8157698520E+02  0.00000E+00  0.00000E+00  0.00000E+00  1.08670E-02
  0.0148 -1.11606E+00 -1.11593E+00   -1.34050E-04 5.8393559336E+02 5.8046092553E+02  0.00000E+00  0.00000E+00  0.00000E+00  1.08355E-02
  0.0148 -1.11286E+00 -1.11273E+00   -1.32577E-04 5.8282286617E+02 5.7934806576E+02  0.00000E+00  0.00000E+00  0.00000E+00  1.08045E-02
  0.0148 -1.10971E+00 -1.10958E+00   -1.33819E-04 5.8171328988E+02 5.7823835566E+02  0.00000E+00  0.00000E+00  0.00000E+00  1.07739E-02
  0.0149 -1.10662E+00 -1.10648E+00   -1.37896E-04 5.8060681093E+02 5.7713173881E+02  0.00000E+00  0.00000E+00  0.00000E+00  1.07439E-02
  0.0149 -1.10358E+00 -1.10344E+00   -1.44825E-04 5.7950337088E+02 5.7602815394E+02  0.00000E+00  0.00000E+00  0.00000E+00  1.07144E-02
  0.0149 -1.10062E+00 -1.10046E+00   -1.54515E-04 5.7840290782E+02 5.7492753636E+02  0.00000E+00  0.00000E+00  0.00000E+00  1.06856E-02
  0.0150 -1.09772E+00 -1.09755E+00   -1.66767E-04 5.7730535795E+02 5.7382981972E+02  0.00000E+00  0.00000E+00  0.00000E+00  1.06574E-02
  0.0150 -1.09488E+00 -1.09470E+00   -1.81274E-04 5.7621065721E+02 5.7273493770E+02  0.00000E+00  0.00000E+00  0.00000E+00  1.06299E-02
  0.0150 -1.09211E+00 -1.09191E+00   -1.97615E-04 5.7511874298E+02 5.7164282586E+02  0.00000E+00  0.00000E+00  0.00000E+00  1.06030E-02
  0.0150 -1.08940E+00 -1.08919E+00   -2.15287E-04 5.7402955568E+02 5.7055342327E+02  0.00000E+00  0.00000E+00  0.00000E+00  1.05767E-02
  0.0151 -1.08675E+00 -1.08652E+00   -2.33757E-04 5.7294304020E+02 5.6946667404E+02  0.00000E+00  0.00000E+00  0.00000E+00  1.05510E-02
  0.0151 -1.08415E+00 -1.08389E+00   -2.52476E-04 5.7185914721E+02 5.6838252857E+02  0.00000E+00  0.00000E+00  0.00000E+00  1.05257E-02
  0.0151 -1.08158E+00 -1.08131E+00   -2.70875E-04 5.7077783411E+02 5.6730094459E+02  0.00000E+00  0.00000E+00  0.00000E+00  1.05008E-02
  0.0152 -1.07906E+00 -1.07877E+00   -2.88383E-04 5.6969906569E+02 5.6622188779E+02  0.00000E+00  0.00000E+00  0.00000E+00  1.04763E-02
  0.0152 -1.07656E+00 -1.07625E+00   -3.04151E-04 5.6862281411E+02 5.6514533207E+02  0.00000E+00  0.00000E+00  0.00000E+00  1.04520E-02
  0.0152 -1.07407E+00 -1.07375E+00   -3.18348E-04 5.6754905987E+02 5.6407125947E+02  0.00000E+00  0.00000E+00  0.00000E+00  1.04279E-02
  0.0152 -1.07160E+00 -1.07127E+00   -3.30282E-04 5.6647779046E+02 5.6299965978E+02  0.00000E+00  0.00000E+00  0.00000E+00  1.04039E-02
  0.0153 -1.06913E+00 -1.06879E+00   -3.39705E-04 5.6540900011E+02 5.6193052973E+02  0.00000E+00  0.00000E+00  0.00000E+00  1.03799E-02
  0.0153 -1.06666E+00 -1.06631E+00   -3.46489E-04 5.6434268883E+02 5.6086387196E+02  0.00000E+00  0.00000E+00  0.00000E+00  1.03559E-02
  0.0153 -1.06418E+00 -1.06383E+00   -3.50642E-04 5.6327886133E+02 5.5979969382E+02  0.00000E+00  0.00000E+00  0.00000E+00  1.03318E-02
  0.0154 -1.06169E+00 -1.06134E+00   -3.52259E-04 5.6221752590E+02 5.5873800612E+02  0.00000E+00  0.00000E+00  0.00000E+00  1.03076E-02
  0.0154 -1.05918E+00 -1.05883E+00   -3.51503E-04 5.6115869309E+02 5.5767882181E+02  0.00000E+00  0.00000E+00  0.00000E+00  1.02833E-02
  0.0154 -1.05667E+00 -1.05632E+00   -3.48623E-04 5.6010237455E+02 5.5662215465E+02  0.00000E+00  0.00000E+00  0.00000E+00  1.02589E-02
  0.0155 -1.05414E+00 -1.05379E+00   -3.43941E-04 5.5904858184E+02 5.5556801800E+02  0.00000E+00  0.00000E+00  0.00000E+00  1.02343E-02
  0.0155 -1.05159E+00 -1.05126E+00   -3.37837E-04 5.5799732539E+02 5.5451642372E+02  0.00000E+00  0.00000E+00  0.00000E+00  1.02097E-02
  0.0155 -1.04904E+00 -1.04871E+00   -3.30724E-04 5.5694861348E+02 5.5346738108E+02  0.00000E+00  0.00000E+00  0.00000E+00  1.01849E-02
  0.0155 -1.04649E+00 -1.04616E+00   -3.23031E-04 5.5590245138E+02 5.5242089594E+02  0.00000E+00  0.00000E+00  0.00000E+00  1.01600E-02
  0.0156 -1.04393E+00 -1.04361E+00   -3.15183E-04 5.5485884058E+02 5.5137696997E+02  0.00000E+00  0.00000E+00  0.00000E+00  1.01352E-02
  0.0156 -1.04137E+00 -1.04106E+00   -3.07597E-04 5.5381777819E+02 5.5033559997E+02  0.00000E+00  0.00000E+00  0.00000E+00  1.01104E-02
  0.0156 -1.03882E+00 -1.03852E+00   -3.00659E-04 5.5277925634E+02 5.4929677747E+02  0.00000E+00  0.00000E+00  0.00000E+00  1.00857E-02
  0.0157 -1.03629E+00 -1.03599E+00   -2.94730E-04 5.5174326190E+02 5.4826048830E+02  0.00000E+00  0.00000E+00  0.00000E+00  1.00611E-02
  0.0157 -1.03378E+00 -1.03349E+00   -2.90132E-04 5.5070977627E+02 5.4722671254E+02  0.00000E+00  0.00000E+00  0.00000E+00  1.00367E-02
  0.0157 -1.03129E+00 -1.03100E+00   -2.87144E-04 5.4967877542E+02 5.4619542454E+02  0.00000E+00  0.00000E+00  0.00000E+00  1.00125E-02
  0.0157 -1.02883E+00 -1.02855E+00   -2.85991E-04 5.4865023017E+02 5.4516659330E+02  0.00000E+00  0.00000E+00  0.00000E+00  9.98865E-03
  0.0158 -1.02641E+00 -1.02612E+00   -2.86835E-04 5.4762410683E+02 5.4414018313E+02  0.00000E+00  0.00000E+00  0.00000E+00  9.96515E-03
  0.0158 -1.02403E+00 -1.02374E+00   -2.89760E-04 5.4660036796E+02 5.4311615450E+02  0.00000E+00  0.00000E+00  0.00000E+00  9.94203E-03
  0.0158 -1.02169E+00 -1.02139E+00   -2.94760E-04 5.4557897354E+02 5.4209446531E+02  0.00000E+00  0.00000E+00  0.00000E+00  9.91931E-03
  0.0159 -1.01939E+00 -1.01909E+00   -3.01729E-04 5.4455988220E+02 5.4107507225E+02  0.00000E+00  0.00000E+00  0.00000E+00  9.89702E-03
  0.0159 -1.01714E+00 -1.01683E+00   -3.10450E-04 5.4354305275E+02 5.4005793235E+02  0.00000E+00  0.00000E+00  0.00000E+00  9.87514E-03
  0.0159 -1.01493E+00 -1.01461E+00   -3.20611E-04 5.4252844559E+02 5.3904300457E+02  0.00000E+00  0.00000E+00  0.00000E+00  9.85367E-03
  0.0159 -1.01275E+00 -1.01242E+00   -3.31797E-04 5.4151602413E+02 5.3803025132E+02  0.00000E+00  0.00000E+00  0.00000E+00  9.83256E-03
  0.0160 -1.01061E+00 -1.01027E+00   -3.43512E-04 5.4050575609E+02 5.3701963977E+02  0.00000E+00  0.00000E+00  0.00000E+00  9.81176E-03
  0.0160 -1.00850E+00 -1.00814E+00   -3.55200E-04 5.3949761442E+02 5.3601114290E+02  0.00000E+00  0.00000E+00  0.00000E+00  9.79123E-03
  0.0160 -1.00640E+00 -1.00604E+00   -3.66268E-04 5.3849157805E+02 5.3500474026E+02  0.00000E+00  0.00000E+00  0.00000E+00  9.77090E-03
  0.0161 -1.00432E+00 -1.00395E+00   -3.76204E-04 5.3748763220E+02 5.3400041820E+02  0.00000E+00  0.00000E+00  0.00000E+00  9.75070E-03
  0.0161 -1.00225E+00 -1.00186E+00   -3.84577E-04 5.3648576834E+02 5.3299816977E+02  0.00000E+00  0.00000E+00  0.00000E+00  9.73057E-03
  0.0161 -1.00018E+00 -9.99784E-01   -3.91059E-04 5.3548598388E+02 5.3199799424E+02  0.00000E+00  0.00000E+00  0.00000E+00  9.71044E-03
  0.0161 -9.98098E-01 -9.97702E-01   -3.95457E-04 5.3448828149E+02 5.3099989640E+02  0.00000E+00  0.00000E+00  0.00000E+00  9.69027E-03
  0.0162 -9.96011E-01 -9.95613E-01   -3.97719E-04 5.3349266821E+02 5.3000388541E+02  0.00000E+00  0.00000E+00  0.00000E+00  9.67001E-03
  0.0162 -9.93912E-01 -9.93514E-01   -3.97882E-04 5.3249915449E+02 5.2900997380E+02  0.00000E+00  0.00000E+00  0.00000E+00  9.64963E-03
  0.0162 -9.91797E-01 -9.91401E-01   -3.96021E-04 5.3150775324E+02 5.2801817652E+02  0.00000E+00  0.00000E+00  0.00000E+00  9.62910E-03
  0.0163 -9.89667E-01 -9.89274E-01   -3.92274E-04 5.3051847892E+02 5.2702850993E+02  0.00000E+00  0.00000E+00  0.00000E+00  9.60841E-03
  0.0163 -9.87519E-01 -9.87132E-01   -3.86869E-04 5.2953134661E+02 5.2604099075E+02  0.00000E+00  0.00000E+00  0.00000E+00  9.58756E-03
  0.0163 -9.85356E-01 -9.84975E-01   -3.80093E-04 5.2854637119E+02 5.2505563524E+02  0.00000E+00  0.00000E+00  0.00000E+00  9.56656E-03
  0.0163 -9.83177E-01 -9.82805E-01   -3.72276E-04 5.2756356662E+02 5.2407245840E+02  0.00000E+00  0.00000E+00  0.00000E+00  9.54541E-03
  0.0164 -9.80985E-01 -9.80621E-01   -3.63760E-04 5.2658294545E+02 5.2309147347E+02  0.00000E+00  0.00000E+00  0.00000E+00  9.52413E-03
  0.0164 -9.78782E-01 -9.78427E-01   -3.54876E-04 5.2560451835E+02 5.2211269149E+02  0.00000E+00  0.00000E+00  0.00000E+00  9.50274E-03
  0.0164 -9.76570E-01 -9.76225E-01   -3.45917E-04 5.2462829378E+02 5.2113612101E+02  0.00000E+00  0.00000E+00  0.00000E+00  9.48127E-03
  0.0165 -9.74353E-01 -9.74016E-01   -3.37134E-04 5.2365427778E+02 5.2016176787E+02  0.00000E+00  0.00000E+00  0.00000E+00  9.45974E-03
  0.0165 -9.72133E-01 -9.71804E-01   -3.28734E-04 5.2268247364E+02 5.1918963499E+02  0.00000E+00  0.00000E+00  0.00000E+00  9.43818E-03
  0.0165 -9.69913E-01 -9.69592E-01   -3.20888E-04 5.2171288168E+02 5.1821972215E+02  0.00000E+00  0.00000E+00  0.00000E+00  9.41663E-03
  0.0165 -9.67696E-01 -9.67383E-01   -3.13754E-04 5.2074549912E+02 5.1725202584E+02  0.00000E+00  0.00000E+00  0.00000E+00  9.39511E-03
  0.0166 -9.65487E-01 -9.65179E-01   -3.07471E-04 5.1978031997E+02 5.1628653921E+02  0.00000E+00  0.00000E+00  0.00000E+00  9.37366E-03
  0.0166 -9.63287E-01 -9.62985E-01   -3.02189E-04 5.1881733503E+02 5.1532325208E+02  0.00000E+00  0.00000E+00  0.00000E+00  9.35230E-03
  0.0166 -9.61101E-01 -9.60803E-01   -2.98012E-04 5.1785653200E+02 5.1436215104E+02  0.00000E+00  0.00000E+00  0.00000E+00  9.33108E-03
  0.0167 -9.58931E-01 -9.58636E-01   -2.95009E-04 5.1689789568E+02 5.1340321971E+02  0.00000E+00  0.00000E+00  0.00000E+00  9.31001E-03
  0.0167 -9.56781E-01 -9.56487E-01   -2.93241E-04 5.1594140840E+02 5.1244643919E+02  0.00000E+00  0.00000E+00  0.00000E+00  9.28913E-03
  0.0167 -9.54651E-01 -9.54358E-01   -2.92789E-04 5.1498705061E+02 5.1149178861E+02  0.00000E+00  0.00000E+00  0.00000E+00  9.26845E-03
  0.0167 -9.52543E-01 -9.52249E-01   -2.93714E-04 5.1403480168E+02 5.1053924597E+02  0.00000E+00  0.00000E+00  0.00000E+00  9.24799E-03
  0.0168 -9.50457E-01 -9.50161E-01   -2.95931E-04 5.1308464088E+02 5.0958878924E+02  0.00000E+00  0.00000E+00  0.00000E+00  9.22774E-03
  0.0168 -9.48392E-01 -9.48092E-01   -2.99235E-04 5.1213654841E+02 5.0864039753E+02  0.00000E+00  0.00000E+00  0.00000E+00  9.20769E-03
  0.0168 -9.46345E-01 -9.46042E-01   -3.03297E-04 5.1119050639E+02 5.0769405222E+02  0.00000E+00  0.00000E+00  0.00000E+00  9.18782E-03
  0.0169 -9.44314E-01 -9.44007E-01   -3.07685E-04 5.1024649974E+02 5.0674973788E+02  0.00000E+00  0.00000E+00  0.00000E+00  9.16810E-03
  0.0169 -9.42295E-01 -9.41983E-01   -3.12022E-04 5.0930451676E+02 5.0580744288E+02  0.00000E+00  0.00000E+00  0.00000E+00  9.14850E-03
  0.0169 -9.40283E-01 -9.39967E-01   -3.16082E-04 5.0836454971E+02 5.0486715975E+02  0.00000E+00  0.00000E+00  0.00000E+00  9.12896E-03
  0.0169 -9.38274E-01 -9.37955E-01   -3.19475E-04 5.0742659470E+02 5.0392888526E+02  0.00000E+00  0.00000E+00  0.00000E+00  9.10946E-03
  0.0170 -9.36265E-01 -9.35943E-01   -3.21876E-04 5.0649065173E+02 5.0299262042E+02  0.00000E+00  0.00000E+00  0.00000E+00  9.08995E-03
  0.0170 -9.34250E-01 -9.33927E-01   -3.23041E-04 5.0555672432E+02 5.0205836996E+02  0.00000E+00  0.00000E+00  0.00000E+00  9.07039E-03
  0.0170 -9.32228E-01 -9.31905E-01   -3.22815E-04 5.0462481903E+02 5.0112614186E+02  0.00000E+00  0.00000E+00  0.00000E+00  9.05076E-03
  0.0171 -9.30195E-01 -9.29874E-01   -3.21135E-04 5.0369494482E+02 5.0019594652E+02  0.00000E+00  0.00000E+00  0.00000E+00  9.03102E-03
  0.0171 -9.28151E-01 -9.27833E-01   -3.18025E-04 5.0276711231E+02 4.9926779598E+02  0.00000E+00  0.00000E+00  0.00000E+00  9.01117E-03
  0.0171 -9.26093E-01 -9.25779E-01   -3.13591E-04 5.0184133308E+02 4.9834170316E+02  0.00000E+00  0.00000E+00  0.00000E+00  8.99119E-03
  0.0171 -9.24022E-01 -9.23714E-01   -3.08004E-04 5.0091761903E+02 4.9741768111E+02  0.00000E+00  0.00000E+00  0.00000E+00  8.97109E-03
  0.0172 -9.21939E-01 -9.21637E-01   -3.01482E-04 4.9999598183E+02 4.9649574242E+02  0.00000E+00  0.00000E+00  0.00000E+00  8.95086E-03
  0.0172 -9.19844E-01 -9.19549E-01   -2.94273E-04 4.9907643247E+02 4.9557589880E+02  0.00000E+00  0.00000E+00  0.00000E+00  8.93052E-03
  0.0172 -9.17738E-01 -9.17451E-01   -2.86620E-04 4.9815898103E+02 4.9465816073E+02  0.00000E+00  0.00000E+00  0.00000E+00  8.91008E-03
  0.0173 -9.15623E-01 -9.15345E-01   -2.78748E-04 4.9724363642E+02 4.9374253737E+02  0.00000E+00  0.00000E+00  0.00000E+00  8.88955E-03
  0.0173 -9.13501E-01 -9.13230E-01   -2.70855E-04 4.9633040636E+02 4.9282903646E+02  0.00000E+00  0.00000E+00  0.00000E+00  8.86894E-03
  0.0173 -9.11372E-01 -9.11109E-01   -2.63077E-04 4.9541929732E+02 4.9191766434E+02  0.00000E+00  0.00000E+00  0.00000E+00  8.84827E-03
  0.0173 -9.09238E-01 -9.08983E-01   -2.55526E-04 4.9451031451E+02 4.9100842601E+02  0.00000E+00  0.00000E+00  0.00000E+00  8.82756E-03
  0.0174 -9.07101E-01 -9.06853E-01   -2.48293E-04 4.9360346191E+02 4.9010132512E+02  0.00000E+00  0.00000E+00  0.00000E+00  8.80680E-03
  0.0174 -9.04961E-01 -9.04720E-01   -2.41419E-04 4.9269874215E+02 4.8919636393E+02  0.00000E+00  0.00000E+00  0.00000E+00  8.78603E-03
  0.0174 -9.02821E-01 -9.02586E-01   -2.34933E-04 4.9179615640E+02 4.8829354325E+02  0.00000E+00  0.00000E+00  0.00000E+00  8.76525E-03
  0.0175 -9.00681E-01 -9.00452E-01   -2.28855E-04 4.9089570425E+02 4.8739286225E+02  0.00000E+00  0.00000E+00  0.00000E+00  8.74448E-03
  0.0175 -8.98544E-01 -8.98321E-01   -2.23217E-04 4.8999738355E+02 4.8649431833E+02  0.00000E+00  0.00000E+00  0.00000E+00  8.72373E-03
  0.0175 -8.96411E-01 -8.96193E-01   -2.18068E-04 4.8910119027E+02 4.8559790698E+02  0.00000E+00  0.00000E+00  0.00000E+00  8.70302E-03
  0.0175 -8.94285E-01 -8.94072E-01   -2.13476E-04 4.8820711844E+02 4.8470362167E+02  0.00000E+00  0.00000E+00  0.00000E+00  8.68238E-03
  0.0176 -8.92168E-01 -8.91958E-01   -2.09520E-04 4.8731516022E+02 4.8381145393E+02  0.00000E+00  0.00000E+00  0.00000E+00  8.66182E-03
  0.0176 -8.90060E-01 -8.89854E-01   -2.06283E-04 4.8642530604E+02 4.8292139347E+02  0.00000E+00  0.00000E+00  0.00000E+00  8.64136E-03
  0.0176 -8.87965E-01 -8.87761E-01   -2.03867E-04 4.8553754500E+02 4.8203342857E+02  0.00000E+00  0.00000E+00  0.00000E+00  8.62102E-03
  0.0177 -8.85882E-01 -8.85680E-01   -2.02350E-04 4.8465186527E+02 4.8114754649E+02  0.00000E+00  0.00000E+00  0.00000E+00  8.60080E-03
  0.0177 -8.83812E-01 -8.83611E-01   -2.01573E-04 4.8376825452E+02 4.8026373416E+02  0.00000E+00  0.00000E+00  0.00000E+00  8.58070E-03
  0.0177 -8.81755E-01 -8.81554E-01   -2.01530E-04 4.8288670064E+02 4.7938197875E+02  0.00000E+00  0.00000E+00  0.00000E+00  8.56073E-03
  0.0177 -8.79710E-01 -8.79508E-01   -2.02130E-04 4.8200719234E+02 4.7850226832E+02  0.00000E+00  0.00000E+00  0.00000E+00  8.54088E-03
  0.0178 -8.77676E-01 -8.77473E-01   -2.03195E-04 4.8112971962E+02 4.7762459241E+02  0.00000E+00  0.00000E+00  0.00000E+00  8.52113E-03
  0.0178 -8.75650E-01 -8.75445E-01   -2.04502E-04 4.8025427420E+02 4.7674894248E+02  0.00000E+00  0.00000E+00  0.00000E+00  8.50146E-03
  0.0178 -8.73630E-01 -8.73424E-01   -2.05807E-04 4.7938084978E+02 4.7587531225E+02  0.00000E+00  0.00000E+00  0.00000E+00  8.48185E-03
  0.0179 -8.71614E-01 -8.71408E-01   -2.06877E-04 4.7850944219E+02 4.7500369779E+02  0.00000E+00  0.00000E+00  0.00000E+00  8.46228E-03
  0.0179 -8.69600E-01 -8.69393E-01   -2.07499E-04 4.7764004936E+02 4.7413409746E+02  0.00000E+00  0.00000E+00  0.00000E+00  8.44272E-03
  0.0179 -8.67586E-01 -8.67378E-01   -2.07500E-04 4.7677267108E+02 4.7326651168E+02  0.00000E+00  0.00000E+00  0.00000E+00  8.42316E-03
  0.0179 -8.65569E-01 -8.65362E-01   -2.06760E-04 4.7590730873E+02 4.7240094257E+02  0.00000E+00  0.00000E+00  0.00000E+00  8.40358E-03
  0.0180 -8.63549E-01 -8.63344E-01   -2.05223E-04 4.7504396488E+02 4.7153739350E+02  0.00000E+00  0.00000E+00  0.00000E+00  8.38397E-03
  0.0180 -8.61525E-01 -8.61322E-01   -2.02891E-04 4.7418264290E+02 4.7067586863E+02  0.00000E+00  0.00000E+00  0.00000E+00  8.36432E-03
  0.0180 -8.59496E-01 -8.59296E-01   -1.99821E-04 4.7332334652E+02 4.6981637243E+02  0.00000E+00  0.00000E+00  0.00000E+00  8.34462E-03
  0.0181 -8.57463E-01 -8.57267E-01   -1.96117E-04 4.7246607948E+02 4.6895890927E+02  0.00000E+00  0.00000E+00  0.00000E+00  8.32489E-03
  0.0181 -8.55426E-01 -8.55234E-01   -1.91915E-04 4.7161084520E+02 4.6810348307E+02  0.00000E+00  0.00000E+00  0.00000E+00  8.30511E-03
  0.0181 -8.53386E-01 -8.53199E-01   -1.87371E-04 4.7075764658E+02 4.6725009709E+02  0.00000E+00  0.00000E+00  0.00000E+00  8.28530E-03
  0.0181 -8.51343E-01 -8.51161E-01   -1.82631E-04 4.6990648591E+02 4.6639875379E+02  0.00000E+00  0.00000E+00  0.00000E+00  8.26547E-03
  0.0182 -8.49299E-01 -8.49121E-01   -1.77825E-04 4.6905736477E+02 4.6554945482E+02  0.00000E+00  0.00000E+00  0.00000E+00  8.24562E-03
  0.0182 -8.47254E-01 -8.47081E-01   -1.73115E-04 4.6821028410E+02 4.6470220103E+02  0.00000E+00  0.00000E+00  0.00000E+00  8.22576E-03
  0.0182 -8.45208E-01 -8.45040E-01   -1.68562E-04 4.6736524424E+02 4.6385699261E+02  0.00000E+00  0.00000E+00  0.00000E+00  8.20591E-03
  0.0183 -8.43163E-01 -8.42999E-01   -1.64222E-04 4.6652224503E+02 4.6301382918E+02  0.00000E+00  0.00000E+00  0.00000E+00  8.18605E-03
  0.0183 -8.41119E-01 -8.40959E-01   -1.60207E-04 4.6568128601E+02 4.6217270995E+02  0.00000E+00  0.00000E+00  0.00000E+00  8.16621E-03
  0.0183 -8.39076E-01 -8.38920E-01   -1.56460E-04 4.6484236629E+02 4.6133363378E+02  0.00000E+00  0.00000E+00  0.00000E+00  8.14637E-03
  0.0183 -8.37035E-01 -8.36882E-01   -1.52901E-04 4.6400548459E+02 4.6049659917E+02  0.00000E+00  0.00000E+00  0.00000E+00  8.12655E-03
  0.0184 -8.34995E-01 -8.34845E-01   -1.49491E-04 4.6317063920E+02 4.5966160429E+02  0.00000E+00  0.00000E+00  0.00000E+00  8.10675E-03
  0.0184 -8.32957E-01 -8.32811E-01   -1.46205E-04 4.6233782791E+02 4.5882864679E+02  0.00000E+00  0.00000E+00  0.00000E+00  8.08697E-03
  0.0184 -8.30923E-01 -8.30780E-01   -1.43028E-04 4.6150704789E+02 4.5799772375E+02  0.00000E+00  0.00000E+00  0.00000E+00  8.06721E-03
  0.0185 -8.28892E-01 -8.28752E-01   -1.39954E-04 4.6067829555E+02 4.5716883145E+02  0.00000E+00  0.00000E+00  0.00000E+00  8.04750E-03
  0.0185 -8.26866E-01 -8.26729E-01   -1.36997E-04 4.5985156635E+02 4.5634196526E+02  0.00000E+00  0.00000E+00  0.00000E+00  8.02783E-03
  0.0185 -8.24846E-01 -8.24712E-01   -1.34202E-04 4.5902685477E+02 4.5551711948E+02  0.00000E+00  0.00000E+00  0.00000E+00  8.00821E-03
  0.0185 -8.22832E-01 -8.22700E-01   -1.31636E-04 4.5820415432E+02 4.5469428739E+02  0.00000E+00  0.00000E+00  0.00000E+00  7.98866E-03
  0.0186 -8.20826E-01 -8.20697E-01   -1.29356E-04 4.5738345758E+02 4.5387346129E+02  0.00000E+00  0.00000E+00  0.00000E+00  7.96919E-03
  0.0186 -8.18829E-01 -8.18701E-01   -1.27406E-04 4.5656475633E+02 4.5305463264E+02  0.00000E+00  0.00000E+00  0.00000E+00  7.94979E-03
  0.0186 -8.16840E-01 -8.16715E-01   -1.25820E-04 4.5574804180E+02 4.5223779228E+02  0.00000E+00  0.00000E+00  0.00000E+00  7.93049E-03
  0.0187 -8.14862E-01 -8.14737E-01   -1.24625E-04 4.5493330484E+02 4.5142293070E+02  0.00000E+00  0.00000E+00  0.00000E+00  7.91128E-03
  0.0187 -8.12892E-01 -8.12769E-01   -1.23835E-04 4.5412053629E+02 4.5061003831E+02  0.00000E+00  0.00000E+00  0.00000E+00  7.89216E-03
  0.0187 -8.10932E-01 -8.10809E-01   -1.23413E-04 4.5330972726E+02 4.4979910587E+02  0.00000E+00  0.00000E+00  0.00000E+00  7.87313E-03
  0.0187 -8.08981E-01 -8.08858E-01   -1.23238E-04 4.5250086946E+02 4.4899012483E+02  0.00000E+00  0.00000E+00  0.00000E+00  7.85418E-03
  0.0188 -8.07037E-01 -8.06914E-01   -1.23119E-04 4.5169395540E+02 4.4818308766E+02  0.00000E+00  0.00000E+00  0.00000E+00  7.83531E-03
  0.0188 -8.05100E-01 -8.04977E-01   -1.22924E-04 4.5088897854E+02 4.4737798787E+02  0.00000E+00  0.00000E+00  0.00000E+00  7.81650E-03
  0.0188 -8.03168E-01 -8.03045E-01   -1.22540E-04 4.5008593326E+02 4.4657482005E+02  0.00000E+00  0.00000E+00  0.00000E+00  7.79775E-03
  0.0189 -8.01240E-01 -8.01118E-01   -1.21944E-04 4.4928481491E+02 4.4577357976E+02  0.00000E+00  0.00000E+00  0.00000E+00  7.77903E-03
  0.0189 -7.99316E-01 -7.99195E-01   -1.21141E-04 4.4848561965E+02 4.4497426336E+02  0.00000E+00  0.00000E+00  0.00000E+00  7.76035E-03
  0.0189 -7.97395E-01 -7.97275E-01   -1.20051E-04 4.4768834422E+02 4.4417686788E+02  0.00000E+00  0.00000E+00  0.00000E+00  7.74170E-03
  0.0189 -7.95477E-01 -7.95358E-01   -1.18677E-04 4.4689298584E+02 4.4338139082E+02  0.00000E+00  0.00000E+00  0.00000E+00  7.72308E-03
  0.0190 -7.93561E-01 -7.93444E-01   -1.17052E-04 4.4609954192E+02 4.4258782985E+02  0.00000E+00  0.00000E+00  0.00000E+00  7.70448E-03
  0.0190 -7.91647E-01 -7.91532E-01   -1.15236E-04 4.4530800995E+02 4.4179618264E+02  0.00000E+00  0.00000E+00  0.00000E+00  7.68590E-03
  0.0190 -7.89736E-01 -7.89623E-01   -1.13275E-04 4.4451838725E+02 4.4100644666E+02  0.00000E+00  0.00000E+00  0.00000E+00  7.66734E-03
  0.0191 -7.87828E-01 -7.87716E-01   -1.11285E-04 4.4373067092E+02 4.4021861906E+02  0.00000E+00  0.00000E+00  0.00000E+00  7.64881E-03
  0.0191 -7.85923E-01 -7.85813E-01   -1.09359E-04 4.4294485775E+02 4.3943269652E+02  0.00000E+00  0.00000E+00  0.00000E+00  7.63032E-03
  0.0191 -7.84021E-01 -7.83914E-01   -1.07571E-04 4.4216094413E+02 4.3864867533E+02  0.00000E+00  0.00000E+00  0.00000E+00  7.61186E-03
  0.0191 -7.82124E-01 -7.82018E-01   -1.05991E-04 4.4137892613E+02 4.3786655134E+02  0.00000E+00  0.00000E+00  0.00000E+00  7.59344E-03
  0.0192 -7.80231E-01 -7.80127E-01   -1.04674E-04 4.4059879953E+02 4.3708632007E+02  0.00000E+00  0.00000E+00  0.00000E+00  7.57506E-03
  0.0192 -7.78343E-01 -7.78240E-01   -1.03655E-04 4.3982055995E+02 4.3630797683E+02  0.00000E+00  0.00000E+00  0.00000E+00  7.55673E-03
  0.0192 -7.76460E-01 -7.76357E-01   -1.02933E-04 4.3904420295E+02 4.3553151690E+02  0.00000E+00  0.00000E+00  0.00000E+00  7.53845E-03
  0.0193 -7.74581E-01 -7.74479E-01   -1.02474E-04 4.3826972413E+02 4.3475693561E+02  0.00000E+00  0.00000E+00  0.00000E+00  7.52021E-03
  0.0193 -7.72707E-01 -7.72605E-01   -1.02223E-04 4.3749711921E+02 4.3398422846E+02  0.00000E+00  0.00000E+00  0.00000E+00  7.50201E-03
  0.0193 -7.70837E-01 -7.70735E-01   -1.02110E-04 4.3672638408E+02 4.3321339122E+02  0.00000E+00  0.00000E+00  0.00000E+00  7.48386E-03
  0.0193 -7.68971E-01 -7.68869E-01   -1.02067E-04 4.3595751480E+02 4.3244441987E+02  0.00000E+00  0.00000E+00  0.00000E+00  7.46574E-03
  0.0194 -7.67109E-01 -7.67007E-01   -1.02027E-04 4.3519050763E+02 4.3167731068E+02  0.00000E+00  0.00000E+00  0.00000E+00  7.44766E-03
  0.0194 -7.65251E-01 -7.65149E-01   -1.01919E-04 4.3442535894E+02 4.3091206006E+02  0.00000E+00  0.00000E+00  0.00000E+00  7.42962E-03
  0.0194 -7.63396E-01 -7.63294E-01   -1.01678E-04 4.3366206505E+02 4.3014866450E+02  0.00000E+00  0.00000E+00  0.00000E+00  7.41161E-03
  0.0194 -7.63396E-01  0.00000E+00   -7.63396E-01 4.3366206505E+02 4.2938526894E+02  0.00000E+00  0.00000E+00  0.00000E+00  7.41161E-03
