   0.0000000e+00   0.0000000e+00
   0.0000000e+00   0.0000000e+00
   1.0300000e-01   0.0000000e+00
   2.0600000e-01   0.0000000e+00
   1.0300000e+00   0.0000000e+00
   2.0600000e+00   0.0000000e+00
   3.0900000e+00   0.0000000e+00
   4.0170000e+00   0.0000000e+00
   5.0470000e+00   0.0000000e+00
   6.0770000e+00   0.0000000e+00
   7.0040000e+00   0.0000000e+00
   7.1070000e+00   0.0000000e+00
   1.0197000e+01   3.0572742e-05
   1.1536000e+01   6.3570478e-05
   1.2978000e+01   3.0956206e-02
   1.4317000e+01   4.1829732e-02
   1.5965000e+01   4.1961872e-02
   1.7304000e+01   4.1641053e-02
   1.8952000e+01   4.0918370e-02
   2.0600000e+01   3.8693620e-02
   2.1939000e+01   3.6011706e-02
   2.3278000e+01   3.4492113e-02
   2.4720000e+01   3.3367229e-02
   2.6059000e+01   3.2415469e-02
   2.7501000e+01   3.1510997e-02
   2.8840000e+01   3.0929862e-02
   3.0282000e+01   3.0452400e-02
   3.1827000e+01   3.0145573e-02
   3.2960000e+01   3.0072646e-02
   3.6050000e+01   2.9648069e-02
   3.7595000e+01   2.8774442e-02
   3.7698000e+01   2.8382552e-02
   3.9037000e+01   2.8027157e-02
   4.0170000e+01   2.7383643e-02
   4.1303000e+01   2.6788204e-02
   4.2642000e+01   2.6149058e-02
   4.4084000e+01   2.5492759e-02
   4.5629000e+01   2.4874836e-02
   4.6865000e+01   2.4296647e-02
   4.8719000e+01   2.3719838e-02
   4.9543000e+01   2.3270703e-02
   5.0470000e+01   2.2977261e-02
   5.2324000e+01   2.2576895e-02
   5.3457000e+01   2.2162801e-02
   5.5105000e+01   2.1812992e-02
   5.6238000e+01   2.1464555e-02
   5.7371000e+01   2.1180017e-02
   5.8813000e+01   2.0861654e-02
   5.9534000e+01   2.0582083e-02
   6.0152000e+01   2.0407876e-02
   6.1594000e+01   2.0144892e-02
