   0.0000000e+00   0.0000000e+00
   2.8840000e+00   1.4124711e-01
   4.3260000e+00   1.3275043e-01
   5.6650000e+00   1.2108656e-01
   7.1070000e+00   1.1509935e-01
   8.4460000e+00   1.1237192e-01
   1.0094000e+01   1.1075178e-01
   1.1433000e+01   1.0682248e-01
   1.2875000e+01   1.0022492e-01
   1.4523000e+01   9.2559463e-02
   1.5656000e+01   8.6254189e-02
   1.6995000e+01   8.1444622e-02
   1.8643000e+01   7.6718909e-02
   2.0085000e+01   7.3011459e-02
   2.1424000e+01   7.0517393e-02
   2.3072000e+01   6.8180150e-02
   2.4411000e+01   6.5743385e-02
   2.6059000e+01   6.3152321e-02
   2.7398000e+01   6.0490201e-02
   2.9046000e+01   5.7807222e-02
   3.0179000e+01   5.5339187e-02
   3.1621000e+01   5.3128440e-02
   3.2960000e+01   5.0853828e-02
   3.4299000e+01   4.8807845e-02
   3.5741000e+01   4.6857197e-02
   3.7080000e+01   4.5087532e-02
   3.8522000e+01   4.3488167e-02
   3.9861000e+01   4.2021418e-02
   4.1200000e+01   4.0699953e-02
   4.2642000e+01   3.9391203e-02
   4.3981000e+01   3.8127192e-02
   4.5217000e+01   3.6988861e-02
   4.6556000e+01   3.5878847e-02
   4.7895000e+01   3.4753168e-02
   4.9337000e+01   3.3616181e-02
   5.0470000e+01   3.2592978e-02
   5.2118000e+01   3.1524680e-02
   5.3251000e+01   3.0492590e-02
   5.4590000e+01   2.9610838e-02
   5.6032000e+01   2.8658519e-02
   5.7371000e+01   2.7748728e-02
   5.8710000e+01   2.6913472e-02
   5.9946000e+01   2.6146688e-02
   6.1491000e+01   2.5357877e-02
