   1.0300000e-01   0.0000000e+00
   1.0300000e-01   7.0803591e-02
   3.0900000e-01   8.6707088e-02
   1.5450000e+00   7.6339876e-02
   2.8840000e+00   7.3674891e-02
   4.5320000e+00   7.5027030e-02
   5.9740000e+00   7.7629544e-02
   7.3130000e+00   7.8966023e-02
   8.7550000e+00   7.9360083e-02
   1.0094000e+01   7.9462521e-02
   1.1536000e+01   7.9509904e-02
   1.3081000e+01   7.8831731e-02
   1.4523000e+01   7.4958265e-02
   1.5862000e+01   6.9440267e-02
   1.7201000e+01   6.4387404e-02
   1.8849000e+01   5.9719616e-02
   2.0188000e+01   5.6082046e-02
   2.1630000e+01   5.3629358e-02
   2.3175000e+01   5.1856871e-02
   2.4617000e+01   5.0732628e-02
   2.5956000e+01   4.9862962e-02
   2.7398000e+01   4.8728255e-02
   2.8943000e+01   4.7135563e-02
   3.0179000e+01   4.5451395e-02
   3.1724000e+01   4.3699032e-02
   3.3166000e+01   4.1841475e-02
   3.4299000e+01   4.0306800e-02
   3.5947000e+01   3.8756271e-02
   3.7286000e+01   3.7222641e-02
   3.8625000e+01   3.5982156e-02
   4.0067000e+01   3.4829938e-02
   4.1200000e+01   3.3877568e-02
   4.2848000e+01   3.2963527e-02
   4.3981000e+01   3.2127644e-02
   4.5320000e+01   3.1428534e-02
   4.6762000e+01   3.0662607e-02
   4.8410000e+01   2.9819481e-02
   4.9234000e+01   2.9145709e-02
   5.0676000e+01   2.8531712e-02
   5.2015000e+01   2.7785196e-02
   5.3663000e+01   2.6998910e-02
   5.4796000e+01   2.6284948e-02
   5.6238000e+01   2.5644826e-02
   5.7577000e+01   2.4977587e-02
   5.8710000e+01   2.4407286e-02
   6.0152000e+01   2.3838049e-02
   6.1800000e+01   2.3187678e-02
