   1.0300000e-01   0.0000000e+00
   1.0300000e+00   0.0000000e+00
   1.6480000e+00   0.0000000e+00
   2.7810000e+00   0.0000000e+00
   4.4290000e+00   3.5187020e-05
   5.8710000e+00   8.1733639e-03
   7.0040000e+00   4.2995934e-02
   8.6520000e+00   3.9158568e-02
   9.7850000e+00   3.6524203e-02
   1.1433000e+01   3.5776228e-02
   1.3081000e+01   3.5311574e-02
   1.4214000e+01   3.5186705e-02
   1.7613000e+01   3.3679299e-02
   1.8849000e+01   3.0287482e-02
   2.0188000e+01   2.8590484e-02
   2.1836000e+01   2.7052230e-02
   2.2969000e+01   2.5950870e-02
   2.4617000e+01   2.5173827e-02
   2.5956000e+01   2.4647866e-02
   2.7398000e+01   2.4423154e-02
   2.8943000e+01   2.4303638e-02
   2.9870000e+01   2.4116399e-02
   3.0591000e+01   2.3882660e-02
   3.3372000e+01   2.3157593e-02
   3.3475000e+01   2.2489479e-02
   3.5844000e+01   2.1909316e-02
   3.5947000e+01   2.1343481e-02
   3.7080000e+01   2.1074144e-02
   3.8213000e+01   2.0599700e-02
   3.9346000e+01   2.0154571e-02
   4.0273000e+01   1.9775809e-02
   4.1406000e+01   1.9423297e-02
   4.2848000e+01   1.9020494e-02
   4.4393000e+01   1.8609473e-02
   4.6041000e+01   1.8232190e-02
   4.7174000e+01   1.7938715e-02
   4.8822000e+01   1.7667443e-02
   4.9955000e+01   1.7404222e-02
   5.1088000e+01   1.7188204e-02
   5.2736000e+01   1.6915311e-02
   5.3869000e+01   1.6633779e-02
   5.4590000e+01   1.6441434e-02
   5.6032000e+01   1.6215021e-02
   5.6650000e+01   1.5997128e-02
   5.7783000e+01   1.5812515e-02
   5.9019000e+01   1.5566899e-02
   6.0564000e+01   1.5282902e-02
   6.1800000e+01   1.5017244e-02
   6.2212000e+01   1.4867029e-02
