   1.0300000e-01   0.0000000e+00
   5.1500000e-01   9.8312218e-02
   1.8540000e+00   8.0238290e-02
   3.5020000e+00   7.6295779e-02
   4.8410000e+00   7.7829802e-02
   6.2830000e+00   7.9784202e-02
   7.9310000e+00   8.0733522e-02
   9.2700000e+00   8.0950477e-02
   1.0712000e+01   8.0973289e-02
   1.2154000e+01   8.0917988e-02
   1.3493000e+01   7.9222687e-02
   1.4935000e+01   7.4389124e-02
   1.6480000e+01   6.8269862e-02
   1.7613000e+01   6.3396480e-02
   1.9055000e+01   5.9579703e-02
   2.0394000e+01   5.6348525e-02
   2.1836000e+01   5.4015505e-02
   2.3175000e+01   5.2444550e-02
   2.4617000e+01   5.1426776e-02
   2.5956000e+01   5.0536304e-02
   2.7398000e+01   4.9357531e-02
   2.8737000e+01   4.7839039e-02
   3.0179000e+01   4.6117022e-02
   3.1518000e+01   4.4326583e-02
   3.2960000e+01   4.2556162e-02
   3.4299000e+01   4.0859353e-02
   3.5947000e+01   3.9160186e-02
   3.6874000e+01   3.7805759e-02
   3.8316000e+01   3.6672955e-02
   3.9655000e+01   3.5469045e-02
   4.1097000e+01   3.4403438e-02
   4.2436000e+01   3.3455896e-02
   4.3569000e+01   3.2689565e-02
   4.5011000e+01   3.1939952e-02
   4.6659000e+01   3.1069583e-02
   4.7792000e+01   3.0295008e-02
   4.9131000e+01   2.9607370e-02
   5.0161000e+01   2.8950233e-02
   5.1706000e+01   2.8243785e-02
   5.3354000e+01   2.7383124e-02
   5.4487000e+01   2.6652184e-02
   5.5929000e+01   2.5996540e-02
   5.7268000e+01   2.5312911e-02
   5.8710000e+01   2.4657407e-02
   5.9637000e+01   2.4121080e-02
   6.0564000e+01   2.3717007e-02
   6.1491000e+01   2.3326596e-02
   6.2418000e+01   2.2949116e-02
