   1.0300000e-01   0.0000000e+00
   1.0300000e-01   0.0000000e+00
   1.7510000e+00   0.0000000e+00
   3.1930000e+00   1.9296944e-02
   4.7380000e+00   4.9537742e-02
   6.1800000e+00   5.0545210e-02
   7.6220000e+00   5.2288275e-02
   8.9610000e+00   5.3164566e-02
   1.0403000e+01   5.3474699e-02
   1.1948000e+01   5.3603506e-02
   1.3390000e+01   5.3666647e-02
   1.4832000e+01   5.2670409e-02
   1.5965000e+01   4.9940281e-02
   1.7510000e+01   4.6437010e-02
   1.8952000e+01   4.2945266e-02
   2.0497000e+01   4.0140797e-02
   2.1630000e+01   3.8176881e-02
   2.3072000e+01   3.6788648e-02
   2.4617000e+01   3.5707378e-02
   2.6059000e+01   3.5072232e-02
   2.7398000e+01   3.4630027e-02
   2.8840000e+01   3.4006261e-02
   2.9973000e+01   3.3190221e-02
   3.1621000e+01   3.2134239e-02
   3.2754000e+01   3.1013841e-02
   3.4402000e+01   2.9893173e-02
   3.5535000e+01   2.8809938e-02
   3.7183000e+01   2.7792774e-02
   3.8316000e+01   2.6846696e-02
   3.9758000e+01   2.6048804e-02
   4.1097000e+01   2.5268964e-02
   4.2539000e+01   2.4576752e-02
   4.3878000e+01   2.3963675e-02
   4.4393000e+01   2.3591220e-02
   4.5526000e+01   2.3282366e-02
   4.6865000e+01   2.2840500e-02
   4.7792000e+01   2.2447739e-02
   4.9028000e+01   2.2076433e-02
   5.0367000e+01   2.1633244e-02
   5.1809000e+01   2.1151729e-02
   5.3148000e+01   2.0669504e-02
   5.4075000e+01   2.0278717e-02
   5.5002000e+01   1.9962261e-02
   5.5929000e+01   1.9649853e-02
   5.7165000e+01   1.9291974e-02
   5.8710000e+01   1.8844035e-02
   6.0152000e+01   1.8379932e-02
   6.1285000e+01   1.7995433e-02
