   0.0000000e+00   0.0000000e+00
   1.7510000e+00   1.3288363e-01
   3.0900000e+00   1.3257623e-01
   4.5320000e+00   1.3243494e-01
   5.9740000e+00   1.3250829e-01
   7.3130000e+00   1.2785002e-01
   8.7550000e+00   1.1266554e-01
   1.0197000e+01   9.7131081e-02
   1.1845000e+01   8.6087070e-02
   1.3287000e+01   7.9737834e-02
   1.4420000e+01   7.6999409e-02
   1.5862000e+01   7.5698876e-02
   1.7407000e+01   7.4665930e-02
   1.8849000e+01   7.2729954e-02
   2.0291000e+01   6.9594308e-02
   2.1630000e+01   6.5829120e-02
   2.3278000e+01   6.1516673e-02
   2.4720000e+01   5.7184196e-02
   2.5853000e+01   5.3857834e-02
   2.7295000e+01   5.0904234e-02
   2.8737000e+01   4.8060129e-02
   2.9870000e+01   4.5932123e-02
   3.1518000e+01   4.4037388e-02
   3.2857000e+01   4.2295845e-02
   3.4299000e+01   4.0815232e-02
   3.5741000e+01   3.9296475e-02
   3.7080000e+01   3.7793188e-02
   3.8522000e+01   3.6242989e-02
   3.9655000e+01   3.4783784e-02
   4.1097000e+01   3.3323403e-02
   4.2436000e+01   3.1769080e-02
   4.3672000e+01   3.0371571e-02
   4.5011000e+01   2.9030532e-02
   4.6453000e+01   2.7656887e-02
   4.7895000e+01   2.6322045e-02
   4.9234000e+01   2.5124073e-02
   5.0676000e+01   2.4012911e-02
   5.1603000e+01   2.3126826e-02
   5.3251000e+01   2.2226868e-02
   5.4590000e+01   2.1243505e-02
   5.5826000e+01   2.0442313e-02
   5.7165000e+01   1.9675277e-02
   5.8607000e+01   1.8877063e-02
   6.0049000e+01   1.8075859e-02
   6.1388000e+01   1.7324888e-02
