   1.0300000e-01
   2.0600000e-01
   3.0900000e-01
   4.1200000e-01
   5.1500000e-01
   6.1800000e-01
   7.2100000e-01
   8.2400000e-01
   9.2700000e-01
   1.0300000e+00
   1.1330000e+00
   1.2360000e+00
   1.3390000e+00
   1.4420000e+00
   1.5450000e+00
   1.6480000e+00
   1.7510000e+00
   1.8540000e+00
   1.9570000e+00
   2.0600000e+00
   2.1630000e+00
   2.2660000e+00
   2.3690000e+00
   2.4720000e+00
   2.5750000e+00
   2.6780000e+00
   2.7810000e+00
   2.8840000e+00
   2.9870000e+00
   3.0900000e+00
   3.1930000e+00
   3.2960000e+00
   3.3990000e+00
   3.5020000e+00
   3.6050000e+00
   3.7080000e+00
   3.8110000e+00
   3.9140000e+00
   4.0170000e+00
   4.1200000e+00
   4.2230000e+00
   4.3260000e+00
   4.4290000e+00
   4.5320000e+00
   4.6350000e+00
   4.7380000e+00
   4.8410000e+00
   4.9440000e+00
   5.0470000e+00
   5.1500000e+00
   5.2530000e+00
   5.3560000e+00
   5.4590000e+00
   5.5620000e+00
   5.6650000e+00
   5.7680000e+00
   5.8710000e+00
   5.9740000e+00
   6.0770000e+00
   6.1800000e+00
   6.2830000e+00
   6.3860000e+00
   6.4890000e+00
   6.5920000e+00
   6.6950000e+00
   6.7980000e+00
   6.9010000e+00
   7.0040000e+00
   7.1070000e+00
   7.2100000e+00
   7.3130000e+00
   7.4160000e+00
   7.5190000e+00
   7.6220000e+00
   7.7250000e+00
   7.8280000e+00
   7.9310000e+00
   8.0340000e+00
   8.1370000e+00
   8.2400000e+00
   8.3430000e+00
   8.4460000e+00
   8.5490000e+00
   8.6520000e+00
   8.7550000e+00
   8.8580000e+00
   8.9610000e+00
   9.0640000e+00
   9.1670000e+00
   9.2700000e+00
   9.3730000e+00
   9.4760000e+00
   9.5790000e+00
   9.6820000e+00
   9.7850000e+00
   9.8880000e+00
   9.9910000e+00
   1.0094000e+01
   1.0197000e+01
   1.0300000e+01
   1.0403000e+01
   1.0506000e+01
   1.0609000e+01
   1.0712000e+01
   1.0815000e+01
   1.0918000e+01
   1.1021000e+01
   1.1124000e+01
   1.1227000e+01
   1.1330000e+01
   1.1433000e+01
   1.1536000e+01
   1.1639000e+01
   1.1742000e+01
   1.1845000e+01
   1.1948000e+01
   1.2051000e+01
   1.2154000e+01
   1.2257000e+01
   1.2360000e+01
   1.2463000e+01
   1.2566000e+01
   1.2669000e+01
   1.2772000e+01
   1.2875000e+01
   1.2978000e+01
   1.3081000e+01
   1.3184000e+01
   1.3287000e+01
   1.3390000e+01
   1.3493000e+01
   1.3596000e+01
   1.3699000e+01
   1.3802000e+01
   1.3905000e+01
   1.4008000e+01
   1.4111000e+01
   1.4214000e+01
   1.4317000e+01
   1.4420000e+01
   1.4523000e+01
   1.4626000e+01
   1.4729000e+01
   1.4832000e+01
   1.4935000e+01
   1.5038000e+01
   1.5141000e+01
   1.5244000e+01
   1.5347000e+01
   1.5450000e+01
   1.5553000e+01
   1.5656000e+01
   1.5759000e+01
   1.5862000e+01
   1.5965000e+01
   1.6068000e+01
   1.6171000e+01
   1.6274000e+01
   1.6377000e+01
   1.6480000e+01
   1.6583000e+01
   1.6686000e+01
   1.6789000e+01
   1.6892000e+01
   1.6995000e+01
   1.7098000e+01
   1.7201000e+01
   1.7304000e+01
   1.7407000e+01
   1.7510000e+01
   1.7613000e+01
   1.7716000e+01
   1.7819000e+01
   1.7922000e+01
   1.8025000e+01
   1.8128000e+01
   1.8231000e+01
   1.8334000e+01
   1.8437000e+01
   1.8540000e+01
   1.8643000e+01
   1.8746000e+01
   1.8849000e+01
   1.8952000e+01
   1.9055000e+01
   1.9158000e+01
   1.9261000e+01
   1.9364000e+01
   1.9467000e+01
   1.9570000e+01
   1.9673000e+01
   1.9776000e+01
   1.9879000e+01
   1.9982000e+01
   2.0085000e+01
   2.0188000e+01
   2.0291000e+01
   2.0394000e+01
   2.0497000e+01
   2.0600000e+01
   2.0703000e+01
   2.0806000e+01
   2.0909000e+01
   2.1012000e+01
   2.1115000e+01
   2.1218000e+01
   2.1321000e+01
   2.1424000e+01
   2.1527000e+01
   2.1630000e+01
   2.1733000e+01
   2.1836000e+01
   2.1939000e+01
   2.2042000e+01
   2.2145000e+01
   2.2248000e+01
   2.2351000e+01
   2.2454000e+01
   2.2557000e+01
   2.2660000e+01
   2.2763000e+01
   2.2866000e+01
   2.2969000e+01
   2.3072000e+01
   2.3175000e+01
   2.3278000e+01
   2.3381000e+01
   2.3484000e+01
   2.3587000e+01
   2.3690000e+01
   2.3793000e+01
   2.3896000e+01
   2.3999000e+01
   2.4102000e+01
   2.4205000e+01
   2.4308000e+01
   2.4411000e+01
   2.4514000e+01
   2.4617000e+01
   2.4720000e+01
   2.4823000e+01
   2.4926000e+01
   2.5029000e+01
   2.5132000e+01
   2.5235000e+01
   2.5338000e+01
   2.5441000e+01
   2.5544000e+01
   2.5647000e+01
   2.5750000e+01
   2.5853000e+01
   2.5956000e+01
   2.6059000e+01
   2.6162000e+01
   2.6265000e+01
   2.6368000e+01
   2.6471000e+01
   2.6574000e+01
   2.6677000e+01
   2.6780000e+01
   2.6883000e+01
   2.6986000e+01
   2.7089000e+01
   2.7192000e+01
   2.7295000e+01
   2.7398000e+01
   2.7501000e+01
   2.7604000e+01
   2.7707000e+01
   2.7810000e+01
   2.7913000e+01
   2.8016000e+01
   2.8119000e+01
   2.8222000e+01
   2.8325000e+01
   2.8428000e+01
   2.8531000e+01
   2.8634000e+01
   2.8737000e+01
   2.8840000e+01
   2.8943000e+01
   2.9046000e+01
   2.9149000e+01
   2.9252000e+01
   2.9355000e+01
   2.9458000e+01
   2.9561000e+01
   2.9664000e+01
   2.9767000e+01
   2.9870000e+01
   2.9973000e+01
   3.0076000e+01
   3.0179000e+01
   3.0282000e+01
   3.0385000e+01
   3.0488000e+01
   3.0591000e+01
   3.0694000e+01
   3.0797000e+01
   3.0900000e+01
   3.1003000e+01
   3.1106000e+01
   3.1209000e+01
   3.1312000e+01
   3.1415000e+01
   3.1518000e+01
   3.1621000e+01
   3.1724000e+01
   3.1827000e+01
   3.1930000e+01
   3.2033000e+01
   3.2136000e+01
   3.2239000e+01
   3.2342000e+01
   3.2445000e+01
   3.2548000e+01
   3.2651000e+01
   3.2754000e+01
   3.2857000e+01
   3.2960000e+01
   3.3063000e+01
   3.3166000e+01
   3.3269000e+01
   3.3372000e+01
   3.3475000e+01
   3.3578000e+01
   3.3681000e+01
   3.3784000e+01
   3.3887000e+01
   3.3990000e+01
   3.4093000e+01
   3.4196000e+01
   3.4299000e+01
   3.4402000e+01
   3.4505000e+01
   3.4608000e+01
   3.4711000e+01
   3.4814000e+01
   3.4917000e+01
   3.5020000e+01
   3.5123000e+01
   3.5226000e+01
   3.5329000e+01
   3.5432000e+01
   3.5535000e+01
   3.5638000e+01
   3.5741000e+01
   3.5844000e+01
   3.5947000e+01
   3.6050000e+01
   3.6153000e+01
   3.6256000e+01
   3.6359000e+01
   3.6462000e+01
   3.6565000e+01
   3.6668000e+01
   3.6771000e+01
   3.6874000e+01
   3.6977000e+01
   3.7080000e+01
   3.7183000e+01
   3.7286000e+01
   3.7389000e+01
   3.7492000e+01
   3.7595000e+01
   3.7698000e+01
   3.7801000e+01
   3.7904000e+01
   3.8007000e+01
   3.8110000e+01
   3.8213000e+01
   3.8316000e+01
   3.8419000e+01
   3.8522000e+01
   3.8625000e+01
   3.8728000e+01
   3.8831000e+01
   3.8934000e+01
   3.9037000e+01
   3.9140000e+01
   3.9243000e+01
   3.9346000e+01
   3.9449000e+01
   3.9552000e+01
   3.9655000e+01
   3.9758000e+01
   3.9861000e+01
   3.9964000e+01
   4.0067000e+01
   4.0170000e+01
   4.0273000e+01
   4.0376000e+01
   4.0479000e+01
   4.0582000e+01
   4.0685000e+01
   4.0788000e+01
   4.0891000e+01
   4.0994000e+01
   4.1097000e+01
   4.1200000e+01
   4.1303000e+01
   4.1406000e+01
   4.1509000e+01
   4.1612000e+01
   4.1715000e+01
   4.1818000e+01
   4.1921000e+01
   4.2024000e+01
   4.2127000e+01
   4.2230000e+01
   4.2333000e+01
   4.2436000e+01
   4.2539000e+01
   4.2642000e+01
   4.2745000e+01
   4.2848000e+01
   4.2951000e+01
   4.3054000e+01
   4.3157000e+01
   4.3260000e+01
   4.3363000e+01
   4.3466000e+01
   4.3569000e+01
   4.3672000e+01
   4.3775000e+01
   4.3878000e+01
   4.3981000e+01
   4.4084000e+01
   4.4187000e+01
   4.4290000e+01
   4.4393000e+01
   4.4496000e+01
   4.4599000e+01
   4.4702000e+01
   4.4805000e+01
   4.4908000e+01
   4.5011000e+01
   4.5114000e+01
   4.5217000e+01
   4.5320000e+01
   4.5423000e+01
   4.5526000e+01
   4.5629000e+01
   4.5732000e+01
   4.5835000e+01
   4.5938000e+01
   4.6041000e+01
   4.6144000e+01
   4.6247000e+01
   4.6350000e+01
   4.6453000e+01
   4.6556000e+01
   4.6659000e+01
   4.6762000e+01
   4.6865000e+01
   4.6968000e+01
   4.7071000e+01
   4.7174000e+01
   4.7277000e+01
   4.7380000e+01
   4.7483000e+01
   4.7586000e+01
   4.7689000e+01
   4.7792000e+01
   4.7895000e+01
   4.7998000e+01
   4.8101000e+01
   4.8204000e+01
   4.8307000e+01
   4.8410000e+01
   4.8513000e+01
   4.8616000e+01
   4.8719000e+01
   4.8822000e+01
   4.8925000e+01
   4.9028000e+01
   4.9131000e+01
   4.9234000e+01
   4.9337000e+01
   4.9440000e+01
   4.9543000e+01
   4.9646000e+01
   4.9749000e+01
   4.9852000e+01
   4.9955000e+01
   5.0058000e+01
   5.0161000e+01
   5.0264000e+01
   5.0367000e+01
   5.0470000e+01
   5.0573000e+01
   5.0676000e+01
   5.0779000e+01
   5.0882000e+01
   5.0985000e+01
   5.1088000e+01
   5.1191000e+01
   5.1294000e+01
   5.1397000e+01
   5.1500000e+01
   5.1603000e+01
   5.1706000e+01
   5.1809000e+01
   5.1912000e+01
   5.2015000e+01
   5.2118000e+01
   5.2221000e+01
   5.2324000e+01
   5.2427000e+01
   5.2530000e+01
   5.2633000e+01
   5.2736000e+01
   5.2839000e+01
   5.2942000e+01
   5.3045000e+01
   5.3148000e+01
   5.3251000e+01
   5.3354000e+01
   5.3457000e+01
   5.3560000e+01
   5.3663000e+01
   5.3766000e+01
   5.3869000e+01
   5.3972000e+01
   5.4075000e+01
   5.4178000e+01
   5.4281000e+01
   5.4384000e+01
   5.4487000e+01
   5.4590000e+01
   5.4693000e+01
   5.4796000e+01
   5.4899000e+01
   5.5002000e+01
   5.5105000e+01
   5.5208000e+01
   5.5311000e+01
   5.5414000e+01
   5.5517000e+01
   5.5620000e+01
   5.5723000e+01
   5.5826000e+01
   5.5929000e+01
   5.6032000e+01
   5.6135000e+01
   5.6238000e+01
   5.6341000e+01
   5.6444000e+01
   5.6547000e+01
   5.6650000e+01
   5.6753000e+01
   5.6856000e+01
   5.6959000e+01
   5.7062000e+01
   5.7165000e+01
   5.7268000e+01
   5.7371000e+01
   5.7474000e+01
   5.7577000e+01
   5.7680000e+01
   5.7783000e+01
   5.7886000e+01
   5.7989000e+01
   5.8092000e+01
   5.8195000e+01
   5.8298000e+01
   5.8401000e+01
   5.8504000e+01
   5.8607000e+01
   5.8710000e+01
   5.8813000e+01
   5.8916000e+01
   5.9019000e+01
   5.9122000e+01
   5.9225000e+01
   5.9328000e+01
   5.9431000e+01
   5.9534000e+01
   5.9637000e+01
   5.9740000e+01
   5.9843000e+01
   5.9946000e+01
   6.0049000e+01
   6.0152000e+01
   6.0255000e+01
   6.0358000e+01
   6.0461000e+01
   6.0564000e+01
   6.0667000e+01
   6.0770000e+01
   6.0873000e+01
   6.0976000e+01
   6.1079000e+01
   6.1182000e+01
   6.1285000e+01
   6.1388000e+01
   6.1491000e+01
   6.1594000e+01
   6.1697000e+01
   6.1800000e+01
   6.1903000e+01
   6.2006000e+01
   6.2109000e+01
   6.2212000e+01
   6.2315000e+01
   6.2418000e+01
   6.2521000e+01
   6.2624000e+01
   6.2727000e+01
   6.2830000e+01
   6.2933000e+01
   6.3036000e+01
   6.3139000e+01
   6.3242000e+01
   6.3345000e+01
   6.3448000e+01
   6.3551000e+01
   6.3654000e+01
   6.3757000e+01
   6.3860000e+01
   6.3963000e+01
   6.4066000e+01
   6.4169000e+01
   6.4272000e+01
   6.4375000e+01
   6.4478000e+01
   6.4581000e+01
   6.4684000e+01
   6.4787000e+01
   6.4890000e+01
   6.4993000e+01
   6.5096000e+01
   6.5199000e+01
   6.5302000e+01
   6.5405000e+01
   6.5508000e+01
   6.5611000e+01
   6.5714000e+01
   6.5817000e+01
   6.5920000e+01
   6.6023000e+01
   6.6126000e+01
   6.6229000e+01
   6.6332000e+01
   6.6435000e+01
   6.6538000e+01
   6.6641000e+01
   6.6744000e+01
   6.6847000e+01
   6.6950000e+01
   6.7053000e+01
   6.7156000e+01
   6.7259000e+01
   6.7362000e+01
   6.7465000e+01
   6.7568000e+01
   6.7671000e+01
   6.7774000e+01
   6.7877000e+01
   6.7980000e+01
   6.8083000e+01
   6.8186000e+01
   6.8289000e+01
   6.8392000e+01
   6.8495000e+01
   6.8598000e+01
   6.8701000e+01
   6.8804000e+01
   6.8907000e+01
   6.9010000e+01
   6.9113000e+01
   6.9216000e+01
   6.9319000e+01
   6.9422000e+01
   6.9525000e+01
   6.9628000e+01
   6.9731000e+01
   6.9834000e+01
