100 100 100 100 100 100 100 100 100 100 100 100 100 100 100 100 100 100 100 100 100 100 100 100 100 100 100 100 100 100
100 10.0424 10.0424 10.0424 10.0424 10.0424 10.0424 10.0424 10.0424 10.0424 10.0424 10.0424 10.0424 10.0424 10.0424 10.0424 10.0424 10.0424 10.0424 10.0424 10.0424 10.0424 10.0424 10.0424 10.0424 10.0424 10.0424 10.0424 10.0424 100
100 10.042150588 10.042150588 10.042150588 10.042150588 10.042150588 10.042150588 10.042150588 10.042150588 10.042150588 10.042150588 10.042150588 10.042150588 10.042150588 10.042150588 10.042150588 10.042150588 10.042150588 10.042150588 10.042150588 10.042150588 10.042150588 10.042150588 10.042150588 10.042150588 10.042150588 10.042150588 10.042150588 10.042150588 100
100 10.041901176 10.041901176 10.041901176 10.041901176 10.041901176 10.041901176 10.041901176 10.041901176 10.041901176 10.041901176 10.041901176 10.041901176 10.041901176 10.041901176 10.041901176 10.041901176 10.041901176 10.041901176 10.041901176 10.041901176 10.041901176 10.041901176 10.041901176 10.041901176 10.041901176 10.041901176 10.041901176 10.041901176 100
100 10.041651764 10.041651764 10.041651764 10.041651764 10.041651764 10.041651764 10.041651764 10.041651764 10.041651764 10.041651764 10.041651764 10.041651764 10.041651764 10.041651764 10.041651764 10.041651764 10.041651764 10.041651764 10.041651764 10.041651764 10.041651764 10.041651764 10.041651764 10.041651764 10.041651764 10.041651764 10.041651764 10.041651764 100
100 10.041402352 10.041402352 10.041402352 10.041402352 10.041402352 10.041402352 10.041402352 10.041402352 10.041402352 10.041402352 10.041402352 10.041402352 10.041402352 10.041402352 10.041402352 10.041402352 10.041402352 10.041402352 10.041402352 10.041402352 10.041402352 10.041402352 10.041402352 10.041402352 10.041402352 10.041402352 10.041402352 10.041402352 100
100 10.04115294 10.04115294 10.04115294 10.04115294 10.04115294 10.04115294 10.04115294 10.04115294 10.04115294 10.04115294 10.04115294 10.04115294 10.04115294 10.04115294 10.04115294 10.04115294 10.04115294 10.04115294 10.04115294 10.04115294 10.04115294 10.04115294 10.04115294 10.04115294 10.04115294 10.04115294 10.04115294 10.04115294 100
100 10.040903528 10.040903528 10.040903528 10.040903528 10.040903528 10.040903528 10.040903528 10.040903528 10.040903528 10.040903528 10.040903528 10.040903528 10.040903528 10.040903528 10.040903528 10.040903528 10.040903528 10.040903528 10.040903528 10.040903528 10.040903528 10.040903528 10.040903528 10.040903528 10.040903528 10.040903528 10.040903528 10.040903528 100
100 10.040654116 10.040654116 10.040654116 10.040654116 10.040654116 10.040654116 10.040654116 10.040654116 10.040654116 10.040654116 10.040654116 10.040654116 10.040654116 10.040654116 10.040654116 10.040654116 10.040654116 10.040654116 10.040654116 10.040654116 10.040654116 10.040654116 10.040654116 10.040654116 10.040654116 10.040654116 10.040654116 10.040654116 100
100 10.040404704 10.040404704 10.040404704 10.040404704 10.040404704 10.040404704 10.040404704 10.040404704 10.040404704 10.040404704 10.040404704 10.040404704 10.040404704 10.040404704 10.040404704 10.040404704 10.040404704 10.040404704 10.040404704 10.040404704 10.040404704 10.040404704 10.040404704 10.040404704 10.040404704 10.040404704 10.040404704 10.040404704 100
100 10.040155292 10.040155292 10.040155292 10.040155292 10.040155292 10.040155292 10.040155292 10.040155292 10.040155292 10.040155292 10.040155292 10.040155292 10.040155292 10.040155292 10.040155292 10.040155292 10.040155292 10.040155292 10.040155292 10.040155292 10.040155292 10.040155292 10.040155292 10.040155292 10.040155292 10.040155292 10.040155292 10.040155292 100
100 10.03990588 10.03990588 10.03990588 10.03990588 10.03990588 10.03990588 10.03990588 10.03990588 10.03990588 10.03990588 10.03990588 10.03990588 10.03990588 10.03990588 10.03990588 10.03990588 10.03990588 10.03990588 10.03990588 10.03990588 10.03990588 10.03990588 10.03990588 10.03990588 10.03990588 10.03990588 10.03990588 10.03990588 100
100 10.039656468 10.039656468 10.039656468 10.039656468 10.039656468 10.039656468 10.039656468 10.039656468 10.039656468 10.039656468 10.039656468 10.039656468 10.039656468 10.039656468 10.039656468 10.039656468 10.039656468 10.039656468 10.039656468 10.039656468 10.039656468 10.039656468 10.039656468 10.039656468 10.039656468 10.039656468 10.039656468 10.039656468 100
100 10.039407056 10.039407056 10.039407056 10.039407056 10.039407056 10.039407056 10.039407056 10.039407056 10.039407056 10.039407056 10.039407056 10.039407056 10.039407056 10.039407056 10.039407056 10.039407056 10.039407056 10.039407056 10.039407056 10.039407056 10.039407056 10.039407056 10.039407056 10.039407056 10.039407056 10.039407056 10.039407056 10.039407056 100
100 10.039157644 10.039157644 10.039157644 10.039157644 10.039157644 10.039157644 10.039157644 10.039157644 10.039157644 10.039157644 10.039157644 10.039157644 10.039157644 10.039157644 10.039157644 10.039157644 10.039157644 10.039157644 10.039157644 10.039157644 10.039157644 10.039157644 10.039157644 10.039157644 10.039157644 10.039157644 10.039157644 10.039157644 100
100 10.038908232 10.038908232 10.038908232 10.038908232 10.038908232 10.038908232 10.038908232 10.038908232 10.038908232 10.038908232 10.038908232 10.038908232 10.038908232 10.038908232 10.038908232 10.038908232 10.038908232 10.038908232 10.038908232 10.038908232 10.038908232 10.038908232 10.038908232 10.038908232 10.038908232 10.038908232 10.038908232 10.038908232 100
100 10.03865882 10.03865882 10.03865882 10.03865882 10.03865882 10.03865882 10.03865882 10.03865882 10.03865882 10.03865882 10.03865882 10.03865882 10.03865882 10.03865882 10.03865882 10.03865882 10.03865882 10.03865882 10.03865882 10.03865882 10.03865882 10.03865882 10.03865882 10.03865882 10.03865882 10.03865882 10.03865882 10.03865882 100
100 10.038409408 10.038409408 10.038409408 10.038409408 10.038409408 10.038409408 10.038409408 10.038409408 10.038409408 10.038409408 10.038409408 10.038409408 10.038409408 10.038409408 10.038409408 10.038409408 10.038409408 10.038409408 10.038409408 10.038409408 10.038409408 10.038409408 10.038409408 10.038409408 10.038409408 10.038409408 10.038409408 10.038409408 100
100 10.038159996 10.038159996 10.038159996 10.038159996 10.038159996 10.038159996 10.038159996 10.038159996 10.038159996 10.038159996 10.038159996 10.038159996 10.038159996 10.038159996 10.038159996 10.038159996 10.038159996 10.038159996 10.038159996 10.038159996 10.038159996 10.038159996 10.038159996 10.038159996 10.038159996 10.038159996 10.038159996 10.038159996 100
100 10.037910584 10.037910584 10.037910584 10.037910584 10.037910584 10.037910584 10.037910584 10.037910584 10.037910584 10.037910584 10.037910584 10.037910584 10.037910584 10.037910584 10.037910584 10.037910584 10.037910584 10.037910584 10.037910584 10.037910584 10.037910584 10.037910584 10.037910584 10.037910584 10.037910584 10.037910584 10.037910584 10.037910584 100
100 10.037661172 10.037661172 10.037661172 10.037661172 10.037661172 10.037661172 10.037661172 10.037661172 10.037661172 10.037661172 10.037661172 10.037661172 10.037661172 10.037661172 10.037661172 10.037661172 10.037661172 10.037661172 10.037661172 10.037661172 10.037661172 10.037661172 10.037661172 10.037661172 10.037661172 10.037661172 10.037661172 10.037661172 100
100 10.03741176 10.03741176 10.03741176 10.03741176 10.03741176 10.03741176 10.03741176 10.03741176 10.03741176 10.03741176 10.03741176 10.03741176 10.03741176 10.03741176 10.03741176 10.03741176 10.03741176 10.03741176 10.03741176 10.03741176 10.03741176 10.03741176 10.03741176 10.03741176 10.03741176 10.03741176 10.03741176 10.03741176 100
100 10.037162348 10.037162348 10.037162348 10.037162348 10.037162348 10.037162348 10.037162348 10.037162348 10.037162348 10.037162348 10.037162348 10.037162348 10.037162348 10.037162348 10.037162348 10.037162348 10.037162348 10.037162348 10.037162348 10.037162348 10.037162348 10.037162348 10.037162348 10.037162348 10.037162348 10.037162348 10.037162348 10.037162348 100
100 10.036912936 10.036912936 10.036912936 10.036912936 10.036912936 10.036912936 10.036912936 10.036912936 10.036912936 10.036912936 10.036912936 10.036912936 10.036912936 10.036912936 10.036912936 10.036912936 10.036912936 10.036912936 10.036912936 10.036912936 10.036912936 10.036912936 10.036912936 10.036912936 10.036912936 10.036912936 10.036912936 10.036912936 100
100 10.036663524 10.036663524 10.036663524 10.036663524 10.036663524 10.036663524 10.036663524 10.036663524 10.036663524 10.036663524 10.036663524 10.036663524 10.036663524 10.036663524 10.036663524 10.036663524 10.036663524 10.036663524 10.036663524 10.036663524 10.036663524 10.036663524 10.036663524 10.036663524 10.036663524 10.036663524 10.036663524 10.036663524 100
100 10.036414112 10.036414112 10.036414112 10.036414112 10.036414112 10.036414112 10.036414112 10.036414112 10.036414112 10.036414112 10.036414112 10.036414112 10.036414112 10.036414112 10.036414112 10.036414112 10.036414112 10.036414112 10.036414112 10.036414112 10.036414112 10.036414112 10.036414112 10.036414112 10.036414112 10.036414112 10.036414112 10.036414112 100
100 10.0361647 10.0361647 10.0361647 10.0361647 10.0361647 10.0361647 10.0361647 10.0361647 10.0361647 10.0361647 10.0361647 10.0361647 10.0361647 10.0361647 10.0361647 10.0361647 10.0361647 10.0361647 10.0361647 10.0361647 10.0361647 10.0361647 10.0361647 10.0361647 10.0361647 10.0361647 10.0361647 10.0361647 100
100 10.035915288 10.035915288 10.035915288 10.035915288 10.035915288 10.035915288 10.035915288 10.035915288 10.035915288 10.035915288 10.035915288 10.035915288 10.035915288 10.035915288 10.035915288 10.035915288 10.035915288 10.035915288 10.035915288 10.035915288 10.035915288 10.035915288 10.035915288 10.035915288 10.035915288 10.035915288 10.035915288 10.035915288 100
100 10.035665876 10.035665876 10.035665876 10.035665876 10.035665876 10.035665876 10.035665876 10.035665876 10.035665876 10.035665876 10.035665876 10.035665876 10.035665876 10.035665876 10.035665876 10.035665876 10.035665876 10.035665876 10.035665876 10.035665876 10.035665876 10.035665876 10.035665876 10.035665876 10.035665876 10.035665876 10.035665876 10.035665876 100
100 10.035416464 10.035416464 10.035416464 10.035416464 10.035416464 10.035416464 10.035416464 10.035416464 10.035416464 10.035416464 10.035416464 10.035416464 10.035416464 10.035416464 10.035416464 10.035416464 10.035416464 10.035416464 10.035416464 10.035416464 10.035416464 10.035416464 10.035416464 10.035416464 10.035416464 10.035416464 10.035416464 10.035416464 100
100 10.035167052 10.035167052 10.035167052 10.035167052 10.035167052 10.035167052 10.035167052 10.035167052 10.035167052 10.035167052 10.035167052 10.035167052 10.035167052 10.035167052 10.035167052 10.035167052 10.035167052 10.035167052 10.035167052 10.035167052 10.035167052 10.035167052 10.035167052 10.035167052 10.035167052 10.035167052 10.035167052 10.035167052 100
100 10.03491764 10.03491764 10.03491764 10.03491764 10.03491764 10.03491764 10.03491764 10.03491764 10.03491764 10.03491764 10.03491764 10.03491764 10.03491764 10.03491764 10.03491764 10.03491764 10.03491764 10.03491764 10.03491764 10.03491764 10.03491764 10.03491764 10.03491764 10.03491764 10.03491764 10.03491764 10.03491764 10.03491764 100
100 10.034668228 10.034668228 10.034668228 10.034668228 10.034668228 10.034668228 10.034668228 10.034668228 10.034668228 10.034668228 10.034668228 10.034668228 10.034668228 10.034668228 10.034668228 10.034668228 10.034668228 10.034668228 10.034668228 10.034668228 10.034668228 10.034668228 10.034668228 10.034668228 10.034668228 10.034668228 10.034668228 10.034668228 100
100 10.034418816 10.034418816 10.034418816 10.034418816 10.034418816 10.034418816 10.034418816 10.034418816 10.034418816 10.034418816 10.034418816 10.034418816 10.034418816 10.034418816 10.034418816 10.034418816 10.034418816 10.034418816 10.034418816 10.034418816 10.034418816 10.034418816 10.034418816 10.034418816 10.034418816 10.034418816 10.034418816 10.034418816 100
100 10.034169404 10.034169404 10.034169404 10.034169404 10.034169404 10.034169404 10.034169404 10.034169404 10.034169404 10.034169404 10.034169404 10.034169404 10.034169404 10.034169404 10.034169404 10.034169404 10.034169404 10.034169404 10.034169404 10.034169404 10.034169404 10.034169404 10.034169404 10.034169404 10.034169404 10.034169404 10.034169404 10.034169404 100
100 10.033919992 10.033919992 10.033919992 10.033919992 10.033919992 10.033919992 10.033919992 10.033919992 10.033919992 10.033919992 10.033919992 10.033919992 10.033919992 10.033919992 10.033919992 10.033919992 10.033919992 10.033919992 10.033919992 10.033919992 10.033919992 10.033919992 10.033919992 10.033919992 10.033919992 10.033919992 10.033919992 10.033919992 100
100 10.03367058 10.03367058 10.03367058 10.03367058 10.03367058 10.03367058 10.03367058 10.03367058 10.03367058 10.03367058 10.03367058 10.03367058 10.03367058 10.03367058 10.03367058 10.03367058 10.03367058 10.03367058 10.03367058 10.03367058 10.03367058 10.03367058 10.03367058 10.03367058 10.03367058 10.03367058 10.03367058 10.03367058 100
100 10.033421168 10.033421168 10.033421168 10.033421168 10.033421168 10.033421168 10.033421168 10.033421168 10.033421168 10.033421168 10.033421168 10.033421168 10.033421168 10.033421168 10.033421168 10.033421168 10.033421168 10.033421168 10.033421168 10.033421168 10.033421168 10.033421168 10.033421168 10.033421168 10.033421168 10.033421168 10.033421168 10.033421168 100
100 10.033171756 10.033171756 10.033171756 10.033171756 10.033171756 10.033171756 10.033171756 10.033171756 10.033171756 10.033171756 10.033171756 10.033171756 10.033171756 10.033171756 10.033171756 10.033171756 10.033171756 10.033171756 10.033171756 10.033171756 10.033171756 10.033171756 10.033171756 10.033171756 10.033171756 10.033171756 10.033171756 10.033171756 100
100 10.032922344 10.032922344 10.032922344 10.032922344 10.032922344 10.032922344 10.032922344 10.032922344 10.032922344 10.032922344 10.032922344 10.032922344 10.032922344 10.032922344 10.032922344 10.032922344 10.032922344 10.032922344 10.032922344 10.032922344 10.032922344 10.032922344 10.032922344 10.032922344 10.032922344 10.032922344 10.032922344 10.032922344 100
100 10.032672932 10.032672932 10.032672932 10.032672932 10.032672932 10.032672932 10.032672932 10.032672932 10.032672932 10.032672932 10.032672932 10.032672932 10.032672932 10.032672932 10.032672932 10.032672932 10.032672932 10.032672932 10.032672932 10.032672932 10.032672932 10.032672932 10.032672932 10.032672932 10.032672932 10.032672932 10.032672932 10.032672932 100
100 10.03242352 10.03242352 10.03242352 10.03242352 10.03242352 10.03242352 10.03242352 10.03242352 10.03242352 10.03242352 10.03242352 10.03242352 10.03242352 10.03242352 10.03242352 10.03242352 10.03242352 10.03242352 10.03242352 10.03242352 10.03242352 10.03242352 10.03242352 10.03242352 10.03242352 10.03242352 10.03242352 10.03242352 100
100 10.032174108 10.032174108 10.032174108 10.032174108 10.032174108 10.032174108 10.032174108 10.032174108 10.032174108 10.032174108 10.032174108 10.032174108 10.032174108 10.032174108 10.032174108 10.032174108 10.032174108 10.032174108 10.032174108 10.032174108 10.032174108 10.032174108 10.032174108 10.032174108 10.032174108 10.032174108 10.032174108 100 100
100 10.031924696 10.031924696 10.031924696 10.031924696 10.031924696 10.031924696 10.031924696 10.031924696 10.031924696 10.031924696 10.031924696 10.031924696 10.031924696 10.031924696 10.031924696 10.031924696 10.031924696 10.031924696 10.031924696 10.031924696 10.031924696 10.031924696 10.031924696 10.031924696 10.031924696 10.031924696 100 100 100
100 10.031675284 10.031675284 10.031675284 10.031675284 10.031675284 10.031675284 10.031675284 10.031675284 10.031675284 10.031675284 10.031675284 10.031675284 10.031675284 10.031675284 10.031675284 10.031675284 10.031675284 10.031675284 10.031675284 10.031675284 10.031675284 10.031675284 10.031675284 10.031675284 10.031675284 100 100 100 100
100 10.031425872 10.031425872 10.031425872 10.031425872 10.031425872 10.031425872 10.031425872 10.031425872 10.031425872 10.031425872 10.031425872 10.031425872 10.031425872 10.031425872 10.031425872 10.031425872 10.031425872 10.031425872 10.031425872 10.031425872 10.031425872 10.031425872 10.031425872 10.031425872 100 100 100 100 100
100 10.03117646 10.03117646 10.03117646 10.03117646 10.03117646 10.03117646 10.03117646 10.03117646 10.03117646 10.03117646 10.03117646 10.03117646 10.03117646 10.03117646 10.03117646 10.03117646 10.03117646 10.03117646 10.03117646 10.03117646 10.03117646 10.03117646 10.03117646 100 100 100 100 100 100
100 10.030927048 10.030927048 10.030927048 10.030927048 10.030927048 10.030927048 10.030927048 10.030927048 10.030927048 10.030927048 10.030927048 10.030927048 10.030927048 10.030927048 10.030927048 10.030927048 10.030927048 10.030927048 10.030927048 10.030927048 10.030927048 10.030927048 100 100 100 100 100 100 100
100 10.030677636 10.030677636 10.030677636 10.030677636 10.030677636 10.030677636 10.030677636 10.030677636 10.030677636 10.030677636 10.030677636 10.030677636 10.030677636 10.030677636 10.030677636 10.030677636 10.030677636 10.030677636 10.030677636 10.030677636 10.030677636 10.030677636 100 100 100 100 100 100 100
100 10.030428224 10.030428224 10.030428224 10.030428224 10.030428224 10.030428224 10.030428224 10.030428224 10.030428224 10.030428224 10.030428224 10.030428224 10.030428224 10.030428224 10.030428224 10.030428224 10.030428224 10.030428224 10.030428224 10.030428224 10.030428224 100 100 100 100 100 100 100 100
100 10.030178812 10.030178812 10.030178812 10.030178812 10.030178812 10.030178812 10.030178812 10.030178812 10.030178812 10.030178812 10.030178812 10.030178812 10.030178812 10.030178812 10.030178812 10.030178812 10.030178812 10.030178812 10.030178812 10.030178812 100 100 100 100 100 100 100 100 100
100 10.0299294 10.0299294 10.0299294 10.0299294 10.0299294 10.0299294 10.0299294 10.0299294 10.0299294 10.0299294 10.0299294 10.0299294 10.0299294 10.0299294 10.0299294 10.0299294 10.0299294 10.0299294 10.0299294 100 100 100 100 100 100 100 100 100 100
100 10.029679988 10.029679988 10.029679988 10.029679988 10.029679988 10.029679988 10.029679988 10.029679988 10.029679988 10.029679988 10.029679988 10.029679988 10.029679988 10.029679988 10.029679988 10.029679988 10.029679988 10.029679988 100 100 100 100 100 100 100 100 100 100 100
100 10.029430576 10.029430576 10.029430576 10.029430576 10.029430576 10.029430576 10.029430576 10.029430576 10.029430576 10.029430576 10.029430576 10.029430576 10.029430576 10.029430576 10.029430576 10.029430576 10.029430576 10.029430576 100 100 100 100 100 100 100 100 100 100 100
100 10.029181164 10.029181164 10.029181164 10.029181164 10.029181164 10.029181164 10.029181164 10.029181164 10.029181164 10.029181164 10.029181164 10.029181164 10.029181164 10.029181164 10.029181164 10.029181164 10.029181164 100 100 100 100 100 100 100 100 100 100 100 100
100 10.028931752 10.028931752 10.028931752 10.028931752 10.028931752 10.028931752 10.028931752 10.028931752 10.028931752 10.028931752 10.028931752 10.028931752 10.028931752 10.028931752 10.028931752 10.028931752 100 100 100 100 100 100 100 100 100 100 100 100 100
100 10.02868234 10.02868234 10.02868234 10.02868234 10.02868234 10.02868234 10.02868234 10.02868234 10.02868234 10.02868234 10.02868234 10.02868234 10.02868234 10.02868234 10.02868234 10.02868234 100 100 100 100 100 100 100 100 100 100 100 100 100
100 10.028432928 10.028432928 10.028432928 10.028432928 10.028432928 10.028432928 10.028432928 10.028432928 10.028432928 10.028432928 10.028432928 10.028432928 10.028432928 10.028432928 10.028432928 100 100 100 100 100 100 100 100 100 100 100 100 100 100
100 10.028183516 10.028183516 10.028183516 10.028183516 10.028183516 10.028183516 10.028183516 10.028183516 10.028183516 10.028183516 10.028183516 10.028183516 10.028183516 10.028183516 10.028183516 100 100 100 100 100 100 100 100 100 100 100 100 100 100
100 10.027934104 10.027934104 10.027934104 10.027934104 10.027934104 10.027934104 10.027934104 10.027934104 10.027934104 10.027934104 10.027934104 10.027934104 10.027934104 10.027934104 100 100 100 100 100 100 100 100 100 100 100 100 100 100 100
100 10.027684692 10.027684692 10.027684692 10.027684692 10.027684692 10.027684692 10.027684692 10.027684692 10.027684692 10.027684692 10.027684692 10.027684692 10.027684692 10.027684692 100 100 100 100 100 100 100 100 100 100 100 100 100 100 100
100 10.02743528 10.02743528 10.02743528 10.02743528 10.02743528 10.02743528 10.02743528 10.02743528 10.02743528 10.02743528 10.02743528 10.02743528 10.02743528 100 100 100 100 100 100 100 100 100 100 100 100 100 100 100 100
100 10.027185868 10.027185868 10.027185868 10.027185868 10.027185868 10.027185868 10.027185868 10.027185868 10.027185868 10.027185868 10.027185868 10.027185868 10.027185868 100 100 100 100 100 100 100 100 100 100 100 100 100 100 100 100
100 10.026936456 10.026936456 10.026936456 10.026936456 10.026936456 10.026936456 10.026936456 10.026936456 10.026936456 10.026936456 10.026936456 10.026936456 10.026936456 100 100 100 100 100 100 100 100 100 100 100 100 100 100 100 100
100 10.026687044 10.026687044 10.026687044 10.026687044 10.026687044 10.026687044 10.026687044 10.026687044 10.026687044 10.026687044 10.026687044 10.026687044 10.026687044 100 100 100 100 100 100 100 100 100 100 100 100 100 100 100 100
100 10.026437632 10.026437632 10.026437632 10.026437632 10.026437632 10.026437632 10.026437632 10.026437632 10.026437632 10.026437632 10.026437632 10.026437632 100 100 100 100 100 100 100 100 100 100 100 100 100 100 100 100 100
100 10.02618822 10.02618822 10.02618822 10.02618822 10.02618822 10.02618822 10.02618822 10.02618822 10.02618822 10.02618822 10.02618822 10.02618822 100 100 100 100 100 100 100 100 100 100 100 100 100 100 100 100 100
100 10.025938808 10.025938808 10.025938808 10.025938808 10.025938808 10.025938808 10.025938808 10.025938808 10.025938808 10.025938808 10.025938808 10.025938808 100 100 100 100 100 100 100 100 100 100 100 100 100 100 100 100 100
100 10.025689396 10.025689396 10.025689396 10.025689396 10.025689396 10.025689396 10.025689396 10.025689396 10.025689396 10.025689396 10.025689396 10.025689396 100 100 100 100 100 100 100 100 100 100 100 100 100 100 100 100 100
100 10.025439984 10.025439984 10.025439984 10.025439984 10.025439984 10.025439984 10.025439984 10.025439984 10.025439984 10.025439984 10.025439984 10.025439984 100 100 100 100 100 100 100 100 100 100 100 100 100 100 100 100 100
100 10.025190572 10.025190572 10.025190572 10.025190572 10.025190572 10.025190572 10.025190572 10.025190572 10.025190572 10.025190572 10.025190572 10.025190572 100 100 100 100 100 100 100 100 100 100 100 100 100 100 100 100 100
100 10.02494116 10.02494116 10.02494116 10.02494116 10.02494116 10.02494116 10.02494116 10.02494116 10.02494116 10.02494116 10.02494116 10.02494116 100 100 100 100 100 100 100 100 100 100 100 100 100 100 100 100 100
100 10.024691748 10.024691748 10.024691748 10.024691748 10.024691748 10.024691748 10.024691748 10.024691748 10.024691748 10.024691748 10.024691748 10.024691748 100 100 100 100 100 100 100 100 100 100 100 100 100 100 100 100 100
100 10.024442336 10.024442336 10.024442336 10.024442336 10.024442336 10.024442336 10.024442336 10.024442336 10.024442336 10.024442336 10.024442336 10.024442336 100 100 100 100 100 100 100 100 100 100 100 100 100 100 100 100 100
100 10.024192924 10.024192924 10.024192924 10.024192924 10.024192924 10.024192924 10.024192924 10.024192924 10.024192924 10.024192924 10.024192924 10.024192924 100 100 100 100 100 100 100 100 100 100 100 100 100 100 100 100 100
100 10.023943512 10.023943512 10.023943512 10.023943512 10.023943512 10.023943512 10.023943512 10.023943512 10.023943512 10.023943512 10.023943512 10.023943512 100 100 100 100 100 100 100 100 100 100 100 100 100 100 100 100 100
100 10.0236941 10.0236941 10.0236941 10.0236941 10.0236941 10.0236941 10.0236941 10.0236941 10.0236941 10.0236941 10.0236941 10.0236941 100 100 100 100 100 100 100 100 100 100 100 100 100 100 100 100 100
100 10.023444688 10.023444688 10.023444688 10.023444688 10.023444688 10.023444688 10.023444688 10.023444688 10.023444688 10.023444688 10.023444688 10.023444688 100 100 100 100 100 100 100 100 100 100 100 100 100 100 100 100 100
100 10.023195276 10.023195276 10.023195276 10.023195276 10.023195276 10.023195276 10.023195276 10.023195276 10.023195276 10.023195276 10.023195276 10.023195276 10.023195276 100 100 100 100 100 100 100 100 100 100 100 100 100 100 100 100
100 10.022945864 10.022945864 10.022945864 10.022945864 10.022945864 10.022945864 10.022945864 10.022945864 10.022945864 10.022945864 10.022945864 10.022945864 10.022945864 100 100 100 100 100 100 100 100 100 100 100 100 100 100 100 100
100 10.022696452 10.022696452 10.022696452 10.022696452 10.022696452 10.022696452 10.022696452 10.022696452 10.022696452 10.022696452 10.022696452 10.022696452 10.022696452 100 100 100 100 100 100 100 100 100 100 100 100 100 100 100 100
100 10.02244704 10.02244704 10.02244704 10.02244704 10.02244704 10.02244704 10.02244704 10.02244704 10.02244704 10.02244704 10.02244704 10.02244704 10.02244704 100 100 100 100 100 100 100 100 100 100 100 100 100 100 100 100
100 10.022197628 10.022197628 10.022197628 10.022197628 10.022197628 10.022197628 10.022197628 10.022197628 10.022197628 10.022197628 10.022197628 10.022197628 10.022197628 100 100 100 100 100 100 100 100 100 100 100 100 100 100 100 100
100 10.021948216 10.021948216 10.021948216 10.021948216 10.021948216 10.021948216 10.021948216 10.021948216 10.021948216 10.021948216 10.021948216 10.021948216 10.021948216 100 100 100 100 100 100 100 100 100 100 100 100 100 100 100 100
100 10.021698804 10.021698804 10.021698804 10.021698804 10.021698804 10.021698804 10.021698804 10.021698804 10.021698804 10.021698804 10.021698804 10.021698804 10.021698804 100 100 100 100 100 100 100 100 100 100 100 100 100 100 100 100
100 10.021449392 10.021449392 10.021449392 10.021449392 10.021449392 10.021449392 10.021449392 10.021449392 10.021449392 10.021449392 10.021449392 10.021449392 10.021449392 10.021449392 100 100 100 100 100 100 100 100 100 100 100 100 100 100 100
100 10.02119998 10.02119998 10.02119998 10.02119998 10.02119998 10.02119998 10.02119998 10.02119998 10.02119998 10.02119998 10.02119998 10.02119998 10.02119998 10.02119998 100 100 100 100 100 100 100 100 100 100 100 100 100 100 100
100 10.020950568 10.020950568 10.020950568 10.020950568 10.020950568 10.020950568 10.020950568 10.020950568 10.020950568 10.020950568 10.020950568 10.020950568 10.020950568 10.020950568 100 100 100 100 100 100 100 100 100 100 100 100 100 100 100
100 10.020701156 10.020701156 10.020701156 10.020701156 10.020701156 10.020701156 10.020701156 10.020701156 10.020701156 10.020701156 10.020701156 10.020701156 10.020701156 10.020701156 10.020701156 100 100 100 100 100 100 100 100 100 100 100 100 100 100
100 10.020451744 10.020451744 10.020451744 10.020451744 10.020451744 10.020451744 10.020451744 10.020451744 10.020451744 10.020451744 10.020451744 10.020451744 10.020451744 10.020451744 10.020451744 100 100 100 100 100 100 100 100 100 100 100 100 100 100
100 10.020202332 10.020202332 10.020202332 10.020202332 10.020202332 10.020202332 10.020202332 10.020202332 10.020202332 10.020202332 10.020202332 10.020202332 10.020202332 10.020202332 10.020202332 100 100 100 100 100 100 100 100 100 100 100 100 100 100
100 10.01995292 10.01995292 10.01995292 10.01995292 10.01995292 10.01995292 10.01995292 10.01995292 10.01995292 10.01995292 10.01995292 10.01995292 10.01995292 10.01995292 10.01995292 10.01995292 100 100 100 100 100 100 100 100 100 100 100 100 100
100 10.019703508 10.019703508 10.019703508 10.019703508 10.019703508 10.019703508 10.019703508 10.019703508 10.019703508 10.019703508 10.019703508 10.019703508 10.019703508 10.019703508 10.019703508 10.019703508 100 100 100 100 100 100 100 100 100 100 100 100 100
100 10.019454096 10.019454096 10.019454096 10.019454096 10.019454096 10.019454096 10.019454096 10.019454096 10.019454096 10.019454096 10.019454096 10.019454096 10.019454096 10.019454096 10.019454096 10.019454096 10.019454096 100 100 100 100 100 100 100 100 100 100 100 100
100 10.019204684 10.019204684 10.019204684 10.019204684 10.019204684 10.019204684 10.019204684 10.019204684 10.019204684 10.019204684 10.019204684 10.019204684 10.019204684 10.019204684 10.019204684 10.019204684 10.019204684 100 100 100 100 100 100 100 100 100 100 100 100
100 10.018955272 10.018955272 10.018955272 10.018955272 10.018955272 10.018955272 10.018955272 10.018955272 10.018955272 10.018955272 10.018955272 10.018955272 10.018955272 10.018955272 10.018955272 10.018955272 10.018955272 10.018955272 100 100 100 100 100 100 100 100 100 100 100
100 10.01870586 10.01870586 10.01870586 10.01870586 10.01870586 10.01870586 10.01870586 10.01870586 10.01870586 10.01870586 10.01870586 10.01870586 10.01870586 10.01870586 10.01870586 10.01870586 10.01870586 10.01870586 100 100 100 100 100 100 100 100 100 100 100
100 10.018456448 10.018456448 10.018456448 10.018456448 10.018456448 10.018456448 10.018456448 10.018456448 10.018456448 10.018456448 10.018456448 10.018456448 10.018456448 10.018456448 10.018456448 10.018456448 10.018456448 10.018456448 100 100 100 100 100 100 100 100 100 100 100
100 10.018207036 10.018207036 10.018207036 10.018207036 10.018207036 10.018207036 10.018207036 10.018207036 10.018207036 10.018207036 10.018207036 10.018207036 10.018207036 10.018207036 10.018207036 10.018207036 10.018207036 10.018207036 10.018207036 100 100 100 100 100 100 100 100 100 100
100 10.017957624 10.017957624 10.017957624 10.017957624 10.017957624 10.017957624 10.017957624 10.017957624 10.017957624 10.017957624 10.017957624 10.017957624 10.017957624 10.017957624 10.017957624 10.017957624 10.017957624 10.017957624 10.017957624 100 100 100 100 100 100 100 100 100 100
100 10.017708212 10.017708212 10.017708212 10.017708212 10.017708212 10.017708212 10.017708212 10.017708212 10.017708212 10.017708212 10.017708212 10.017708212 10.017708212 10.017708212 10.017708212 10.017708212 10.017708212 10.017708212 10.017708212 10.017708212 100 100 100 100 100 100 100 100 100
100 10.0174588 10.0174588 10.0174588 10.0174588 10.0174588 10.0174588 10.0174588 10.0174588 10.0174588 10.0174588 10.0174588 10.0174588 10.0174588 10.0174588 10.0174588 10.0174588 10.0174588 10.0174588 10.0174588 10.0174588 100 100 100 100 100 100 100 100 100
100 10.0172093879999 10.0172093879999 10.0172093879999 10.0172093879999 10.0172093879999 10.0172093879999 10.0172093879999 10.0172093879999 10.0172093879999 10.0172093879999 10.0172093879999 10.0172093879999 10.0172093879999 10.0172093879999 10.0172093879999 10.0172093879999 10.0172093879999 10.0172093879999 10.0172093879999 10.0172093879999 100 100 100 100 100 100 100 100 100
100 10.0169599759999 10.0169599759999 10.0169599759999 10.0169599759999 10.0169599759999 10.0169599759999 10.0169599759999 10.0169599759999 10.0169599759999 10.0169599759999 10.0169599759999 10.0169599759999 10.0169599759999 10.0169599759999 10.0169599759999 10.0169599759999 10.0169599759999 10.0169599759999 10.0169599759999 10.0169599759999 10.0169599759999 100 100 100 100 100 100 100 100
100 10.0167105639999 10.0167105639999 10.0167105639999 10.0167105639999 10.0167105639999 10.0167105639999 10.0167105639999 10.0167105639999 10.0167105639999 10.0167105639999 10.0167105639999 10.0167105639999 10.0167105639999 10.0167105639999 10.0167105639999 10.0167105639999 10.0167105639999 10.0167105639999 10.0167105639999 10.0167105639999 10.0167105639999 100 100 100 100 100 100 100 100
100 10.0164611519999 10.0164611519999 10.0164611519999 10.0164611519999 10.0164611519999 10.0164611519999 10.0164611519999 10.0164611519999 10.0164611519999 10.0164611519999 10.0164611519999 10.0164611519999 10.0164611519999 10.0164611519999 10.0164611519999 10.0164611519999 10.0164611519999 10.0164611519999 10.0164611519999 10.0164611519999 10.0164611519999 10.0164611519999 100 100 100 100 100 100 100
100 10.0162117399999 10.0162117399999 10.0162117399999 10.0162117399999 10.0162117399999 10.0162117399999 10.0162117399999 10.0162117399999 10.0162117399999 10.0162117399999 10.0162117399999 10.0162117399999 10.0162117399999 10.0162117399999 10.0162117399999 10.0162117399999 10.0162117399999 10.0162117399999 10.0162117399999 10.0162117399999 10.0162117399999 10.0162117399999 100 100 100 100 100 100 100
100 10.0159623279999 10.0159623279999 10.0159623279999 10.0159623279999 10.0159623279999 10.0159623279999 10.0159623279999 10.0159623279999 10.0159623279999 10.0159623279999 10.0159623279999 10.0159623279999 10.0159623279999 10.0159623279999 10.0159623279999 10.0159623279999 10.0159623279999 10.0159623279999 10.0159623279999 10.0159623279999 10.0159623279999 10.0159623279999 100 100 100 100 100 100 100
100 10.0157129159999 10.0157129159999 10.0157129159999 10.0157129159999 10.0157129159999 10.0157129159999 10.0157129159999 10.0157129159999 10.0157129159999 10.0157129159999 10.0157129159999 10.0157129159999 10.0157129159999 10.0157129159999 10.0157129159999 10.0157129159999 10.0157129159999 10.0157129159999 10.0157129159999 10.0157129159999 10.0157129159999 10.0157129159999 10.0157129159999 100 100 100 100 100 100
100 10.0154635039999 10.0154635039999 10.0154635039999 10.0154635039999 10.0154635039999 10.0154635039999 10.0154635039999 10.0154635039999 10.0154635039999 10.0154635039999 10.0154635039999 10.0154635039999 10.0154635039999 10.0154635039999 10.0154635039999 10.0154635039999 10.0154635039999 10.0154635039999 10.0154635039999 10.0154635039999 10.0154635039999 10.0154635039999 10.0154635039999 100 100 100 100 100 100
100 10.0152140919999 10.0152140919999 10.0152140919999 10.0152140919999 10.0152140919999 10.0152140919999 10.0152140919999 10.0152140919999 10.0152140919999 10.0152140919999 10.0152140919999 10.0152140919999 10.0152140919999 10.0152140919999 10.0152140919999 10.0152140919999 10.0152140919999 10.0152140919999 10.0152140919999 10.0152140919999 10.0152140919999 10.0152140919999 10.0152140919999 10.0152140919999 100 100 100 100 100
100 10.0149646799999 10.0149646799999 10.0149646799999 10.0149646799999 10.0149646799999 10.0149646799999 10.0149646799999 10.0149646799999 10.0149646799999 10.0149646799999 10.0149646799999 10.0149646799999 10.0149646799999 10.0149646799999 10.0149646799999 10.0149646799999 10.0149646799999 10.0149646799999 10.0149646799999 10.0149646799999 10.0149646799999 10.0149646799999 10.0149646799999 10.0149646799999 100 100 100 100 100
100 10.0147152679999 10.0147152679999 10.0147152679999 10.0147152679999 10.0147152679999 10.0147152679999 10.0147152679999 10.0147152679999 10.0147152679999 10.0147152679999 10.0147152679999 10.0147152679999 10.0147152679999 10.0147152679999 10.0147152679999 10.0147152679999 10.0147152679999 10.0147152679999 10.0147152679999 10.0147152679999 10.0147152679999 10.0147152679999 10.0147152679999 10.0147152679999 10.0147152679999 100 100 100 100
100 10.0144658559999 10.0144658559999 10.0144658559999 10.0144658559999 10.0144658559999 10.0144658559999 10.0144658559999 10.0144658559999 10.0144658559999 10.0144658559999 10.0144658559999 10.0144658559999 10.0144658559999 10.0144658559999 10.0144658559999 10.0144658559999 10.0144658559999 10.0144658559999 10.0144658559999 10.0144658559999 10.0144658559999 10.0144658559999 10.0144658559999 10.0144658559999 10.0144658559999 100 100 100 100
100 10.0142164439999 10.0142164439999 10.0142164439999 10.0142164439999 10.0142164439999 10.0142164439999 10.0142164439999 10.0142164439999 10.0142164439999 10.0142164439999 10.0142164439999 10.0142164439999 10.0142164439999 10.0142164439999 10.0142164439999 10.0142164439999 10.0142164439999 10.0142164439999 10.0142164439999 10.0142164439999 10.0142164439999 10.0142164439999 10.0142164439999 10.0142164439999 10.0142164439999 100 100 100 100
100 10.0139670319999 10.0139670319999 10.0139670319999 10.0139670319999 10.0139670319999 10.0139670319999 10.0139670319999 10.0139670319999 10.0139670319999 10.0139670319999 10.0139670319999 10.0139670319999 10.0139670319999 10.0139670319999 10.0139670319999 10.0139670319999 10.0139670319999 10.0139670319999 10.0139670319999 10.0139670319999 10.0139670319999 10.0139670319999 10.0139670319999 10.0139670319999 10.0139670319999 100 100 100 100
100 10.0137176199999 10.0137176199999 10.0137176199999 10.0137176199999 10.0137176199999 10.0137176199999 10.0137176199999 10.0137176199999 10.0137176199999 10.0137176199999 10.0137176199999 10.0137176199999 10.0137176199999 10.0137176199999 10.0137176199999 10.0137176199999 10.0137176199999 10.0137176199999 10.0137176199999 10.0137176199999 10.0137176199999 10.0137176199999 10.0137176199999 10.0137176199999 10.0137176199999 10.0137176199999 100 100 100
100 10.0134682079999 10.0134682079999 10.0134682079999 10.0134682079999 10.0134682079999 10.0134682079999 10.0134682079999 10.0134682079999 10.0134682079999 10.0134682079999 10.0134682079999 10.0134682079999 10.0134682079999 10.0134682079999 10.0134682079999 10.0134682079999 10.0134682079999 10.0134682079999 10.0134682079999 10.0134682079999 10.0134682079999 10.0134682079999 10.0134682079999 10.0134682079999 10.0134682079999 10.0134682079999 100 100 100
100 10.0132187959999 10.0132187959999 10.0132187959999 10.0132187959999 10.0132187959999 10.0132187959999 10.0132187959999 10.0132187959999 10.0132187959999 10.0132187959999 10.0132187959999 10.0132187959999 10.0132187959999 10.0132187959999 10.0132187959999 10.0132187959999 10.0132187959999 10.0132187959999 10.0132187959999 10.0132187959999 10.0132187959999 10.0132187959999 10.0132187959999 10.0132187959999 10.0132187959999 10.0132187959999 100 100 100
100 10.0129693839999 10.0129693839999 10.0129693839999 10.0129693839999 10.0129693839999 10.0129693839999 10.0129693839999 10.0129693839999 10.0129693839999 10.0129693839999 10.0129693839999 10.0129693839999 10.0129693839999 10.0129693839999 10.0129693839999 10.0129693839999 10.0129693839999 10.0129693839999 10.0129693839999 10.0129693839999 10.0129693839999 10.0129693839999 10.0129693839999 10.0129693839999 10.0129693839999 10.0129693839999 100 100 100
100 10.0127199719999 10.0127199719999 10.0127199719999 10.0127199719999 10.0127199719999 10.0127199719999 10.0127199719999 10.0127199719999 10.0127199719999 10.0127199719999 10.0127199719999 10.0127199719999 10.0127199719999 10.0127199719999 10.0127199719999 10.0127199719999 10.0127199719999 10.0127199719999 10.0127199719999 10.0127199719999 10.0127199719999 10.0127199719999 10.0127199719999 10.0127199719999 10.0127199719999 10.0127199719999 100 100 100
100 10.0124705599999 10.0124705599999 10.0124705599999 10.0124705599999 10.0124705599999 10.0124705599999 10.0124705599999 10.0124705599999 10.0124705599999 10.0124705599999 10.0124705599999 10.0124705599999 10.0124705599999 10.0124705599999 10.0124705599999 10.0124705599999 10.0124705599999 10.0124705599999 10.0124705599999 10.0124705599999 10.0124705599999 10.0124705599999 10.0124705599999 10.0124705599999 10.0124705599999 10.0124705599999 10.0124705599999 100 100
100 10.0122211479999 10.0122211479999 10.0122211479999 10.0122211479999 10.0122211479999 10.0122211479999 10.0122211479999 10.0122211479999 10.0122211479999 10.0122211479999 10.0122211479999 10.0122211479999 10.0122211479999 10.0122211479999 10.0122211479999 10.0122211479999 10.0122211479999 10.0122211479999 10.0122211479999 10.0122211479999 10.0122211479999 10.0122211479999 10.0122211479999 10.0122211479999 10.0122211479999 10.0122211479999 10.0122211479999 100 100
100 10.0119717359999 10.0119717359999 10.0119717359999 10.0119717359999 10.0119717359999 10.0119717359999 10.0119717359999 10.0119717359999 10.0119717359999 10.0119717359999 10.0119717359999 10.0119717359999 10.0119717359999 10.0119717359999 10.0119717359999 10.0119717359999 10.0119717359999 10.0119717359999 10.0119717359999 10.0119717359999 10.0119717359999 10.0119717359999 10.0119717359999 10.0119717359999 10.0119717359999 10.0119717359999 10.0119717359999 100 100
100 10.0117223239999 10.0117223239999 10.0117223239999 10.0117223239999 10.0117223239999 10.0117223239999 10.0117223239999 10.0117223239999 10.0117223239999 10.0117223239999 10.0117223239999 10.0117223239999 10.0117223239999 10.0117223239999 10.0117223239999 10.0117223239999 10.0117223239999 10.0117223239999 10.0117223239999 10.0117223239999 10.0117223239999 10.0117223239999 10.0117223239999 10.0117223239999 10.0117223239999 10.0117223239999 10.0117223239999 100 100
100 10.0114729119999 10.0114729119999 10.0114729119999 10.0114729119999 10.0114729119999 10.0114729119999 10.0114729119999 10.0114729119999 10.0114729119999 10.0114729119999 10.0114729119999 10.0114729119999 10.0114729119999 10.0114729119999 10.0114729119999 10.0114729119999 10.0114729119999 10.0114729119999 10.0114729119999 10.0114729119999 10.0114729119999 10.0114729119999 10.0114729119999 10.0114729119999 10.0114729119999 10.0114729119999 10.0114729119999 100 100
100 10.0112234999999 10.0112234999999 10.0112234999999 10.0112234999999 10.0112234999999 10.0112234999999 10.0112234999999 10.0112234999999 10.0112234999999 10.0112234999999 10.0112234999999 10.0112234999999 10.0112234999999 10.0112234999999 10.0112234999999 10.0112234999999 10.0112234999999 10.0112234999999 10.0112234999999 10.0112234999999 10.0112234999999 10.0112234999999 10.0112234999999 10.0112234999999 10.0112234999999 10.0112234999999 10.0112234999999 10.0112234999999 100
100 10.0109740879999 10.0109740879999 10.0109740879999 10.0109740879999 10.0109740879999 10.0109740879999 10.0109740879999 10.0109740879999 10.0109740879999 10.0109740879999 10.0109740879999 10.0109740879999 10.0109740879999 10.0109740879999 10.0109740879999 10.0109740879999 10.0109740879999 10.0109740879999 10.0109740879999 10.0109740879999 10.0109740879999 10.0109740879999 10.0109740879999 10.0109740879999 10.0109740879999 10.0109740879999 10.0109740879999 10.0109740879999 100
100 10.0107246759999 10.0107246759999 10.0107246759999 10.0107246759999 10.0107246759999 10.0107246759999 10.0107246759999 10.0107246759999 10.0107246759999 10.0107246759999 10.0107246759999 10.0107246759999 10.0107246759999 10.0107246759999 10.0107246759999 10.0107246759999 10.0107246759999 10.0107246759999 10.0107246759999 10.0107246759999 10.0107246759999 10.0107246759999 10.0107246759999 10.0107246759999 10.0107246759999 10.0107246759999 10.0107246759999 10.0107246759999 100
100 10.0104752639999 10.0104752639999 10.0104752639999 10.0104752639999 10.0104752639999 10.0104752639999 10.0104752639999 10.0104752639999 10.0104752639999 10.0104752639999 10.0104752639999 10.0104752639999 10.0104752639999 10.0104752639999 10.0104752639999 10.0104752639999 10.0104752639999 10.0104752639999 10.0104752639999 10.0104752639999 10.0104752639999 10.0104752639999 10.0104752639999 10.0104752639999 10.0104752639999 10.0104752639999 10.0104752639999 10.0104752639999 100
100 10.0102258519999 10.0102258519999 10.0102258519999 10.0102258519999 10.0102258519999 10.0102258519999 10.0102258519999 10.0102258519999 10.0102258519999 10.0102258519999 10.0102258519999 10.0102258519999 10.0102258519999 10.0102258519999 10.0102258519999 10.0102258519999 10.0102258519999 10.0102258519999 10.0102258519999 10.0102258519999 10.0102258519999 10.0102258519999 10.0102258519999 10.0102258519999 10.0102258519999 10.0102258519999 10.0102258519999 10.0102258519999 100
100 10.0099764399999 10.0099764399999 10.0099764399999 10.0099764399999 10.0099764399999 10.0099764399999 10.0099764399999 10.0099764399999 10.0099764399999 10.0099764399999 10.0099764399999 10.0099764399999 10.0099764399999 10.0099764399999 10.0099764399999 10.0099764399999 10.0099764399999 10.0099764399999 10.0099764399999 10.0099764399999 10.0099764399999 10.0099764399999 10.0099764399999 10.0099764399999 10.0099764399999 10.0099764399999 10.0099764399999 10.0099764399999 100
100 10.0097270279999 10.0097270279999 10.0097270279999 10.0097270279999 10.0097270279999 10.0097270279999 10.0097270279999 10.0097270279999 10.0097270279999 10.0097270279999 10.0097270279999 10.0097270279999 10.0097270279999 10.0097270279999 10.0097270279999 10.0097270279999 10.0097270279999 10.0097270279999 10.0097270279999 10.0097270279999 10.0097270279999 10.0097270279999 10.0097270279999 10.0097270279999 10.0097270279999 10.0097270279999 10.0097270279999 10.0097270279999 100
100 10.0094776159999 10.0094776159999 10.0094776159999 10.0094776159999 10.0094776159999 10.0094776159999 10.0094776159999 10.0094776159999 10.0094776159999 10.0094776159999 10.0094776159999 10.0094776159999 10.0094776159999 10.0094776159999 10.0094776159999 10.0094776159999 10.0094776159999 10.0094776159999 10.0094776159999 10.0094776159999 10.0094776159999 10.0094776159999 10.0094776159999 10.0094776159999 10.0094776159999 10.0094776159999 10.0094776159999 10.0094776159999 100
100 10.0092282039999 10.0092282039999 10.0092282039999 10.0092282039999 10.0092282039999 10.0092282039999 10.0092282039999 10.0092282039999 10.0092282039999 10.0092282039999 10.0092282039999 10.0092282039999 10.0092282039999 10.0092282039999 10.0092282039999 10.0092282039999 10.0092282039999 10.0092282039999 10.0092282039999 10.0092282039999 10.0092282039999 10.0092282039999 10.0092282039999 10.0092282039999 10.0092282039999 10.0092282039999 10.0092282039999 10.0092282039999 100
100 10.0089787919999 10.0089787919999 10.0089787919999 10.0089787919999 10.0089787919999 10.0089787919999 10.0089787919999 10.0089787919999 10.0089787919999 10.0089787919999 10.0089787919999 10.0089787919999 10.0089787919999 10.0089787919999 10.0089787919999 10.0089787919999 10.0089787919999 10.0089787919999 10.0089787919999 10.0089787919999 10.0089787919999 10.0089787919999 10.0089787919999 10.0089787919999 10.0089787919999 10.0089787919999 10.0089787919999 10.0089787919999 100
100 10.0087293799999 10.0087293799999 10.0087293799999 10.0087293799999 10.0087293799999 10.0087293799999 10.0087293799999 10.0087293799999 10.0087293799999 10.0087293799999 10.0087293799999 10.0087293799999 10.0087293799999 10.0087293799999 10.0087293799999 10.0087293799999 10.0087293799999 10.0087293799999 10.0087293799999 10.0087293799999 10.0087293799999 10.0087293799999 10.0087293799999 10.0087293799999 10.0087293799999 10.0087293799999 10.0087293799999 10.0087293799999 100
100 10.0084799679999 10.0084799679999 10.0084799679999 10.0084799679999 10.0084799679999 10.0084799679999 10.0084799679999 10.0084799679999 10.0084799679999 10.0084799679999 10.0084799679999 10.0084799679999 10.0084799679999 10.0084799679999 10.0084799679999 10.0084799679999 10.0084799679999 10.0084799679999 10.0084799679999 10.0084799679999 10.0084799679999 10.0084799679999 10.0084799679999 10.0084799679999 10.0084799679999 10.0084799679999 10.0084799679999 10.0084799679999 100
100 10.0082305559999 10.0082305559999 10.0082305559999 10.0082305559999 10.0082305559999 10.0082305559999 10.0082305559999 10.0082305559999 10.0082305559999 10.0082305559999 10.0082305559999 10.0082305559999 10.0082305559999 10.0082305559999 10.0082305559999 10.0082305559999 10.0082305559999 10.0082305559999 10.0082305559999 10.0082305559999 10.0082305559999 10.0082305559999 10.0082305559999 10.0082305559999 10.0082305559999 10.0082305559999 10.0082305559999 10.0082305559999 100
100 10.0079811439999 10.0079811439999 10.0079811439999 10.0079811439999 10.0079811439999 10.0079811439999 10.0079811439999 10.0079811439999 10.0079811439999 10.0079811439999 10.0079811439999 10.0079811439999 10.0079811439999 10.0079811439999 10.0079811439999 10.0079811439999 10.0079811439999 10.0079811439999 10.0079811439999 10.0079811439999 10.0079811439999 10.0079811439999 10.0079811439999 10.0079811439999 10.0079811439999 10.0079811439999 10.0079811439999 10.0079811439999 100
100 10.0077317319999 10.0077317319999 10.0077317319999 10.0077317319999 10.0077317319999 10.0077317319999 10.0077317319999 10.0077317319999 10.0077317319999 10.0077317319999 10.0077317319999 10.0077317319999 10.0077317319999 10.0077317319999 10.0077317319999 10.0077317319999 10.0077317319999 10.0077317319999 10.0077317319999 10.0077317319999 10.0077317319999 10.0077317319999 10.0077317319999 10.0077317319999 10.0077317319999 10.0077317319999 10.0077317319999 10.0077317319999 100
100 10.0074823199999 10.0074823199999 10.0074823199999 10.0074823199999 10.0074823199999 10.0074823199999 10.0074823199999 10.0074823199999 10.0074823199999 10.0074823199999 10.0074823199999 10.0074823199999 10.0074823199999 10.0074823199999 10.0074823199999 10.0074823199999 10.0074823199999 10.0074823199999 10.0074823199999 10.0074823199999 10.0074823199999 10.0074823199999 10.0074823199999 10.0074823199999 10.0074823199999 10.0074823199999 10.0074823199999 10.0074823199999 100
100 10.0072329079999 10.0072329079999 10.0072329079999 10.0072329079999 10.0072329079999 10.0072329079999 10.0072329079999 10.0072329079999 10.0072329079999 10.0072329079999 10.0072329079999 10.0072329079999 10.0072329079999 10.0072329079999 10.0072329079999 10.0072329079999 10.0072329079999 10.0072329079999 10.0072329079999 10.0072329079999 10.0072329079999 10.0072329079999 10.0072329079999 10.0072329079999 10.0072329079999 10.0072329079999 10.0072329079999 10.0072329079999 100
100 10.0069834959999 10.0069834959999 10.0069834959999 10.0069834959999 10.0069834959999 10.0069834959999 10.0069834959999 10.0069834959999 10.0069834959999 10.0069834959999 10.0069834959999 10.0069834959999 10.0069834959999 10.0069834959999 10.0069834959999 10.0069834959999 10.0069834959999 10.0069834959999 10.0069834959999 10.0069834959999 10.0069834959999 10.0069834959999 10.0069834959999 10.0069834959999 10.0069834959999 10.0069834959999 10.0069834959999 10.0069834959999 100
100 10.0067340839999 10.0067340839999 10.0067340839999 10.0067340839999 10.0067340839999 10.0067340839999 10.0067340839999 10.0067340839999 10.0067340839999 10.0067340839999 10.0067340839999 10.0067340839999 10.0067340839999 10.0067340839999 10.0067340839999 10.0067340839999 10.0067340839999 10.0067340839999 10.0067340839999 10.0067340839999 10.0067340839999 10.0067340839999 10.0067340839999 10.0067340839999 10.0067340839999 10.0067340839999 10.0067340839999 10.0067340839999 100
100 10.0064846719999 10.0064846719999 10.0064846719999 10.0064846719999 10.0064846719999 10.0064846719999 10.0064846719999 10.0064846719999 10.0064846719999 10.0064846719999 10.0064846719999 10.0064846719999 10.0064846719999 10.0064846719999 10.0064846719999 10.0064846719999 10.0064846719999 10.0064846719999 10.0064846719999 10.0064846719999 10.0064846719999 10.0064846719999 10.0064846719999 10.0064846719999 10.0064846719999 10.0064846719999 10.0064846719999 10.0064846719999 100
100 10.0062352599999 10.0062352599999 10.0062352599999 10.0062352599999 10.0062352599999 10.0062352599999 10.0062352599999 10.0062352599999 10.0062352599999 10.0062352599999 10.0062352599999 10.0062352599999 10.0062352599999 10.0062352599999 10.0062352599999 10.0062352599999 10.0062352599999 10.0062352599999 10.0062352599999 10.0062352599999 10.0062352599999 10.0062352599999 10.0062352599999 10.0062352599999 10.0062352599999 10.0062352599999 10.0062352599999 10.0062352599999 100
100 10.0059858479999 10.0059858479999 10.0059858479999 10.0059858479999 10.0059858479999 10.0059858479999 10.0059858479999 10.0059858479999 10.0059858479999 10.0059858479999 10.0059858479999 10.0059858479999 10.0059858479999 10.0059858479999 10.0059858479999 10.0059858479999 10.0059858479999 10.0059858479999 10.0059858479999 10.0059858479999 10.0059858479999 10.0059858479999 10.0059858479999 10.0059858479999 10.0059858479999 10.0059858479999 10.0059858479999 10.0059858479999 100
100 10.0057364359999 10.0057364359999 10.0057364359999 10.0057364359999 10.0057364359999 10.0057364359999 10.0057364359999 10.0057364359999 10.0057364359999 10.0057364359999 10.0057364359999 10.0057364359999 10.0057364359999 10.0057364359999 10.0057364359999 10.0057364359999 10.0057364359999 10.0057364359999 10.0057364359999 10.0057364359999 10.0057364359999 10.0057364359999 10.0057364359999 10.0057364359999 10.0057364359999 10.0057364359999 10.0057364359999 10.0057364359999 100
100 10.0054870239999 10.0054870239999 10.0054870239999 10.0054870239999 10.0054870239999 10.0054870239999 10.0054870239999 10.0054870239999 10.0054870239999 10.0054870239999 10.0054870239999 10.0054870239999 10.0054870239999 10.0054870239999 10.0054870239999 10.0054870239999 10.0054870239999 10.0054870239999 10.0054870239999 10.0054870239999 10.0054870239999 10.0054870239999 10.0054870239999 10.0054870239999 10.0054870239999 10.0054870239999 10.0054870239999 10.0054870239999 100
100 10.0052376119999 10.0052376119999 10.0052376119999 10.0052376119999 10.0052376119999 10.0052376119999 10.0052376119999 10.0052376119999 10.0052376119999 10.0052376119999 10.0052376119999 10.0052376119999 10.0052376119999 10.0052376119999 10.0052376119999 10.0052376119999 10.0052376119999 10.0052376119999 10.0052376119999 10.0052376119999 10.0052376119999 10.0052376119999 10.0052376119999 10.0052376119999 10.0052376119999 10.0052376119999 10.0052376119999 10.0052376119999 100
100 10.0049881999999 10.0049881999999 10.0049881999999 10.0049881999999 10.0049881999999 10.0049881999999 10.0049881999999 10.0049881999999 10.0049881999999 10.0049881999999 10.0049881999999 10.0049881999999 10.0049881999999 10.0049881999999 10.0049881999999 10.0049881999999 10.0049881999999 10.0049881999999 10.0049881999999 10.0049881999999 10.0049881999999 10.0049881999999 10.0049881999999 10.0049881999999 10.0049881999999 10.0049881999999 10.0049881999999 10.0049881999999 100
100 10.0047387879999 10.0047387879999 10.0047387879999 10.0047387879999 10.0047387879999 10.0047387879999 10.0047387879999 10.0047387879999 10.0047387879999 10.0047387879999 10.0047387879999 10.0047387879999 10.0047387879999 10.0047387879999 10.0047387879999 10.0047387879999 10.0047387879999 10.0047387879999 10.0047387879999 10.0047387879999 10.0047387879999 10.0047387879999 10.0047387879999 10.0047387879999 10.0047387879999 10.0047387879999 10.0047387879999 10.0047387879999 100
100 10.0044893759999 10.0044893759999 10.0044893759999 10.0044893759999 10.0044893759999 10.0044893759999 10.0044893759999 10.0044893759999 10.0044893759999 10.0044893759999 10.0044893759999 10.0044893759999 10.0044893759999 10.0044893759999 10.0044893759999 10.0044893759999 10.0044893759999 10.0044893759999 10.0044893759999 10.0044893759999 10.0044893759999 10.0044893759999 10.0044893759999 10.0044893759999 10.0044893759999 10.0044893759999 10.0044893759999 10.0044893759999 100
100 10.0042399639999 10.0042399639999 10.0042399639999 10.0042399639999 10.0042399639999 10.0042399639999 10.0042399639999 10.0042399639999 10.0042399639999 10.0042399639999 10.0042399639999 10.0042399639999 10.0042399639999 10.0042399639999 10.0042399639999 10.0042399639999 10.0042399639999 10.0042399639999 10.0042399639999 10.0042399639999 10.0042399639999 10.0042399639999 10.0042399639999 10.0042399639999 10.0042399639999 10.0042399639999 10.0042399639999 10.0042399639999 100
100 10.0039905519999 10.0039905519999 10.0039905519999 10.0039905519999 10.0039905519999 10.0039905519999 10.0039905519999 10.0039905519999 10.0039905519999 10.0039905519999 10.0039905519999 10.0039905519999 10.0039905519999 10.0039905519999 10.0039905519999 10.0039905519999 10.0039905519999 10.0039905519999 10.0039905519999 10.0039905519999 10.0039905519999 10.0039905519999 10.0039905519999 10.0039905519999 10.0039905519999 10.0039905519999 10.0039905519999 10.0039905519999 100
100 10.0037411399999 10.0037411399999 10.0037411399999 10.0037411399999 10.0037411399999 10.0037411399999 10.0037411399999 10.0037411399999 10.0037411399999 10.0037411399999 10.0037411399999 10.0037411399999 10.0037411399999 10.0037411399999 10.0037411399999 10.0037411399999 10.0037411399999 10.0037411399999 10.0037411399999 10.0037411399999 10.0037411399999 10.0037411399999 10.0037411399999 10.0037411399999 10.0037411399999 10.0037411399999 10.0037411399999 10.0037411399999 100
100 10.0034917279999 10.0034917279999 10.0034917279999 10.0034917279999 10.0034917279999 10.0034917279999 10.0034917279999 10.0034917279999 10.0034917279999 10.0034917279999 10.0034917279999 10.0034917279999 10.0034917279999 10.0034917279999 10.0034917279999 10.0034917279999 10.0034917279999 10.0034917279999 10.0034917279999 10.0034917279999 10.0034917279999 10.0034917279999 10.0034917279999 10.0034917279999 10.0034917279999 10.0034917279999 10.0034917279999 10.0034917279999 100
100 10.0032423159999 10.0032423159999 10.0032423159999 10.0032423159999 10.0032423159999 10.0032423159999 10.0032423159999 10.0032423159999 10.0032423159999 10.0032423159999 10.0032423159999 10.0032423159999 10.0032423159999 10.0032423159999 10.0032423159999 10.0032423159999 10.0032423159999 10.0032423159999 10.0032423159999 10.0032423159999 10.0032423159999 10.0032423159999 10.0032423159999 10.0032423159999 10.0032423159999 10.0032423159999 10.0032423159999 10.0032423159999 100
100 10.0029929039999 10.0029929039999 10.0029929039999 10.0029929039999 10.0029929039999 10.0029929039999 10.0029929039999 10.0029929039999 10.0029929039999 10.0029929039999 10.0029929039999 10.0029929039999 10.0029929039999 10.0029929039999 10.0029929039999 10.0029929039999 10.0029929039999 10.0029929039999 10.0029929039999 10.0029929039999 10.0029929039999 10.0029929039999 10.0029929039999 10.0029929039999 10.0029929039999 10.0029929039999 10.0029929039999 10.0029929039999 100
100 10.0027434919999 10.0027434919999 10.0027434919999 10.0027434919999 10.0027434919999 10.0027434919999 10.0027434919999 10.0027434919999 10.0027434919999 10.0027434919999 10.0027434919999 10.0027434919999 10.0027434919999 10.0027434919999 10.0027434919999 10.0027434919999 10.0027434919999 10.0027434919999 10.0027434919999 10.0027434919999 10.0027434919999 10.0027434919999 10.0027434919999 10.0027434919999 10.0027434919999 10.0027434919999 10.0027434919999 10.0027434919999 100
100 10.0024940799999 10.0024940799999 10.0024940799999 10.0024940799999 10.0024940799999 10.0024940799999 10.0024940799999 10.0024940799999 10.0024940799999 10.0024940799999 10.0024940799999 10.0024940799999 10.0024940799999 10.0024940799999 10.0024940799999 10.0024940799999 10.0024940799999 10.0024940799999 10.0024940799999 10.0024940799999 10.0024940799999 10.0024940799999 10.0024940799999 10.0024940799999 10.0024940799999 10.0024940799999 10.0024940799999 10.0024940799999 100
100 10.0022446679999 10.0022446679999 10.0022446679999 10.0022446679999 10.0022446679999 10.0022446679999 10.0022446679999 10.0022446679999 10.0022446679999 10.0022446679999 10.0022446679999 10.0022446679999 10.0022446679999 10.0022446679999 10.0022446679999 10.0022446679999 10.0022446679999 10.0022446679999 10.0022446679999 10.0022446679999 10.0022446679999 10.0022446679999 10.0022446679999 10.0022446679999 10.0022446679999 10.0022446679999 10.0022446679999 10.0022446679999 100
100 10.0019952559999 10.0019952559999 10.0019952559999 10.0019952559999 10.0019952559999 10.0019952559999 10.0019952559999 10.0019952559999 10.0019952559999 10.0019952559999 10.0019952559999 10.0019952559999 10.0019952559999 10.0019952559999 10.0019952559999 10.0019952559999 10.0019952559999 10.0019952559999 10.0019952559999 10.0019952559999 10.0019952559999 10.0019952559999 10.0019952559999 10.0019952559999 10.0019952559999 10.0019952559999 10.0019952559999 10.0019952559999 100
100 10.0017458439999 10.0017458439999 10.0017458439999 10.0017458439999 10.0017458439999 10.0017458439999 10.0017458439999 10.0017458439999 10.0017458439999 10.0017458439999 10.0017458439999 10.0017458439999 10.0017458439999 10.0017458439999 10.0017458439999 10.0017458439999 10.0017458439999 10.0017458439999 10.0017458439999 10.0017458439999 10.0017458439999 10.0017458439999 10.0017458439999 10.0017458439999 10.0017458439999 10.0017458439999 10.0017458439999 10.0017458439999 100
100 10.0014964319999 10.0014964319999 10.0014964319999 10.0014964319999 10.0014964319999 10.0014964319999 10.0014964319999 10.0014964319999 10.0014964319999 10.0014964319999 10.0014964319999 10.0014964319999 10.0014964319999 10.0014964319999 10.0014964319999 10.0014964319999 10.0014964319999 10.0014964319999 10.0014964319999 10.0014964319999 10.0014964319999 10.0014964319999 10.0014964319999 10.0014964319999 10.0014964319999 10.0014964319999 10.0014964319999 10.0014964319999 100
100 10.0012470199999 10.0012470199999 10.0012470199999 10.0012470199999 10.0012470199999 10.0012470199999 10.0012470199999 10.0012470199999 10.0012470199999 10.0012470199999 10.0012470199999 10.0012470199999 10.0012470199999 10.0012470199999 10.0012470199999 10.0012470199999 10.0012470199999 10.0012470199999 10.0012470199999 10.0012470199999 10.0012470199999 10.0012470199999 10.0012470199999 10.0012470199999 10.0012470199999 10.0012470199999 10.0012470199999 10.0012470199999 100
100 10.0009976079999 10.0009976079999 10.0009976079999 10.0009976079999 10.0009976079999 10.0009976079999 10.0009976079999 10.0009976079999 10.0009976079999 10.0009976079999 10.0009976079999 10.0009976079999 10.0009976079999 10.0009976079999 10.0009976079999 10.0009976079999 10.0009976079999 10.0009976079999 10.0009976079999 10.0009976079999 10.0009976079999 10.0009976079999 10.0009976079999 10.0009976079999 10.0009976079999 10.0009976079999 10.0009976079999 10.0009976079999 100
100 10.0007481959999 10.0007481959999 10.0007481959999 10.0007481959999 10.0007481959999 10.0007481959999 10.0007481959999 10.0007481959999 10.0007481959999 10.0007481959999 10.0007481959999 10.0007481959999 10.0007481959999 10.0007481959999 10.0007481959999 10.0007481959999 10.0007481959999 10.0007481959999 10.0007481959999 10.0007481959999 10.0007481959999 10.0007481959999 10.0007481959999 10.0007481959999 10.0007481959999 10.0007481959999 10.0007481959999 10.0007481959999 100
100 10.0004987839999 10.0004987839999 10.0004987839999 10.0004987839999 10.0004987839999 10.0004987839999 10.0004987839999 10.0004987839999 10.0004987839999 10.0004987839999 10.0004987839999 10.0004987839999 10.0004987839999 10.0004987839999 10.0004987839999 10.0004987839999 10.0004987839999 10.0004987839999 10.0004987839999 10.0004987839999 10.0004987839999 10.0004987839999 10.0004987839999 10.0004987839999 10.0004987839999 10.0004987839999 10.0004987839999 10.0004987839999 100
100 10.0002493719999 10.0002493719999 10.0002493719999 10.0002493719999 10.0002493719999 10.0002493719999 10.0002493719999 10.0002493719999 10.0002493719999 10.0002493719999 10.0002493719999 10.0002493719999 10.0002493719999 10.0002493719999 10.0002493719999 10.0002493719999 10.0002493719999 10.0002493719999 10.0002493719999 10.0002493719999 10.0002493719999 10.0002493719999 10.0002493719999 10.0002493719999 10.0002493719999 10.0002493719999 10.0002493719999 10.0002493719999 100
