  0.000000
  0.000000
  0.000000
  0.000000
  0.000000
  0.000000
  0.000000
  0.000000
  0.000000
  0.000000
  0.000000
  0.000000
  0.000000
  0.000000
  0.000000
  0.000000
  0.000000
  0.000000
  0.000000
  0.000000
  0.000000
  0.000000
  0.000000
  0.000000
  0.000000
  0.000000
  0.000000
  0.000000
  0.000000
  0.000000
  0.000000
  0.000000
  0.000000
  0.000000
  0.000000
  0.000001
  0.000001
  0.000001
  0.000001
  0.000001
  0.000002
  0.000002
  0.000002
  0.000002
  0.000002
  0.000002
  0.000002
  0.000002
  0.000002
  0.000002
  0.000002
  0.000002
  0.000002
  0.000001
  0.000001
  0.000001
  0.000001
  0.000001
  0.000001
  0.000000
  0.000000
  0.000000
  0.000000
  0.000000
  0.000000
  0.000000
  0.000001
  0.000001
  0.000001
  0.000001
  0.000001
  0.000001
  0.000001
  0.000002
  0.000002
  0.000002
  0.000002
  0.000002
  0.000002
  0.000002
  0.000002
  0.000002
  0.000001
  0.000001
  0.000001
  0.000001
  0.000001
  0.000001
  0.000000
  0.000000
 -0.000000
  0.000000
  0.000000
  0.000000
  0.000000
  0.000000
  0.000000
  0.000001
  0.000001
  0.000001
  0.000001
  0.000001
  0.000001
  0.000001
  0.000002
  0.000002
  0.000002
  0.000002
  0.000002
  0.000002
  0.000002
  0.000002
  0.000001
  0.000001
  0.000001
  0.000001
  0.000001
  0.000001
  0.000001
  0.000000
  0.000000
 -0.000000
  0.000000
  0.000000
  0.000000
  0.000000
  0.000000
  0.000000
  0.000001
  0.000001
  0.000001
  0.000001
  0.000001
  0.000001
  0.000001
  0.000001
  0.000002
  0.000002
  0.000002
  0.000002
  0.000002
  0.000002
  0.000001
  0.000001
  0.000001
  0.000001
  0.000001
  0.000001
  0.000001
  0.000001
  0.000000
  0.000000
 -0.000000
  0.000000
  0.000000
  0.000000
  0.000000
  0.000000
  0.000000
  0.000001
  0.000001
  0.000001
  0.000001
  0.000001
  0.000001
  0.000001
  0.000001
  0.000001
  0.000001
  0.000001
  0.000001
  0.000001
  0.000001
  0.000001
  0.000001
  0.000001
  0.000001
  0.000001
  0.000001
  0.000001
  0.000001
  0.000000
  0.000000
 -0.000000
  0.000000
  0.000000
  0.000000
  0.000000
  0.000000
  0.000000
  0.000000
  0.000001
  0.000001
  0.000001
  0.000001
  0.000001
  0.000001
  0.000001
  0.000001
  0.000001
  0.000001
  0.000001
  0.000001
  0.000001
  0.000001
  0.000001
  0.000001
  0.000001
  0.000001
  0.000001
  0.000001
  0.000000
  0.000000
  0.000000
 -0.000000
  0.000000
  0.000000
  0.000000
  0.000000
  0.000000
  0.000000
  0.000000
  0.000001
  0.000001
  0.000001
  0.000001
  0.000001
  0.000001
  0.000001
  0.000001
  0.000001
  0.000001
  0.000001
  0.000001
  0.000001
  0.000001
  0.000001
  0.000001
  0.000001
  0.000001
  0.000001
  0.000001
  0.000000
  0.000000
  0.000000
 -0.000000
  0.000000
  0.000000
  0.000000
  0.000000
  0.000000
  0.000000
  0.000000
  0.000000
  0.000000
  0.000001
  0.000001
  0.000001
  0.000001
  0.000001
  0.000001
  0.000001
  0.000001
  0.000001
  0.000001
  0.000001
  0.000001
  0.000001
  0.000001
  0.000001
  0.000000
  0.000000
  0.000000
  0.000000
  0.000000
  0.000000
 -0.000000
  0.000000
  0.000000
  0.000000
  0.000000
  0.000000
  0.000000
  0.000000
  0.000000
  0.000000
  0.000000
  0.000000
  0.000000
  0.000000
  0.000000
  0.000000
  0.000000
  0.000000
  0.000000
  0.000000
  0.000000
  0.000000
  0.000000
  0.000000
  0.000000
  0.000000
  0.000000
  0.000000
 -0.000000
 -0.000000
  0.000000
 -0.000001
  0.000000
  0.000000
  0.000000
  0.000000
  0.000000
 -0.000000
 -0.000000
 -0.000000
 -0.000000
 -0.000000
 -0.000000
 -0.000000
 -0.000000
 -0.000000
 -0.000000
 -0.000000
 -0.000000
 -0.000000
 -0.000001
 -0.000001
 -0.000001
 -0.000001
 -0.000001
 -0.000000
 -0.000000
 -0.000000
 -0.000000
 -0.000000
 -0.000000
  0.000000
 -0.000001
  0.000000
  0.000000
  0.000000
  0.000000
 -0.000000
 -0.000000
 -0.000000
 -0.000001
 -0.000001
 -0.000001
 -0.000001
 -0.000001
 -0.000001
 -0.000001
 -0.000001
 -0.000002
 -0.000002
 -0.000002
 -0.000002
 -0.000002
 -0.000002
 -0.000002
 -0.000001
 -0.000001
 -0.000001
 -0.000001
 -0.000001
 -0.000001
 -0.000001
 -0.000000
 -0.000001
  0.000000
  0.000000
  0.000000
  0.000000
 -0.000000
 -0.000001
 -0.000001
 -0.000001
 -0.000002
 -0.000002
 -0.000002
 -0.000002
 -0.000003
 -0.000003
 -0.000003
 -0.000003
 -0.000003
 -0.000003
 -0.000003
 -0.000003
 -0.000003
 -0.000003
 -0.000003
 -0.000003
 -0.000002
 -0.000002
 -0.000002
 -0.000002
 -0.000001
 -0.000001
 -0.000002
  0.000000
  0.000000
  0.000000
  0.000000
 -0.000001
 -0.000001
 -0.000002
 -0.000002
 -0.000003
 -0.000003
 -0.000004
 -0.000004
 -0.000004
 -0.000005
 -0.000005
 -0.000005
 -0.000005
 -0.000005
 -0.000005
 -0.000005
 -0.000005
 -0.000005
 -0.000005
 -0.000004
 -0.000004
 -0.000004
 -0.000003
 -0.000003
 -0.000002
 -0.000001
 -0.000002
  0.000000
  0.000000
  0.000000
  0.000000
 -0.000001
 -0.000002
 -0.000003
 -0.000003
 -0.000004
 -0.000005
 -0.000006
 -0.000006
 -0.000007
 -0.000007
 -0.000008
 -0.000008
 -0.000008
 -0.000008
 -0.000008
 -0.000008
 -0.000008
 -0.000008
 -0.000007
 -0.000007
 -0.000006
 -0.000006
 -0.000005
 -0.000004
 -0.000003
 -0.000002
 -0.000003
  0.000000
  0.000000
  0.000000
  0.000000
 -0.000001
 -0.000003
 -0.000004
 -0.000005
 -0.000006
 -0.000007
 -0.000008
 -0.000009
 -0.000010
 -0.000011
 -0.000011
 -0.000012
 -0.000012
 -0.000012
 -0.000012
 -0.000012
 -0.000012
 -0.000011
 -0.000011
 -0.000010
 -0.000009
 -0.000008
 -0.000007
 -0.000006
 -0.000005
 -0.000002
 -0.000005
  0.000000
  0.000000
  0.000000
  0.000000
 -0.000002
 -0.000004
 -0.000006
 -0.000007
 -0.000009
 -0.000011
 -0.000012
 -0.000013
 -0.000015
 -0.000016
 -0.000016
 -0.000017
 -0.000017
 -0.000018
 -0.000018
 -0.000017
 -0.000017
 -0.000016
 -0.000016
 -0.000015
 -0.000013
 -0.000012
 -0.000010
 -0.000009
 -0.000007
 -0.000004
 -0.000007
  0.000000
  0.000000
  0.000000
  0.000000
 -0.000003
 -0.000005
 -0.000008
 -0.000010
 -0.000013
 -0.000015
 -0.000017
 -0.000019
 -0.000021
 -0.000022
 -0.000023
 -0.000024
 -0.000025
 -0.000025
 -0.000025
 -0.000024
 -0.000024
 -0.000023
 -0.000022
 -0.000020
 -0.000019
 -0.000017
 -0.000015
 -0.000012
 -0.000010
 -0.000005
 -0.000010
  0.000000
  0.000000
  0.000000
  0.000000
 -0.000004
 -0.000007
 -0.000011
 -0.000014
 -0.000018
 -0.000021
 -0.000024
 -0.000026
 -0.000028
 -0.000030
 -0.000032
 -0.000033
 -0.000034
 -0.000034
 -0.000034
 -0.000034
 -0.000033
 -0.000032
 -0.000030
 -0.000028
 -0.000026
 -0.000023
 -0.000020
 -0.000017
 -0.000014
 -0.000007
 -0.000013
  0.000000
  0.000000
  0.000000
  0.000000
 -0.000005
 -0.000010
 -0.000015
 -0.000020
 -0.000024
 -0.000028
 -0.000032
 -0.000036
 -0.000039
 -0.000042
 -0.000044
 -0.000045
 -0.000046
 -0.000047
 -0.000047
 -0.000046
 -0.000045
 -0.000044
 -0.000041
 -0.000039
 -0.000035
 -0.000032
 -0.000028
 -0.000024
 -0.000019
 -0.000010
 -0.000017
  0.000000
  0.000000
  0.000000
  0.000000
 -0.000007
 -0.000014
 -0.000020
 -0.000027
 -0.000033
 -0.000039
 -0.000044
 -0.000049
 -0.000053
 -0.000056
 -0.000059
 -0.000061
 -0.000063
 -0.000064
 -0.000064
 -0.000063
 -0.000061
 -0.000059
 -0.000056
 -0.000052
 -0.000048
 -0.000043
 -0.000038
 -0.000032
 -0.000026
 -0.000014
 -0.000024
  0.000000
  0.000000
  0.000000
  0.000000
 -0.000009
 -0.000018
 -0.000027
 -0.000036
 -0.000044
 -0.000052
 -0.000059
 -0.000065
 -0.000071
 -0.000076
 -0.000080
 -0.000083
 -0.000085
 -0.000086
 -0.000086
 -0.000085
 -0.000083
 -0.000080
 -0.000076
 -0.000071
 -0.000065
 -0.000058
 -0.000051
 -0.000043
 -0.000035
 -0.000019
 -0.000035
  0.000000
  0.000000
  0.000000
  0.000000
 -0.000012
 -0.000025
 -0.000036
 -0.000048
 -0.000059
 -0.000069
 -0.000079
 -0.000087
 -0.000095
 -0.000101
 -0.000107
 -0.000111
 -0.000113
 -0.000115
 -0.000115
 -0.000113
 -0.000111
 -0.000107
 -0.000101
 -0.000095
 -0.000087
 -0.000078
 -0.000069
 -0.000059
 -0.000047
 -0.000026
 -0.000049
  0.000000
  0.000000
  0.000000
  0.000000
 -0.000016
 -0.000033
 -0.000049
 -0.000064
 -0.000078
 -0.000092
 -0.000105
 -0.000116
 -0.000126
 -0.000135
 -0.000142
 -0.000147
 -0.000151
 -0.000153
 -0.000153
 -0.000151
 -0.000148
 -0.000142
 -0.000135
 -0.000127
 -0.000117
 -0.000105
 -0.000092
 -0.000078
 -0.000063
 -0.000035
 -0.000066
  0.000000
  0.000000
  0.000000
  0.000000
 -0.000022
 -0.000043
 -0.000064
 -0.000085
 -0.000104
 -0.000122
 -0.000139
 -0.000154
 -0.000168
 -0.000179
 -0.000189
 -0.000196
 -0.000201
 -0.000204
 -0.000204
 -0.000202
 -0.000197
 -0.000190
 -0.000181
 -0.000169
 -0.000155
 -0.000140
 -0.000123
 -0.000104
 -0.000083
 -0.000047
 -0.000085
  0.000000
  0.000000
  0.000000
  0.000000
 -0.000029
 -0.000057
 -0.000085
 -0.000112
 -0.000138
 -0.000162
 -0.000184
 -0.000204
 -0.000222
 -0.000238
 -0.000250
 -0.000260
 -0.000267
 -0.000270
 -0.000271
 -0.000268
 -0.000262
 -0.000253
 -0.000241
 -0.000225
 -0.000207
 -0.000186
 -0.000163
 -0.000139
 -0.000109
 -0.000061
 -0.000100
  0.000000
  0.000000
  0.000000
  0.000000
 -0.000038
 -0.000075
 -0.000112
 -0.000148
 -0.000182
 -0.000213
 -0.000243
 -0.000270
 -0.000293
 -0.000314
 -0.000331
 -0.000344
 -0.000353
 -0.000358
 -0.000359
 -0.000356
 -0.000348
 -0.000336
 -0.000320
 -0.000300
 -0.000277
 -0.000249
 -0.000218
 -0.000186
 -0.000145
 -0.000082
 -0.000120
  0.000000
  0.000000
  0.000000
  0.000000
 -0.000050
 -0.000099
 -0.000147
 -0.000194
 -0.000239
 -0.000281
 -0.000320
 -0.000355
 -0.000387
 -0.000414
 -0.000437
 -0.000455
 -0.000467
 -0.000474
 -0.000476
 -0.000472
 -0.000462
 -0.000447
 -0.000427
 -0.000401
 -0.000370
 -0.000334
 -0.000294
 -0.000252
 -0.000197
 -0.000115
 -0.000180
  0.000000
  0.000000
  0.000000
  0.000000
 -0.000065
 -0.000130
 -0.000193
 -0.000255
 -0.000313
 -0.000369
 -0.000420
 -0.000467
 -0.000509
 -0.000545
 -0.000576
 -0.000600
 -0.000617
 -0.000627
 -0.000630
 -0.000626
 -0.000614
 -0.000595
 -0.000568
 -0.000535
 -0.000495
 -0.000448
 -0.000396
 -0.000342
 -0.000268
 -0.000163
 -0.000293
  0.000000
  0.000000
  0.000000
  0.000000
 -0.000085
 -0.000170
 -0.000253
 -0.000333
 -0.000410
 -0.000482
 -0.000550
 -0.000612
 -0.000667
 -0.000716
 -0.000757
 -0.000789
 -0.000813
 -0.000828
 -0.000833
 -0.000829
 -0.000814
 -0.000790
 -0.000757
 -0.000713
 -0.000661
 -0.000600
 -0.000531
 -0.000461
 -0.000358
 -0.000227
 -0.000411
  0.000000
  0.000000
  0.000000
  0.000000
 -0.000111
 -0.000221
 -0.000329
 -0.000434
 -0.000534
 -0.000629
 -0.000718
 -0.000800
 -0.000873
 -0.000938
 -0.000993
 -0.001037
 -0.001070
 -0.001092
 -0.001101
 -0.001097
 -0.001080
 -0.001051
 -0.001008
 -0.000952
 -0.000884
 -0.000803
 -0.000713
 -0.000619
 -0.000471
 -0.000307
 -0.000489
  0.000000
  0.000000
  0.000000
  0.000000
 -0.000144
 -0.000287
 -0.000427
 -0.000563
 -0.000693
 -0.000818
 -0.000934
 -0.001042
 -0.001139
 -0.001226
 -0.001299
 -0.001360
 -0.001406
 -0.001437
 -0.001452
 -0.001451
 -0.001433
 -0.001397
 -0.001344
 -0.001274
 -0.001186
 -0.001080
 -0.000963
 -0.000838
 -0.000628
 -0.000420
 -0.000586
  0.000000
  0.000000
  0.000000
  0.000000
 -0.000186
 -0.000370
 -0.000551
 -0.000727
 -0.000896
 -0.001058
 -0.001210
 -0.001352
 -0.001481
 -0.001596
 -0.001695
 -0.001778
 -0.001843
 -0.001889
 -0.001914
 -0.001918
 -0.001901
 -0.001860
 -0.001797
 -0.001710
 -0.001600
 -0.001464
 -0.001318
 -0.001153
 -0.000858
 -0.000609
 -0.000830
  0.000000
  0.000000
  0.000000
  0.000000
 -0.000238
 -0.000474
 -0.000707
 -0.000933
 -0.001152
 -0.001362
 -0.001560
 -0.001745
 -0.001915
 -0.002068
 -0.002203
 -0.002316
 -0.002408
 -0.002475
 -0.002517
 -0.002533
 -0.002519
 -0.002477
 -0.002404
 -0.002302
 -0.002165
 -0.001995
 -0.001821
 -0.001604
 -0.001187
 -0.000933
 -0.001281
  0.000000
  0.000000
  0.000000
  0.000000
 -0.000303
 -0.000604
 -0.000901
 -0.001191
 -0.001472
 -0.001742
 -0.001999
 -0.002241
 -0.002464
 -0.002667
 -0.002848
 -0.003004
 -0.003133
 -0.003233
 -0.003301
 -0.003336
 -0.003334
 -0.003295
 -0.003218
 -0.003100
 -0.002933
 -0.002728
 -0.002532
 -0.002226
 -0.001638
 -0.001461
 -0.001875
  0.000000
  0.000000
  0.000000
  0.000000
 -0.000383
 -0.000764
 -0.001140
 -0.001508
 -0.001867
 -0.002213
 -0.002544
 -0.002857
 -0.003149
 -0.003418
 -0.003661
 -0.003875
 -0.004057
 -0.004203
 -0.004311
 -0.004379
 -0.004400
 -0.004375
 -0.004304
 -0.004175
 -0.003972
 -0.003745
 -0.003535
 -0.003060
 -0.002273
 -0.002281
 -0.002544
  0.000000
  0.000000
  0.000000
  0.000000
 -0.000480
 -0.000957
 -0.001430
 -0.001893
 -0.002347
 -0.002786
 -0.003209
 -0.003612
 -0.003992
 -0.004347
 -0.004671
 -0.004963
 -0.005218
 -0.005432
 -0.005601
 -0.005720
 -0.005785
 -0.005796
 -0.005746
 -0.005610
 -0.005386
 -0.005188
 -0.004946
 -0.004168
 -0.003245
 -0.003596
 -0.003413
  0.000000
  0.000000
  0.000000
  0.000000
 -0.000595
 -0.001187
 -0.001774
 -0.002353
 -0.002920
 -0.003473
 -0.004008
 -0.004523
 -0.005014
 -0.005477
 -0.005907
 -0.006303
 -0.006657
 -0.006965
 -0.007223
 -0.007428
 -0.007563
 -0.007639
 -0.007648
 -0.007514
 -0.007311
 -0.007248
 -0.006907
 -0.005675
 -0.004939
 -0.005962
 -0.004803
  0.000000
  0.000000
  0.000000
  0.000000
 -0.000729
 -0.001455
 -0.002177
 -0.002889
 -0.003591
 -0.004279
 -0.004950
 -0.005601
 -0.006227
 -0.006825
 -0.007392
 -0.007920
 -0.008404
 -0.008849
 -0.009240
 -0.009544
 -0.009799
 -0.010038
 -0.010090
 -0.009921
 -0.010000
 -0.010228
 -0.009278
 -0.007523
 -0.008007
 -0.009818
 -0.006297
  0.000000
  0.000000
  0.000000
  0.000000
 -0.000882
 -0.001761
 -0.002635
 -0.003502
 -0.004360
 -0.005205
 -0.006034
 -0.006844
 -0.007634
 -0.008399
 -0.009129
 -0.009823
 -0.010497
 -0.011115
 -0.011628
 -0.012129
 -0.012683
 -0.012992
 -0.012920
 -0.013190
 -0.014028
 -0.013667
 -0.011461
 -0.010992
 -0.014076
 -0.014066
 -0.006460
  0.000000
  0.000000
  0.000000
  0.000000
 -0.001051
 -0.002099
 -0.003144
 -0.004184
 -0.005216
 -0.006238
 -0.007247
 -0.008244
 -0.009224
 -0.010176
 -0.011107
 -0.012037
 -0.012907
 -0.013671
 -0.014486
 -0.015413
 -0.016009
 -0.016117
 -0.016736
 -0.018269
 -0.018566
 -0.016261
 -0.014929
 -0.017970
 -0.020507
 -0.014799
 -0.005085
  0.000000
  0.000000
  0.000000
  0.000000
 -0.001233
 -0.002464
 -0.003693
 -0.004919
 -0.006141
 -0.007356
 -0.008566
 -0.009767
 -0.010949
 -0.012128
 -0.013321
 -0.014453
 -0.015495
 -0.016663
 -0.017970
 -0.018852
 -0.019257
 -0.020438
 -0.022727
 -0.023576
 -0.021435
 -0.020170
 -0.024112
 -0.029529
 -0.027294
 -0.017034
 -0.006520
  0.000000
  0.000000
  0.000000
  0.000000
 -0.001423
 -0.002845
 -0.004267
 -0.005688
 -0.007107
 -0.008528
 -0.009947
 -0.011354
 -0.012773
 -0.014219
 -0.015604
 -0.016927
 -0.018438
 -0.020084
 -0.021243
 -0.022033
 -0.023853
 -0.026750
 -0.027889
 -0.026064
 -0.025684
 -0.031211
 -0.038635
 -0.037773
 -0.025915
 -0.010557
  0.000000
  0.000000
  0.000000
  0.000000
  0.000000
 -0.001615
 -0.003230
 -0.004847
 -0.006464
 -0.008085
 -0.009710
 -0.011329
 -0.012967
 -0.014640
 -0.016258
 -0.017835
 -0.019635
 -0.021554
 -0.022959
 -0.024122
 -0.026474
 -0.029740
 -0.030998
 -0.029635
 -0.030460
 -0.037341
 -0.045226
 -0.043576
 -0.029799
 -0.012015
  0.000000
  0.000000
  0.000000
  0.000000
  0.000000
  0.000000
 -0.001804
 -0.003608
 -0.005414
 -0.007225
 -0.009040
 -0.010853
 -0.012684
 -0.014554
 -0.016376
 -0.018164
 -0.020184
 -0.022316
 -0.023936
 -0.025405
 -0.028136
 -0.031644
 -0.033025
 -0.032141
 -0.033931
 -0.041522
 -0.049003
 -0.046080
 -0.031029
 -0.012392
  0.000000
  0.000000
  0.000000
  0.000000
  0.000000
  0.000000
  0.000000
 -0.001985
 -0.003970
 -0.005958
 -0.007951
 -0.009942
 -0.011944
 -0.013984
 -0.015985
 -0.017940
 -0.020110
 -0.022402
 -0.024190
 -0.025825
 -0.028710
 -0.032297
 -0.033697
 -0.032969
 -0.035124
 -0.043004
 -0.050385
 -0.047107
 -0.031729
 -0.012747
  0.000000
  0.000000
  0.000000
  0.000000
  0.000000
  0.000000
  0.000000
  0.000000
 -0.002157
 -0.004314
 -0.006474
 -0.008633
 -0.010793
 -0.012986
 -0.015153
 -0.017252
 -0.019524
 -0.021947
 -0.023892
 -0.025595
 -0.028472
 -0.032109
 -0.033653
 -0.033090
 -0.035471
 -0.043693
 -0.051457
 -0.048437
 -0.033055
 -0.013618
  0.000000
  0.000000
  0.000000
  0.000000
  0.000000
  0.000000
  0.000000
  0.000000
  0.000000
 -0.002321
 -0.004643
 -0.006964
 -0.009281
 -0.011621
 -0.013953
 -0.016202
 -0.018562
 -0.021111
 -0.023248
 -0.024990
 -0.027719
 -0.031335
 -0.033021
 -0.032239
 -0.033593
 -0.040090
 -0.045968
 -0.041544
 -0.026137
 -0.009256
  0.000000
  0.000000
  0.000000
  0.000000
  0.000000
  0.000000
  0.000000
  0.000000
  0.000000
  0.000000
 -0.002480
 -0.004961
 -0.007437
 -0.009924
 -0.012424
 -0.014849
 -0.017310
 -0.019995
 -0.022410
 -0.024290
 -0.026885
 -0.030577
 -0.032799
 -0.032329
 -0.033085
 -0.038563
 -0.044581
 -0.042751
 -0.031724
 -0.018091
 -0.007068
  0.000000
  0.000000
  0.000000
  0.000000
  0.000000
  0.000000
  0.000000
  0.000000
  0.000000
  0.000000
 -0.002634
 -0.005268
 -0.007903
 -0.010560
 -0.013176
 -0.015764
 -0.018569
 -0.021307
 -0.023461
 -0.025967
 -0.029764
 -0.032862
 -0.033268
 -0.033817
 -0.038550
 -0.045389
 -0.047069
 -0.039881
 -0.026509
 -0.011359
  0.000000
  0.000000
  0.000000
  0.000000
  0.000000
  0.000000
  0.000000
  0.000000
  0.000000
  0.000000
  0.000000
 -0.002780
 -0.005558
 -0.008352
 -0.011145
 -0.013879
 -0.016756
 -0.019763
 -0.022273
 -0.024707
 -0.028427
 -0.032343
 -0.033787
 -0.034056
 -0.037695
 -0.045340
 -0.051034
 -0.047856
 -0.034215
 -0.014883
  0.000000
  0.000000
  0.000000
  0.000000
  0.000000
  0.000000
  0.000000
  0.000000
  0.000000
  0.000000
  0.000000
  0.000000
 -0.002908
 -0.005820
 -0.008750
 -0.011637
 -0.014555
 -0.017697
 -0.020579
 -0.023024
 -0.026419
 -0.030818
 -0.033422
 -0.033816
 -0.036641
 -0.045189
 -0.054819
 -0.055446
 -0.041589
 -0.018545
  0.000000
  0.000000
  0.000000
  0.000000
  0.000000
  0.000000
  0.000000
  0.000000
  0.000000
  0.000000
  0.000000
  0.000000
  0.000000
 -0.003016
 -0.006041
 -0.009063
 -0.012042
 -0.015188
 -0.018359
 -0.020974
 -0.023890
 -0.028173
 -0.031721
 -0.032371
 -0.033349
 -0.039299
 -0.047540
 -0.047760
 -0.033852
 -0.013188
  0.000000
  0.000000
  0.000000
  0.000000
  0.000000
  0.000000
  0.000000
  0.000000
  0.000000
  0.000000
  0.000000
  0.000000
  0.000000
  0.000000
 -0.003102
 -0.006214
 -0.009294
 -0.012408
 -0.015713
 -0.018681
 -0.021333
 -0.025136
 -0.029469
 -0.031291
 -0.031439
 -0.035028
 -0.042945
 -0.047754
 -0.041931
 -0.027236
 -0.011131
  0.000000
  0.000000
  0.000000
  0.000000
  0.000000
  0.000000
  0.000000
  0.000000
  0.000000
  0.000000
  0.000000
  0.000000
  0.000000
  0.000000
 -0.003164
 -0.006330
 -0.009462
 -0.012732
 -0.016021
 -0.018789
 -0.021992
 -0.026547
 -0.030014
 -0.030795
 -0.033142
 -0.041424
 -0.051807
 -0.054156
 -0.042459
 -0.020147
  0.000000
  0.000000
  0.000000
  0.000000
  0.000000
  0.000000
  0.000000
  0.000000
  0.000000
  0.000000
  0.000000
  0.000000
  0.000000
  0.000000
  0.000000
 -0.003199
 -0.006384
 -0.009573
 -0.012926
 -0.016008
 -0.018766
 -0.022634
 -0.026959
 -0.028689
 -0.028972
 -0.033064
 -0.041238
 -0.044731
 -0.034831
 -0.014947
  0.000000
  0.000000
  0.000000
  0.000000
  0.000000
  0.000000
  0.000000
  0.000000
  0.000000
  0.000000
  0.000000
  0.000000
  0.000000
  0.000000
  0.000000
  0.000000
 -0.003210
 -0.006398
 -0.009649
 -0.012973
 -0.015837
 -0.018926
 -0.023305
 -0.026744
 -0.027418
 -0.029398
 -0.037117
 -0.046454
 -0.047222
 -0.035299
 -0.016272
  0.000000
  0.000000
  0.000000
  0.000000
  0.000000
  0.000000
  0.000000
  0.000000
  0.000000
  0.000000
  0.000000
  0.000000
  0.000000
  0.000000
  0.000000
  0.000000
 -0.003206
 -0.006393
 -0.009691
 -0.012884
 -0.015661
 -0.019234
 -0.023543
 -0.025611
 -0.025821
 -0.029204
 -0.036538
 -0.039849
 -0.031338
 -0.013874
  0.000000
  0.000000
  0.000000
  0.000000
  0.000000
  0.000000
  0.000000
  0.000000
  0.000000
  0.000000
  0.000000
  0.000000
  0.000000
  0.000000
  0.000000
  0.000000
  0.000000
 -0.003187
 -0.006379
 -0.009688
 -0.012732
 -0.015678
 -0.019812
 -0.023748
 -0.025041
 -0.026740
 -0.033896
 -0.044125
 -0.047999
 -0.039174
 -0.019484
  0.000000
  0.000000
  0.000000
  0.000000
  0.000000
  0.000000
  0.000000
  0.000000
  0.000000
  0.000000
  0.000000
  0.000000
  0.000000
  0.000000
  0.000000
  0.000000
  0.000000
 -0.003128
 -0.006292
 -0.009522
 -0.012412
 -0.015628
 -0.019923
 -0.022906
 -0.023620
 -0.026306
 -0.033064
 -0.037779
 -0.032082
 -0.015497
  0.000000
  0.000000
  0.000000
  0.000000
  0.000000
  0.000000
  0.000000
  0.000000
  0.000000
  0.000000
  0.000000
  0.000000
  0.000000
  0.000000
  0.000000
  0.000000
  0.000000
  0.000000
 -0.002995
 -0.006051
 -0.009095
 -0.011870
 -0.015385
 -0.019592
 -0.021977
 -0.023526
 -0.029313
 -0.040572
 -0.050346
 -0.047367
 -0.026002
  0.000000
  0.000000
  0.000000
  0.000000
  0.000000
  0.000000
  0.000000
  0.000000
  0.000000
  0.000000
  0.000000
  0.000000
  0.000000
  0.000000
  0.000000
  0.000000
  0.000000
  0.000000
 -0.002743
 -0.005541
 -0.008226
 -0.010762
 -0.014114
 -0.017414
 -0.018633
 -0.019854
 -0.025019
 -0.032232
 -0.031461
 -0.016233
  0.000000
  0.000000
  0.000000
  0.000000
  0.000000
  0.000000
  0.000000
  0.000000
  0.000000
  0.000000
  0.000000
  0.000000
  0.000000
  0.000000
  0.000000
  0.000000
  0.000000
  0.000000
  0.000000
 -0.002414
 -0.004858
 -0.007119
 -0.009342
 -0.012197
 -0.014391
 -0.014713
 -0.015619
 -0.019794
 -0.023857
 -0.019733
 -0.007964
  0.000000
  0.000000
  0.000000
  0.000000
  0.000000
  0.000000
  0.000000
  0.000000
  0.000000
  0.000000
  0.000000
  0.000000
  0.000000
  0.000000
  0.000000
  0.000000
  0.000000
  0.000000
  0.000000
 -0.002135
 -0.004286
 -0.006262
 -0.008334
 -0.010872
 -0.012529
 -0.012810
 -0.014133
 -0.017463
 -0.017877
 -0.011691
 -0.004671
  0.000000
  0.000000
  0.000000
  0.000000
  0.000000
  0.000000
  0.000000
  0.000000
  0.000000
  0.000000
  0.000000
  0.000000
  0.000000
  0.000000
  0.000000
  0.000000
  0.000000
  0.000000
  0.000000
 -0.001936
 -0.003905
 -0.005784
 -0.007970
 -0.010704
 -0.012761
 -0.014409
 -0.019009
 -0.028169
 -0.038330
 -0.043216
 -0.029527
  0.000000
  0.000000
  0.000000
  0.000000
  0.000000
  0.000000
  0.000000
  0.000000
  0.000000
  0.000000
  0.000000
  0.000000
  0.000000
  0.000000
  0.000000
  0.000000
  0.000000
  0.000000
  0.000000
 -0.001616
 -0.003252
 -0.004833
 -0.006751
 -0.008978
 -0.010362
 -0.011553
 -0.015056
 -0.019906
 -0.019881
 -0.010289
  0.000000
  0.000000
  0.000000
  0.000000
  0.000000
  0.000000
  0.000000
  0.000000
  0.000000
  0.000000
  0.000000
  0.000000
  0.000000
  0.000000
  0.000000
  0.000000
  0.000000
  0.000000
  0.000000
  0.000000
 -0.001029
 -0.002041
 -0.002979
 -0.004077
 -0.005076
 -0.005271
 -0.005416
 -0.006467
 -0.006607
 -0.003473
  0.000238
  0.000000
  0.000000
  0.000000
  0.000000
  0.000000
  0.000000
  0.000000
  0.000000
  0.000000
  0.000000
  0.000000
  0.000000
  0.000000
  0.000000
  0.000000
  0.000000
  0.000000
  0.000000
  0.000000
  0.000000
 -0.000328
 -0.000598
 -0.000815
 -0.001008
 -0.000889
 -0.000404
 -0.000124
  0.000216
  0.001552
  0.003369
  0.003433
  0.000000
  0.000000
  0.000000
  0.000000
  0.000000
  0.000000
  0.000000
  0.000000
  0.000000
  0.000000
  0.000000
  0.000000
  0.000000
  0.000000
  0.000000
  0.000000
  0.000000
  0.000000
  0.000000
  0.000000
  0.000323
  0.000557
  0.000859
  0.001228
  0.001844
  0.002468
  0.002774
  0.003340
  0.004774
  0.005947
  0.004748
  0.000000
  0.000000
  0.000000
  0.000000
  0.000000
  0.000000
  0.000000
  0.000000
  0.000000
  0.000000
  0.000000
  0.000000
  0.000000
  0.000000
  0.000000
  0.000000
  0.000000
  0.000000
  0.000000
  0.000000
  0.000777
  0.001190
  0.001723
  0.002286
  0.003009
  0.003593
  0.003796
  0.004295
  0.005638
  0.006680
  0.005206
  0.000000
  0.000000
  0.000000
  0.000000
  0.000000
  0.000000
  0.000000
  0.000000
  0.000000
  0.000000
  0.000000
  0.000000
  0.000000
  0.000000
  0.000000
  0.000000
  0.000000
  0.000000
  0.000000
  0.000000
  0.000943
  0.001377
  0.001943
  0.002515
  0.003202
  0.003722
  0.003862
  0.004276
  0.005523
  0.006555
  0.005163
  0.000000
  0.000000
  0.000000
  0.000000
  0.000000
  0.000000
  0.000000
  0.000000
  0.000000
  0.000000
  0.000000
  0.000000
  0.000000
  0.000000
  0.000000
  0.000000
  0.000000
  0.000000
  0.000000
  0.000000
  0.000907
  0.001314
  0.001835
  0.002357
  0.002981
  0.003454
  0.003562
  0.003895
  0.005031
  0.006066
  0.004886
  0.000000
  0.000000
  0.000000
  0.000000
  0.000000
  0.000000
  0.000000
  0.000000
  0.000000
  0.000000
  0.000000
  0.000000
  0.000000
  0.000000
  0.000000
  0.000000
  0.000000
  0.000000
  0.000000
  0.000000
  0.000794
  0.001172
  0.001638
  0.002103
  0.002669
  0.003107
  0.003189
  0.003443
  0.004463
  0.005500
  0.004552
  0.000000
  0.000000
  0.000000
  0.000000
  0.000000
  0.000000
  0.000000
  0.000000
  0.000000
  0.000000
  0.000000
  0.000000
  0.000000
  0.000000
  0.000000
  0.000000
  0.000000
  0.000000
  0.000000
  0.000000
  0.000686
  0.001051
  0.001475
  0.001898
  0.002420
  0.002830
  0.002888
  0.003068
  0.003985
  0.005018
  0.004263
  0.000000
  0.000000
  0.000000
  0.000000
  0.000000
  0.000000
  0.000000
  0.000000
  0.000000
  0.000000
  0.000000
  0.000000
  0.000000
  0.000000
  0.000000
  0.000000
  0.000000
  0.000000
  0.000000
  0.000000
  0.000626
  0.001001
  0.001414
  0.001821
  0.002324
  0.002720
  0.002759
  0.002876
  0.003706
  0.004728
  0.004098
  0.000000
  0.000000
  0.000000
  0.000000
  0.000000
  0.000000
  0.000000
  0.000000
  0.000000
  0.000000
  0.000000
  0.000000
  0.000000
  0.000000
  0.000000
  0.000000
  0.000000
  0.000000
  0.000000
  0.000000
  0.000647
  0.001071
  0.001521
  0.001959
  0.002487
  0.002904
  0.002941
  0.003015
  0.003780
  0.004767
  0.004147
  0.000000
  0.000000
  0.000000
  0.000000
  0.000000
  0.000000
  0.000000
  0.000000
  0.000000
  0.000000
  0.000000
  0.000000
  0.000000
  0.000000
  0.000000
  0.000000
  0.000000
  0.000000
  0.000000
  0.000000
  0.000795
  0.001332
  0.001902
  0.002461
  0.003108
  0.003630
  0.003741
  0.003849
  0.004626
  0.005591
  0.004808
  0.000000
  0.000000
  0.000000
  0.000000
  0.000000
  0.000000
  0.000000
  0.000000
  0.000000
  0.000000
  0.000000
  0.000000
  0.000000
  0.000000
  0.000000
  0.000000
  0.000000
  0.000000
  0.000000
  0.000000
  0.001130
  0.001878
  0.002706
  0.003546
  0.004500
  0.005344
  0.005779
  0.006239
  0.007383
  0.008531
  0.007152
  0.000000
  0.000000
  0.000000
  0.000000
  0.000000
  0.000000
  0.000000
  0.000000
  0.000000
  0.000000
  0.000000
  0.000000
  0.000000
  0.000000
  0.000000
  0.000000
  0.000000
  0.000000
  0.000000
  0.000000
  0.001684
  0.002754
  0.004006
  0.005345
  0.006894
  0.008463
  0.009851
  0.011769
  0.015292
  0.020218
  0.024961
  0.024906
  0.000000
  0.000000
  0.000000
  0.000000
  0.000000
  0.000000
  0.000000
  0.000000
  0.000000
  0.000000
  0.000000
  0.000000
  0.000000
  0.000000
  0.000000
  0.000000
  0.000000
  0.000000
  0.000000
  0.002358
  0.003790
  0.005513
  0.007401
  0.009569
  0.011827
  0.014010
  0.016893
  0.021376
  0.026419
  0.029169
  0.022728
  0.000000
  0.000000
  0.000000
  0.000000
  0.000000
  0.000000
  0.000000
  0.000000
  0.000000
  0.000000
  0.000000
  0.000000
  0.000000
  0.000000
  0.000000
  0.000000
  0.000000
  0.000000
  0.000000
  0.002900
  0.004579
  0.006585
  0.008755
  0.011136
  0.013484
  0.015565
  0.017971
  0.021216
  0.023889
  0.023663
  0.018529
  0.000000
  0.000000
  0.000000
  0.000000
  0.000000
  0.000000
  0.000000
  0.000000
  0.000000
  0.000000
  0.000000
  0.000000
  0.000000
  0.000000
  0.000000
  0.000000
  0.000000
  0.000000
  0.000000
  0.003055
  0.004764
  0.006726
  0.008776
  0.010885
  0.012781
  0.014196
  0.015564
  0.017362
  0.018765
  0.018503
  0.014951
  0.000000
  0.000000
  0.000000
  0.000000
  0.000000
  0.000000
  0.000000
  0.000000
  0.000000
  0.000000
  0.000000
  0.000000
  0.000000
  0.000000
  0.000000
  0.000000
  0.000000
  0.000000
  0.000000
  0.002780
  0.004346
  0.006038
  0.007738
  0.009398
  0.010789
  0.011669
  0.012387
  0.013498
  0.014682
  0.014911
  0.012686
  0.000000
  0.000000
  0.000000
  0.000000
  0.000000
  0.000000
  0.000000
  0.000000
  0.000000
  0.000000
  0.000000
  0.000000
  0.000000
  0.000000
  0.000000
  0.000000
  0.000000
  0.000000
  0.000000
  0.002299
  0.003719
  0.005160
  0.006585
  0.007973
  0.009161
  0.009925
  0.010519
  0.011512
  0.012821
  0.013412
  0.012016
  0.000000
  0.000000
  0.000000
  0.000000
  0.000000
  0.000000
  0.000000
  0.000000
  0.000000
  0.000000
  0.000000
  0.000000
  0.000000
  0.000000
  0.000000
  0.000000
  0.000000
  0.000000
  0.000000
  0.001963
  0.003406
  0.004828
  0.006265
  0.007743
  0.009142
  0.010230
  0.011187
  0.012584
  0.014418
  0.015477
  0.014207
  0.000000
  0.000000
  0.000000
  0.000000
  0.000000
  0.000000
  0.000000
  0.000000
  0.000000
  0.000000
  0.000000
  0.000000
  0.000000
  0.000000
  0.000000
  0.000000
  0.000000
  0.000000
  0.000000
  0.002039
  0.003751
  0.005464
  0.007273
  0.009249
  0.011318
  0.013285
  0.015421
  0.018577
  0.023285
  0.029268
  0.036827
  0.032481
  0.000000
  0.000000
  0.000000
  0.000000
  0.000000
  0.000000
  0.000000
  0.000000
  0.000000
  0.000000
  0.000000
  0.000000
  0.000000
  0.000000
  0.000000
  0.000000
  0.000000
  0.000000
  0.002571
  0.004749
  0.006988
  0.009414
  0.012117
  0.015040
  0.017994
  0.021272
  0.025747
  0.031721
  0.038081
  0.043170
  0.032438
  0.000000
  0.000000
  0.000000
  0.000000
  0.000000
  0.000000
  0.000000
  0.000000
  0.000000
  0.000000
  0.000000
  0.000000
  0.000000
  0.000000
  0.000000
  0.000000
  0.000000
  0.000000
  0.003376
  0.006088
  0.008902
  0.011950
  0.015290
  0.018827
  0.022303
  0.025879
  0.030195
  0.035136
  0.039069
  0.040526
  0.030309
  0.000000
  0.000000
  0.000000
  0.000000
  0.000000
  0.000000
  0.000000
  0.000000
  0.000000
  0.000000
  0.000000
  0.000000
  0.000000
  0.000000
  0.000000
  0.000000
  0.000000
  0.000000
  0.004180
  0.007362
  0.010631
  0.014123
  0.017840
  0.021644
  0.025233
  0.028684
  0.032592
  0.037099
  0.041388
  0.046208
  0.046336
  0.027196
  0.000000
  0.000000
  0.000000
  0.000000
  0.000000
  0.000000
  0.000000
  0.000000
  0.000000
  0.000000
  0.000000
  0.000000
  0.000000
  0.000000
  0.000000
  0.000000
  0.000000
  0.004771
  0.008292
  0.011833
  0.015562
  0.019443
  0.023333
  0.026949
  0.030355
  0.034166
  0.038776
  0.043599
  0.049126
  0.049868
  0.030958
  0.000000
  0.000000
  0.000000
  0.000000
  0.000000
  0.000000
  0.000000
  0.000000
  0.000000
  0.000000
  0.000000
  0.000000
  0.000000
  0.000000
  0.000000
  0.000000
  0.000000
  0.005078
  0.008811
  0.012476
  0.016301
  0.020239
  0.024166
  0.027830
  0.031245
  0.034922
  0.039231
  0.043419
  0.047452
  0.047362
  0.032069
  0.000000
  0.000000
  0.000000
  0.000000
  0.000000
  0.000000
  0.000000
  0.000000
  0.000000
  0.000000
  0.000000
  0.000000
  0.000000
  0.000000
  0.000000
  0.000000
  0.000000
  0.005155
  0.009015
  0.012726
  0.016585
  0.020554
  0.024526
  0.028280
  0.031776
  0.035426
  0.039679
  0.044097
  0.049234
  0.054380
  0.051393
  0.030839
  0.000000
  0.000000
  0.000000
  0.000000
  0.000000
  0.000000
  0.000000
  0.000000
  0.000000
  0.000000
  0.000000
  0.000000
  0.000000
  0.000000
  0.000000
  0.000000
  0.005108
  0.009061
  0.012805
  0.016696
  0.020717
  0.024783
  0.028707
  0.032425
  0.036292
  0.040844
  0.045881
  0.051863
  0.058461
  0.057246
  0.036522
  0.000000
  0.000000
  0.000000
  0.000000
  0.000000
  0.000000
  0.000000
  0.000000
  0.000000
  0.000000
  0.000000
  0.000000
  0.000000
  0.000000
  0.000000
  0.000000
  0.005034
  0.009083
  0.012879
  0.016825
  0.020929
  0.025128
  0.029262
  0.033253
  0.037371
  0.042133
  0.047390
  0.053287
  0.059911
  0.061895
  0.050859
  0.023499
  0.000000
  0.000000
  0.000000
  0.000000
  0.000000
  0.000000
  0.000000
  0.000000
  0.000000
  0.000000
  0.000000
  0.000000
  0.000000
  0.000000
  0.000000
  0.004984
  0.009131
  0.012993
  0.016998
  0.021177
  0.025476
  0.029750
  0.033889
  0.038058
  0.042685
  0.047646
  0.052879
  0.058756
  0.062019
  0.054911
  0.030653
  0.000000
  0.000000
  0.000000
  0.000000
  0.000000
  0.000000
  0.000000
  0.000000
  0.000000
  0.000000
  0.000000
  0.000000
  0.000000
  0.000000
  0.000000
  0.004949
  0.009172
  0.013074
  0.017094
  0.021279
  0.025572
  0.029831
  0.033917
  0.037903
  0.042138
  0.046573
  0.051096
  0.056241
  0.060457
  0.058337
  0.043100
  0.017793
  0.000000
  0.000000
  0.000000
  0.000000
  0.000000
  0.000000
  0.000000
  0.000000
  0.000000
  0.000000
  0.000000
  0.000000
  0.000000
  0.000000
  0.004883
  0.009119
  0.012994
  0.016947
  0.021032
  0.025187
  0.029276
  0.033150
  0.036825
  0.040588
  0.044483
  0.048390
  0.052786
  0.057070
  0.057378
  0.046774
  0.024037
  0.000000
  0.000000
  0.000000
  0.000000
  0.000000
  0.000000
  0.000000
  0.000000
  0.000000
  0.000000
  0.000000
  0.000000
  0.000000
  0.000000
  0.004738
  0.008896
  0.012663
  0.016457
  0.020344
  0.024263
  0.028093
  0.031693
  0.035042
  0.038369
  0.041775
  0.045135
  0.048765
  0.052505
  0.053789
  0.046729
  0.027458
  0.000000
  0.000000
  0.000000
  0.000000
  0.000000
  0.000000
  0.000000
  0.000000
  0.000000
  0.000000
  0.000000
  0.000000
  0.000000
  0.000000
  0.004489
  0.008490
  0.012081
  0.015658
  0.019298
  0.022952
  0.026518
  0.029876
  0.032989
  0.036047
  0.039194
  0.042372
  0.045874
  0.050007
  0.053756
  0.053119
  0.043333
  0.023894
  0.000000
  0.000000
  0.000000
  0.000000
  0.000000
  0.000000
  0.000000
  0.000000
  0.000000
  0.000000
  0.000000
  0.000000
  0.000000
  0.004158
  0.007956
  0.011350
  0.014703
  0.018107
  0.021534
  0.024906
  0.028129
  0.031165
  0.034172
  0.037327
  0.040640
  0.044348
  0.048873
  0.053727
  0.055377
  0.047940
  0.028800
  0.000000
  0.000000
  0.000000
  0.000000
  0.000000
  0.000000
  0.000000
  0.000000
  0.000000
  0.000000
  0.000000
  0.000000
  0.000000
  0.003796
  0.007394
  0.010614
  0.013782
  0.017006
  0.020277
  0.023543
  0.026725
  0.029786
  0.032842
  0.036073
  0.039499
  0.043244
  0.047628
  0.052452
  0.055274
  0.051669
  0.039319
  0.017143
  0.000000
  0.000000
  0.000000
  0.000000
  0.000000
  0.000000
  0.000000
  0.000000
  0.000000
  0.000000
  0.000000
  0.000000
  0.003461
  0.006894
  0.009987
  0.013023
  0.016122
  0.019289
  0.022486
  0.025644
  0.028713
  0.031763
  0.034939
  0.038249
  0.041719
  0.045559
  0.049789
  0.052871
  0.051309
  0.041990
  0.022412
  0.000000
  0.000000
  0.000000
  0.000000
  0.000000
  0.000000
  0.000000
  0.000000
  0.000000
  0.000000
  0.000000
  0.000000
  0.003188
  0.006494
  0.009497
  0.012434
  0.015432
  0.018503
  0.021612
  0.024694
  0.027684
  0.030609
  0.033576
  0.036590
  0.039629
  0.042810
  0.046267
  0.049116
  0.048608
  0.041641
  0.024863
  0.000000
  0.000000
  0.000000
  0.000000
  0.000000
  0.000000
  0.000000
  0.000000
  0.000000
  0.000000
  0.000000
  0.000000
  0.002977
  0.006175
  0.009100
  0.011946
  0.014838
  0.017792
  0.020777
  0.023728
  0.026576
  0.029323
  0.032058
  0.034807
  0.037561
  0.040446
  0.043735
  0.047196
  0.049174
  0.047397
  0.038583
  0.021280
  0.000000
  0.000000
  0.000000
  0.000000
  0.000000
  0.000000
  0.000000
  0.000000
  0.000000
  0.000000
  0.000000
  0.002811
  0.005900
  0.008740
  0.011487
  0.014262
  0.017086
  0.019932
  0.022745
  0.025461
  0.028078
  0.030679
  0.033324
  0.036036
  0.038940
  0.042334
  0.046241
  0.049401
  0.049397
  0.042343
  0.025562
  0.000000
  0.000000
  0.000000
  0.000000
  0.000000
  0.000000
  0.000000
  0.000000
  0.000000
  0.000000
  0.000000
  0.002672
  0.005643
  0.008388
  0.011031
  0.013690
  0.016390
  0.019113
  0.021816
  0.024447
  0.027001
  0.029555
  0.032182
  0.034910
  0.037819
  0.041131
  0.044931
  0.048309
  0.049396
  0.045433
  0.034312
  0.014527
  0.000000
  0.000000
  0.000000
  0.000000
  0.000000
  0.000000
  0.000000
  0.000000
  0.000000
  0.000000
  0.002558
  0.005404
  0.008047
  0.010587
  0.013137
  0.015728
  0.018347
  0.020962
  0.023528
  0.026032
  0.028532
  0.031092
  0.033728
  0.036466
  0.039445
  0.042784
  0.045896
  0.047429
  0.045138
  0.036613
  0.019274
  0.000000
  0.000000
  0.000000
  0.000000
  0.000000
  0.000000
  0.000000
  0.000000
  0.000000
  0.000000
  0.002468
  0.005189
  0.007725
  0.010164
  0.012610
  0.015095
  0.017612
  0.020132
  0.022610
  0.025025
  0.027412
  0.029820
  0.032254
  0.034709
  0.037264
  0.040054
  0.042747
  0.044340
  0.042960
  0.036331
  0.021342
  0.000000
  0.000000
  0.000000
  0.000000
  0.000000
  0.000000
  0.000000
  0.000000
  0.000000
  0.000000
  0.002399
  0.004995
  0.007421
  0.009755
  0.012092
  0.014465
  0.016867
  0.019270
  0.021633
  0.023925
  0.026170
  0.028405
  0.030643
  0.032881
  0.035190
  0.037743
  0.040461
  0.042774
  0.043455
  0.040894
  0.032202
  0.016927
  0.000000
  0.000000
  0.000000
  0.000000
  0.000000
  0.000000
  0.000000
  0.000000
  0.000000
  0.002338
  0.004810
  0.007123
  0.009346
  0.011569
  0.013824
  0.016105
  0.018385
  0.020628
  0.022806
  0.024934
  0.027053
  0.029189
  0.031354
  0.033615
  0.036152
  0.039000
  0.041790
  0.043458
  0.042334
  0.035313
  0.020738
  0.000000
  0.000000
  0.000000
  0.000000
  0.000000
  0.000000
  0.000000
  0.000000
  0.000000
  0.002269
  0.004622
  0.006821
  0.008935
  0.011046
  0.013187
  0.015352
  0.017521
  0.019665
  0.021757
  0.023810
  0.025867
  0.027960
  0.030105
  0.032349
  0.034836
  0.037626
  0.040459
  0.042490
  0.042454
  0.038110
  0.027808
  0.011331
  0.000000
  0.000000
  0.000000
  0.000000
  0.000000
  0.000000
  0.000000
  0.000000
  0.002181
  0.004420
  0.006512
  0.008523
  0.010530
  0.012565
  0.014627
  0.016699
  0.018757
  0.020776
  0.022766
  0.024761
  0.026792
  0.028871
  0.031018
  0.033334
  0.035889
  0.038520
  0.040598
  0.041165
  0.038370
  0.030205
  0.015401
  0.000000
  0.000000
  0.000000
  0.000000
  0.000000
  0.000000
  0.000000
  0.000000
  0.002070
  0.004201
  0.006193
  0.008107
  0.010015
  0.011949
  0.013910
  0.015885
  0.017850
  0.019783
  0.021685
  0.023582
  0.025499
  0.027442
  0.029419
  0.031500
  0.033762
  0.036134
  0.038184
  0.039208
  0.037816
  0.032281
  0.020941
  0.007718
  0.000000
  0.000000
  0.000000
  0.000000
  0.000000
  0.000000
  0.000000
  0.001941
  0.003963
  0.005856
  0.007673
  0.009479
  0.011308
  0.013160
  0.015023
  0.016877
  0.018697
  0.020478
  0.022239
  0.024001
  0.025770
  0.027546
  0.029381
  0.031353
  0.033450
  0.035375
  0.036590
  0.036006
  0.032087
  0.022934
  0.010574
  0.000000
  0.000000
  0.000000
  0.000000
  0.000000
  0.000000
  0.000000
  0.001797
  0.003705
  0.005494
  0.007207
  0.008904
  0.010617
  0.012348
  0.014085
  0.015809
  0.017496
  0.019137
  0.020745
  0.022338
  0.023924
  0.025500
  0.027101
  0.028795
  0.030596
  0.032295
  0.033470
  0.033267
  0.030403
  0.023015
  0.011771
  0.000000
  0.000000
  0.000000
  0.000000
  0.000000
  0.000000
  0.000000
  0.001638
  0.003425
  0.005106
  0.006709
  0.008291
  0.009882
  0.011483
  0.013087
  0.014675
  0.016224
  0.017725
  0.019185
  0.020622
  0.022043
  0.023446
  0.024853
  0.026320
  0.027878
  0.029390
  0.030538
  0.030657
  0.028682
  0.022787
  0.012612
  0.000000
  0.000000
  0.000000
  0.000000
  0.000000
  0.000000
  0.000000
  0.001469
  0.003135
  0.004705
  0.006197
  0.007663
  0.009131
  0.010605
  0.012079
  0.013536
  0.014958
  0.016333
  0.017667
  0.018977
  0.020273
  0.021554
  0.022841
  0.024186
  0.025646
  0.027159
  0.028534
  0.029331
  0.028798
  0.025460
  0.018780
  0.010450
  0.000000
  0.000000
  0.000000
  0.000000
  0.000000
  0.000000
  0.001322
  0.002863
  0.004321
  0.005702
  0.007055
  0.008405
  0.009760
  0.011113
  0.012453
  0.013763
  0.015032
  0.016265
  0.017476
  0.018679
  0.019877
  0.021089
  0.022363
  0.023761
  0.025262
  0.026724
  0.027784
  0.027799
  0.025397
  0.019686
  0.011830
  0.000000
  0.000000
  0.000000
  0.000000
  0.000000
  0.000000
  0.001224
  0.002634
  0.003976
  0.005248
  0.006492
  0.007733
  0.008979
  0.010225
  0.011461
  0.012672
  0.013849
  0.014992
  0.016117
  0.017234
  0.018347
  0.019467
  0.020628
  0.021881
  0.023206
  0.024474
  0.025368
  0.025354
  0.023306
  0.018264
  0.011024
  0.000000
  0.000000
  0.000000
  0.000000
  0.000000
  0.000000
  0.001140
  0.002430
  0.003662
  0.004834
  0.005980
  0.007124
  0.008273
  0.009424
  0.010568
  0.011690
  0.012781
  0.013841
  0.014879
  0.015904
  0.016917
  0.017922
  0.018938
  0.020000
  0.021094
  0.022117
  0.022816
  0.022786
  0.021127
  0.016821
  0.010274
  0.000000
  0.000000
  0.000000
  0.000000
  0.000000
  0.000000
  0.000993
  0.002196
  0.003348
  0.004441
  0.005509
  0.006573
  0.007640
  0.008709
  0.009772
  0.010816
  0.011832
  0.012817
  0.013779
  0.014724
  0.015653
  0.016567
  0.017479
  0.018422
  0.019395
  0.020330
  0.021032
  0.021177
  0.019994
  0.016360
  0.010217
  0.000000
  0.000000
  0.000000
  0.000000
  0.000000
  0.000000
  0.000780
  0.001929
  0.003031
  0.004069
  0.005077
  0.006076
  0.007076
  0.008077
  0.009073
  0.010054
  0.011010
  0.011940
  0.012849
  0.013746
  0.014636
  0.015521
  0.016420
  0.017372
  0.018402
  0.019491
  0.020524
  0.021316
  0.021347
  0.019753
  0.016771
  0.011105
  0.000000
  0.000000
  0.000000
  0.000000
  0.000000
  0.000607
  0.001698
  0.002755
  0.003744
  0.004698
  0.005641
  0.006584
  0.007527
  0.008468
  0.009398
  0.010309
  0.011200
  0.012078
  0.012952
  0.013830
  0.014720
  0.015640
  0.016631
  0.017727
  0.018923
  0.020125
  0.021162
  0.021552
  0.020371
  0.017600
  0.012145
  0.000000
  0.000000
  0.000000
  0.000000
  0.000000
  0.000572
  0.001575
  0.002563
  0.003489
  0.004384
  0.005270
  0.006158
  0.007049
  0.007939
  0.008823
  0.009694
  0.010550
  0.011398
  0.012247
  0.013103
  0.013972
  0.014868
  0.015821
  0.016852
  0.017945
  0.018997
  0.019828
  0.020013
  0.018706
  0.015815
  0.010778
  0.000000
  0.000000
  0.000000
  0.000000
  0.000000
  0.000633
  0.001533
  0.002433
  0.003288
  0.004119
  0.004946
  0.005779
  0.006617
  0.007458
  0.008296
  0.009123
  0.009937
  0.010743
  0.011548
  0.012356
  0.013169
  0.013991
  0.014841
  0.015731
  0.016638
  0.017470
  0.018069
  0.018108
  0.016855
  0.014095
  0.009558
  0.000000
  0.000000
  0.000000
  0.000000
  0.000000
  0.000641
  0.001465
  0.002295
  0.003088
  0.003863
  0.004637
  0.005418
  0.006206
  0.006997
  0.007787
  0.008567
  0.009335
  0.010094
  0.010849
  0.011603
  0.012356
  0.013111
  0.013881
  0.014679
  0.015492
  0.016247
  0.016819
  0.016944
  0.015945
  0.013423
  0.009097
  0.000000
  0.000000
  0.000000
  0.000000
  0.000000
  0.000501
  0.001299
  0.002096
  0.002853
  0.003588
  0.004318
  0.005053
  0.005794
  0.006539
  0.007283
  0.008018
  0.008743
  0.009460
  0.010175
  0.010892
  0.011613
  0.012346
  0.013108
  0.013921
  0.014796
  0.015697
  0.016558
  0.017229
  0.017217
  0.016292
  0.014652
  0.009506
  0.000000
  0.000000
  0.000000
  0.000000
  0.000285
  0.001077
  0.001860
  0.002592
  0.003294
  0.003986
  0.004679
  0.005375
  0.006075
  0.006774
  0.007467
  0.008152
  0.008832
  0.009514
  0.010205
  0.010910
  0.011638
  0.012410
  0.013255
  0.014189
  0.015191
  0.016205
  0.017098
  0.017398
  0.016757
  0.015308
  0.010531
  0.000000
  0.000000
  0.000000
  0.000000
  0.000162
  0.000912
  0.001658
  0.002350
  0.003008
  0.003654
  0.004298
  0.004946
  0.005596
  0.006247
  0.006893
  0.007533
  0.008169
  0.008809
  0.009460
  0.010125
  0.010814
  0.011543
  0.012334
  0.013197
  0.014104
  0.014985
  0.015709
  0.015850
  0.015029
  0.013419
  0.009252
  0.000000
  0.000000
  0.000000
  0.000000
  0.000220
  0.000866
  0.001530
  0.002150
  0.002743
  0.003328
  0.003913
  0.004502
  0.005094
  0.005687
  0.006276
  0.006857
  0.007434
  0.008011
  0.008592
  0.009181
  0.009781
  0.010404
  0.011061
  0.011757
  0.012463
  0.013112
  0.013598
  0.013585
  0.012712
  0.011138
  0.007688
  0.000000
  0.000000
  0.000000
  0.000000
  0.000342
  0.000867
  0.001428
  0.001962
  0.002480
  0.002996
  0.003514
  0.004038
  0.004565
  0.005092
  0.005613
  0.006125
  0.006627
  0.007124
  0.007617
  0.008107
  0.008595
  0.009088
  0.009593
  0.010115
  0.010630
  0.011086
  0.011408
  0.011337
  0.010535
  0.009110
  0.006303
  0.000000
  0.000000
  0.000000
  0.000000
  0.000316
  0.000773
  0.001262
  0.001730
  0.002185
  0.002638
  0.003094
  0.003554
  0.004015
  0.004473
  0.004923
  0.005361
  0.005787
  0.006200
  0.006604
  0.006997
  0.007379
  0.007756
  0.008133
  0.008517
  0.008893
  0.009219
  0.009444
  0.009366
  0.008679
  0.007445
  0.005170
  0.000000
  0.000000
  0.000000
  0.000000
  0.000107
  0.000554
  0.001014
  0.001445
  0.001856
  0.002259
  0.002660
  0.003061
  0.003460
  0.003854
  0.004238
  0.004608
  0.004962
  0.005301
  0.005626
  0.005938
  0.006236
  0.006522
  0.006806
  0.007092
  0.007373
  0.007617
  0.007784
  0.007721
  0.007155
  0.006115
  0.004269
  0.000000
  0.000000
  0.000000
  0.000000
 -0.000113
  0.000316
  0.000751
  0.001152
  0.001526
  0.001886
  0.002239
  0.002587
  0.002929
  0.003265
  0.003589
  0.003898
  0.004191
  0.004469
  0.004732
  0.004980
  0.005214
  0.005437
  0.005655
  0.005875
  0.006093
  0.006284
  0.006420
  0.006379
  0.005927
  0.005063
  0.003557
  0.000000
  0.000000
  0.000000
  0.000000
 -0.000262
  0.000131
  0.000535
  0.000901
  0.001237
  0.001553
  0.001858
  0.002155
  0.002446
  0.002728
  0.003000
  0.003257
  0.003500
  0.003727
  0.003941
  0.004142
  0.004329
  0.004507
  0.004680
  0.004856
  0.005033
  0.005193
  0.005313
  0.005299
  0.004946
  0.004235
  0.002996
  0.000000
  0.000000
  0.000000
  0.000000
 -0.000280
  0.000051
  0.000404
  0.000723
  0.001011
  0.001279
  0.001535
  0.001783
  0.002025
  0.002259
  0.002485
  0.002698
  0.002898
  0.003085
  0.003260
  0.003425
  0.003578
  0.003723
  0.003866
  0.004013
  0.004165
  0.004308
  0.004423
  0.004434
  0.004165
  0.003580
  0.002551
  0.000000
  0.000000
  0.000000
  0.000000
 -0.000179
  0.000065
  0.000350
  0.000610
  0.000845
  0.001063
  0.001270
  0.001472
  0.001670
  0.001863
  0.002049
  0.002225
  0.002390
  0.002545
  0.002689
  0.002825
  0.002953
  0.003075
  0.003197
  0.003325
  0.003461
  0.003595
  0.003709
  0.003744
  0.003542
  0.003058
  0.002194
  0.000000
  0.000000
  0.000000
  0.000000
 -0.000071
  0.000098
  0.000320
  0.000525
  0.000710
  0.000883
  0.001049
  0.001213
  0.001375
  0.001535
  0.001689
  0.001836
  0.001974
  0.002103
  0.002224
  0.002338
  0.002446
  0.002551
  0.002657
  0.002771
  0.002896
  0.003023
  0.003137
  0.003190
  0.003039
  0.002635
  0.001906
  0.000000
  0.000000
  0.000000
  0.000000
 -0.000056
  0.000079
  0.000260
  0.000426
  0.000576
  0.000718
  0.000855
  0.000992
  0.001129
  0.001265
  0.001397
  0.001522
  0.001640
  0.001750
  0.001853
  0.001951
  0.002044
  0.002134
  0.002228
  0.002330
  0.002445
  0.002564
  0.002676
  0.002739
  0.002627
  0.002289
  0.001669
  0.000000
  0.000000
  0.000000
  0.000000
 -0.000135
 -0.000009
  0.000154
  0.000301
  0.000434
  0.000558
  0.000680
  0.000801
  0.000922
  0.001042
  0.001159
  0.001270
  0.001374
  0.001471
  0.001561
  0.001647
  0.001728
  0.001807
  0.001889
  0.001980
  0.002084
  0.002193
  0.002298
  0.002366
  0.002281
  0.001999
  0.001471
  0.000000
  0.000000
  0.000000
  0.000000
 -0.000253
 -0.000131
  0.000026
  0.000167
  0.000293
  0.000410
  0.000523
  0.000635
  0.000747
  0.000856
  0.000963
  0.001063
  0.001157
  0.001244
  0.001326
  0.001402
  0.001474
  0.001544
  0.001616
  0.001696
  0.001788
  0.001886
  0.001982
  0.002049
  0.001988
  0.001756
  0.001305
  0.000000
  0.000000
  0.000000
  0.000000
 -0.000352
 -0.000237
 -0.000084
  0.000055
  0.000177
  0.000288
  0.000395
  0.000498
  0.000599
  0.000699
  0.000795
  0.000886
  0.000971
  0.001050
  0.001124
  0.001193
  0.001258
  0.001321
  0.001385
  0.001456
  0.001536
  0.001623
  0.001711
  0.001778
  0.001739
  0.001550
  0.001164
  0.000000
  0.000000
  0.000000
  0.000000
 -0.000388
 -0.000284
 -0.000140
 -0.000010
  0.000104
  0.000206
  0.000300
  0.000391
  0.000479
  0.000564
  0.000648
  0.000728
  0.000803
  0.000874
  0.000940
  0.001003
  0.001062
  0.001120
  0.001178
  0.001242
  0.001314
  0.001393
  0.001476
  0.001545
  0.001526
  0.001373
  0.001043
  0.000000
  0.000000
  0.000000
  0.000000
 -0.000344
 -0.000255
 -0.000130
 -0.000018
  0.000078
  0.000163
  0.000239
  0.000312
  0.000382
  0.000451
  0.000520
  0.000586
  0.000651
  0.000711
  0.000770
  0.000825
  0.000879
  0.000933
  0.000987
  0.001046
  0.001114
  0.001190
  0.001272
  0.001347
  0.001346
  0.001222
  0.000938
  0.000000
  0.000000
  0.000000
  0.000000
 -0.000241
 -0.000173
 -0.000075
  0.000012
  0.000085
  0.000147
  0.000202
  0.000255
  0.000306
  0.000359
  0.000412
  0.000465
  0.000517
  0.000568
  0.000617
  0.000666
  0.000714
  0.000763
  0.000815
  0.000871
  0.000938
  0.001014
  0.001099
  0.001179
  0.001192
  0.001090
  0.000845
  0.000000
  0.000000
  0.000000
  0.000000
 -0.000138
 -0.000092
 -0.000020
  0.000044
  0.000095
  0.000137
  0.000173
  0.000209
  0.000246
  0.000286
  0.000327
  0.000369
  0.000411
  0.000452
  0.000493
  0.000535
  0.000577
  0.000621
  0.000669
  0.000724
  0.000790
  0.000867
  0.000953
  0.001037
  0.001057
  0.000972
  0.000764
  0.000000
  0.000000
  0.000000
  0.000000
 -0.000091
 -0.000062
 -0.000005
  0.000045
  0.000083
  0.000112
  0.000139
  0.000166
  0.000196
  0.000229
  0.000264
  0.000300
  0.000336
  0.000371
  0.000405
  0.000440
  0.000476
  0.000514
  0.000557
  0.000609
  0.000672
  0.000748
  0.000831
  0.000912
  0.000934
  0.000866
  0.000690
  0.000000
  0.000000
  0.000000
  0.000000
 -0.000120
 -0.000101
 -0.000046
  0.000002
  0.000038
  0.000067
  0.000094
  0.000122
  0.000153
  0.000186
  0.000221
  0.000256
  0.000289
  0.000321
  0.000351
  0.000381
  0.000411
  0.000443
  0.000480
  0.000525
  0.000582
  0.000650
  0.000725
  0.000798
  0.000820
  0.000769
  0.000623
  0.000000
  0.000000
  0.000000
  0.000000
 -0.000196
 -0.000180
 -0.000121
 -0.000068
 -0.000026
  0.000010
  0.000044
  0.000079
  0.000115
  0.000153
  0.000191
  0.000227
  0.000260
  0.000291
  0.000319
  0.000345
  0.000371
  0.000396
  0.000426
  0.000463
  0.000509
  0.000566
  0.000627
  0.000690
  0.000714
  0.000681
  0.000563
  0.000000
  0.000000
  0.000000
  0.000000
 -0.000267
 -0.000250
 -0.000188
 -0.000130
 -0.000082
 -0.000039
  0.000003
  0.000043
  0.000084
  0.000124
  0.000164
  0.000201
  0.000234
  0.000264
  0.000291
  0.000315
  0.000336
  0.000357
  0.000379
  0.000406
  0.000441
  0.000484
  0.000532
  0.000586
  0.000615
  0.000600
  0.000508
  0.000000
  0.000000
  0.000000
  0.000000
 -0.000287
 -0.000269
 -0.000210
 -0.000154
 -0.000105
 -0.000061
 -0.000019
  0.000021
  0.000059
  0.000097
  0.000133
  0.000167
  0.000198
  0.000226
  0.000250
  0.000272
  0.000290
  0.000307
  0.000324
  0.000342
  0.000367
  0.000398
  0.000437
  0.000488
  0.000527
  0.000526
  0.000457
  0.000000
  0.000000
  0.000000
  0.000000
 -0.000243
 -0.000224
 -0.000175
 -0.000129
 -0.000088
 -0.000052
 -0.000019
  0.000011
  0.000040
  0.000068
  0.000095
  0.000121
  0.000146
  0.000169
  0.000189
  0.000207
  0.000224
  0.000238
  0.000251
  0.000264
  0.000282
  0.000308
  0.000344
  0.000399
  0.000448
  0.000458
  0.000411
  0.000000
  0.000000
  0.000000
  0.000000
 -0.000155
 -0.000138
 -0.000103
 -0.000071
 -0.000045
 -0.000024
 -0.000006
  0.000008
  0.000022
  0.000036
  0.000050
  0.000066
  0.000082
  0.000097
  0.000112
  0.000126
  0.000140
  0.000152
  0.000164
  0.000176
  0.000193
  0.000219
  0.000259
  0.000320
  0.000376
  0.000396
  0.000368
  0.000000
  0.000000
  0.000000
  0.000000
 -0.000070
 -0.000055
 -0.000032
 -0.000014
 -0.000002
  0.000003
  0.000004
  0.000003
  0.000002
  0.000002
  0.000005
  0.000010
  0.000018
  0.000026
  0.000034
  0.000044
  0.000054
  0.000065
  0.000076
  0.000089
  0.000108
  0.000139
  0.000184
  0.000251
  0.000309
  0.000336
  0.000327
  0.000000
  0.000000
  0.000000
  0.000000
 -0.000030
 -0.000020
 -0.000002
  0.000011
  0.000013
  0.000007
 -0.000002
 -0.000013
 -0.000022
 -0.000029
 -0.000032
 -0.000033
 -0.000032
 -0.000030
 -0.000026
 -0.000021
 -0.000014
 -0.000006
  0.000004
  0.000019
  0.000040
  0.000074
  0.000123
  0.000189
  0.000245
  0.000278
  0.000285
  0.000000
  0.000000
  0.000000
  0.000000
 -0.000051
 -0.000046
 -0.000026
 -0.000012
 -0.000010
 -0.000017
 -0.000027
 -0.000038
 -0.000046
 -0.000052
 -0.000055
 -0.000056
 -0.000057
 -0.000057
 -0.000057
 -0.000055
 -0.000053
 -0.000048
 -0.000040
 -0.000027
 -0.000006
  0.000027
  0.000071
  0.000129
  0.000181
  0.000221
  0.000242
  0.000000
  0.000000
  0.000000
  0.000000
 -0.000113
 -0.000113
 -0.000087
 -0.000067
 -0.000059
 -0.000059
 -0.000061
 -0.000063
 -0.000064
 -0.000062
 -0.000060
 -0.000057
 -0.000056
 -0.000056
 -0.000057
 -0.000058
 -0.000059
 -0.000060
 -0.000057
 -0.000049
 -0.000034
 -0.000009
  0.000024
  0.000070
  0.000117
  0.000163
  0.000197
  0.000000
  0.000000
  0.000000
  0.000000
 -0.000169
 -0.000170
 -0.000142
 -0.000119
 -0.000104
 -0.000094
 -0.000086
 -0.000077
 -0.000068
 -0.000058
 -0.000049
 -0.000042
 -0.000037
 -0.000036
 -0.000037
 -0.000041
 -0.000046
 -0.000052
 -0.000056
 -0.000058
 -0.000054
 -0.000043
 -0.000025
  0.000009
  0.000056
  0.000105
  0.000146
  0.000000
  0.000000
  0.000000
  0.000000
 -0.000169
 -0.000170
 -0.000149
 -0.000131
 -0.000115
 -0.000101
 -0.000086
 -0.000070
 -0.000056
 -0.000042
 -0.000030
 -0.000022
 -0.000016
 -0.000015
 -0.000017
 -0.000023
 -0.000031
 -0.000043
 -0.000056
 -0.000068
 -0.000077
 -0.000081
 -0.000077
 -0.000051
 -0.000002
  0.000047
  0.000097
  0.000000
  0.000000
  0.000000
  0.000000
 -0.000094
 -0.000103
 -0.000098
 -0.000092
 -0.000083
 -0.000071
 -0.000057
 -0.000044
 -0.000032
 -0.000022
 -0.000014
 -0.000009
 -0.000007
 -0.000008
 -0.000012
 -0.000021
 -0.000033
 -0.000049
 -0.000068
 -0.000090
 -0.000111
 -0.000126
 -0.000131
 -0.000109
 -0.000061
 -0.000005
  0.000046
  0.000000
  0.000000
  0.000000
  0.000000
 -0.000002
 -0.000015
 -0.000020
 -0.000023
 -0.000022
 -0.000017
 -0.000012
 -0.000009
 -0.000007
 -0.000008
 -0.000009
 -0.000012
 -0.000016
 -0.000022
 -0.000030
 -0.000042
 -0.000056
 -0.000074
 -0.000097
 -0.000124
 -0.000150
 -0.000170
 -0.000176
 -0.000152
 -0.000105
 -0.000038
 -0.000055
  0.000000
  0.000000
  0.000000
  0.000000
  0.000021
  0.000036
  0.000043
  0.000044
  0.000043
  0.000039
  0.000032
  0.000023
  0.000011
 -0.000002
 -0.000015
 -0.000027
 -0.000039
 -0.000051
 -0.000064
 -0.000078
 -0.000093
 -0.000112
 -0.000134
 -0.000160
 -0.000184
 -0.000200
 -0.000199
 -0.000170
 -0.000126
 -0.000059
 -0.000091
  0.000000
  0.000000
  0.000000
  0.000000
  0.000045
  0.000078
  0.000097
  0.000103
  0.000098
  0.000085
  0.000066
  0.000044
  0.000020
 -0.000004
 -0.000025
 -0.000045
 -0.000062
 -0.000079
 -0.000095
 -0.000111
 -0.000126
 -0.000143
 -0.000161
 -0.000181
 -0.000197
 -0.000204
 -0.000195
 -0.000163
 -0.000123
 -0.000071
 -0.000047
  0.000000
  0.000000
  0.000000
  0.000000
  0.000176
  0.000155
  0.000160
  0.000155
  0.000139
  0.000115
  0.000085
  0.000054
  0.000024
 -0.000003
 -0.000028
 -0.000050
 -0.000069
 -0.000087
 -0.000104
 -0.000120
 -0.000134
 -0.000149
 -0.000162
 -0.000174
 -0.000181
 -0.000179
 -0.000165
 -0.000135
 -0.000103
 -0.000077
 -0.000010
  0.000000
  0.000000
  0.000000
  0.000000
  0.000320
  0.000227
  0.000204
  0.000182
  0.000154
  0.000121
  0.000088
  0.000058
  0.000031
  0.000007
 -0.000013
 -0.000031
 -0.000048
 -0.000064
 -0.000079
 -0.000093
 -0.000107
 -0.000118
 -0.000128
 -0.000134
 -0.000134
 -0.000128
 -0.000115
 -0.000092
 -0.000067
 -0.000070
 -0.000000
  0.000000
  0.000000
  0.000000
  0.000000
  0.000306
  0.000214
  0.000185
  0.000159
  0.000132
  0.000104
  0.000080
  0.000060
  0.000044
  0.000032
  0.000022
  0.000011
  0.000000
 -0.000011
 -0.000023
 -0.000035
 -0.000047
 -0.000057
 -0.000065
 -0.000068
 -0.000067
 -0.000062
 -0.000054
 -0.000039
 -0.000017
 -0.000026
  0.000012
  0.000000
  0.000000
  0.000000
  0.000000
  0.000125
  0.000119
  0.000114
  0.000103
  0.000091
  0.000080
  0.000074
  0.000071
  0.000070
  0.000071
  0.000070
  0.000068
  0.000063
  0.000056
  0.000047
  0.000037
  0.000026
  0.000016
  0.000007
  0.000002
  0.000000
  0.000001
  0.000005
  0.000018
  0.000041
  0.000042
  0.000038
  0.000000
  0.000000
  0.000000
  0.000000
 -0.000044
  0.000042
  0.000067
  0.000075
  0.000078
  0.000084
  0.000093
  0.000102
  0.000111
  0.000118
  0.000122
  0.000122
  0.000119
  0.000113
  0.000105
  0.000096
  0.000085
  0.000073
  0.000062
  0.000054
  0.000048
  0.000046
  0.000051
  0.000070
  0.000097
  0.000099
  0.000076
  0.000000
  0.000000
  0.000000
  0.000000
  0.000040
  0.000113
  0.000132
  0.000133
  0.000134
  0.000140
  0.000148
  0.000156
  0.000161
  0.000163
  0.000162
  0.000157
  0.000150
  0.000140
  0.000129
  0.000118
  0.000105
  0.000091
  0.000077
  0.000065
  0.000056
  0.000053
  0.000060
  0.000086
  0.000113
  0.000109
  0.000086
  0.000000
  0.000000
  0.000000
  0.000000
  0.000415
  0.000330
  0.000308
  0.000280
  0.000258
  0.000244
  0.000233
  0.000222
  0.000209
  0.000195
  0.000179
  0.000162
  0.000145
  0.000128
  0.000111
  0.000094
  0.000077
  0.000059
  0.000042
  0.000026
  0.000018
  0.000024
  0.000051
  0.000105
  0.000154
  0.000161
  0.000130
  0.000000
  0.000000
  0.000000
  0.000000
  0.000683
  0.000571
  0.000494
  0.000426
  0.000373
  0.000331
  0.000293
  0.000257
  0.000221
  0.000186
  0.000152
  0.000120
  0.000092
  0.000067
  0.000044
  0.000022
  0.000002
 -0.000020
 -0.000045
 -0.000075
 -0.000108
 -0.000141
 -0.000169
 -0.000188
 -0.000204
 -0.000189
 -0.000127
  0.000000
  0.000000
