  0.000000
  0.000000
  0.000000
  0.000000
  0.000000
  0.000000
  0.000000
  0.000000
  0.000000
  0.000000
  0.000000
  0.000000
  0.000000
  0.000000
  0.000000
  0.000000
  0.000000
  0.000000
  0.000000
  0.000000
  0.000000
  0.000000
  0.000000
  0.000000
  0.000000
  0.000000
  0.000000
  0.000000
  0.000000
  0.000000
  0.000000
  0.000000
  0.000000
  0.000000
  0.000000
  0.000000
  0.000000
  0.000000
  0.000000
  0.000000
  0.000000
  0.000000
  0.000000
  0.000000
  0.000000
  0.000000
  0.000000
  0.000000
  0.000000
  0.000000
  0.000000
  0.000000
  0.000000
  0.000000
  0.000000
  0.000000
  0.000000
  0.000000
  0.000000
  0.000000
  0.000000
  0.004217
  0.004218
  0.004218
  0.004218
  0.004218
  0.004218
  0.004218
  0.004218
  0.004218
  0.004218
  0.004218
  0.004218
  0.004218
  0.004218
  0.004218
  0.004218
  0.004218
  0.004218
  0.004218
  0.004218
  0.004218
  0.004218
  0.004218
  0.004218
  0.004218
  0.004217
  0.004218
  0.004217
  0.000000
  0.000000
  0.008277
  0.008278
  0.008278
  0.008278
  0.008278
  0.008278
  0.008278
  0.008278
  0.008278
  0.008278
  0.008278
  0.008278
  0.008278
  0.008278
  0.008278
  0.008278
  0.008278
  0.008278
  0.008278
  0.008278
  0.008278
  0.008278
  0.008278
  0.008278
  0.008278
  0.008277
  0.008280
  0.008276
  0.000000
  0.000000
  0.012190
  0.012191
  0.012191
  0.012191
  0.012191
  0.012191
  0.012191
  0.012191
  0.012191
  0.012191
  0.012191
  0.012191
  0.012191
  0.012191
  0.012191
  0.012191
  0.012191
  0.012191
  0.012191
  0.012191
  0.012191
  0.012191
  0.012191
  0.012191
  0.012191
  0.012189
  0.012194
  0.012188
  0.000000
  0.000000
  0.015965
  0.015966
  0.015966
  0.015966
  0.015966
  0.015966
  0.015966
  0.015966
  0.015966
  0.015966
  0.015966
  0.015966
  0.015966
  0.015966
  0.015966
  0.015966
  0.015966
  0.015966
  0.015966
  0.015966
  0.015966
  0.015966
  0.015966
  0.015966
  0.015965
  0.015964
  0.015970
  0.015962
  0.000000
  0.000000
  0.019610
  0.019612
  0.019611
  0.019611
  0.019611
  0.019611
  0.019611
  0.019611
  0.019611
  0.019611
  0.019611
  0.019611
  0.019611
  0.019611
  0.019611
  0.019611
  0.019611
  0.019611
  0.019611
  0.019611
  0.019611
  0.019611
  0.019611
  0.019611
  0.019611
  0.019608
  0.019617
  0.019606
  0.000000
  0.000000
  0.023134
  0.023136
  0.023135
  0.023135
  0.023135
  0.023135
  0.023135
  0.023135
  0.023135
  0.023135
  0.023135
  0.023135
  0.023135
  0.023135
  0.023135
  0.023135
  0.023134
  0.023134
  0.023134
  0.023134
  0.023134
  0.023134
  0.023134
  0.023134
  0.023134
  0.023131
  0.023141
  0.023128
  0.000000
  0.000000
  0.026543
  0.026545
  0.026544
  0.026544
  0.026544
  0.026544
  0.026544
  0.026544
  0.026544
  0.026544
  0.026544
  0.026544
  0.026543
  0.026543
  0.026543
  0.026543
  0.026543
  0.026543
  0.026543
  0.026543
  0.026543
  0.026542
  0.026542
  0.026542
  0.026542
  0.026539
  0.026551
  0.026535
  0.000000
  0.000000
  0.029843
  0.029846
  0.029845
  0.029845
  0.029845
  0.029845
  0.029845
  0.029844
  0.029844
  0.029844
  0.029844
  0.029844
  0.029844
  0.029843
  0.029843
  0.029843
  0.029843
  0.029843
  0.029842
  0.029842
  0.029842
  0.029842
  0.029842
  0.029842
  0.029842
  0.029837
  0.029852
  0.029833
  0.000000
  0.000000
  0.033041
  0.033044
  0.033043
  0.033043
  0.033042
  0.033042
  0.033042
  0.033042
  0.033042
  0.033041
  0.033041
  0.033041
  0.033041
  0.033040
  0.033040
  0.033040
  0.033039
  0.033039
  0.033039
  0.033039
  0.033038
  0.033038
  0.033038
  0.033038
  0.033038
  0.033033
  0.033050
  0.033027
  0.000000
  0.000000
  0.036141
  0.036144
  0.036143
  0.036143
  0.036143
  0.036142
  0.036142
  0.036142
  0.036142
  0.036141
  0.036141
  0.036140
  0.036140
  0.036140
  0.036139
  0.036139
  0.036138
  0.036138
  0.036138
  0.036137
  0.036137
  0.036136
  0.036136
  0.036136
  0.036136
  0.036130
  0.036150
  0.036123
  0.000000
  0.000000
  0.039149
  0.039152
  0.039151
  0.039150
  0.039150
  0.039150
  0.039149
  0.039149
  0.039149
  0.039148
  0.039147
  0.039147
  0.039146
  0.039146
  0.039145
  0.039145
  0.039144
  0.039143
  0.039143
  0.039142
  0.039142
  0.039141
  0.039141
  0.039141
  0.039140
  0.039134
  0.039157
  0.039125
  0.000000
  0.000000
  0.042068
  0.042071
  0.042070
  0.042070
  0.042069
  0.042069
  0.042068
  0.042068
  0.042067
  0.042066
  0.042066
  0.042065
  0.042064
  0.042063
  0.042062
  0.042062
  0.042061
  0.042060
  0.042059
  0.042059
  0.042058
  0.042057
  0.042057
  0.042056
  0.042056
  0.042048
  0.042077
  0.042037
  0.000000
  0.000000
  0.044903
  0.044907
  0.044905
  0.044905
  0.044904
  0.044904
  0.044903
  0.044902
  0.044901
  0.044900
  0.044899
  0.044898
  0.044897
  0.044896
  0.044895
  0.044894
  0.044893
  0.044892
  0.044891
  0.044890
  0.044889
  0.044888
  0.044887
  0.044887
  0.044886
  0.044876
  0.044911
  0.044862
  0.000000
  0.000000
  0.047659
  0.047662
  0.047660
  0.047660
  0.047659
  0.047658
  0.047657
  0.047656
  0.047655
  0.047654
  0.047653
  0.047651
  0.047650
  0.047648
  0.047647
  0.047645
  0.047644
  0.047642
  0.047641
  0.047640
  0.047638
  0.047637
  0.047636
  0.047635
  0.047634
  0.047622
  0.047666
  0.047604
  0.000000
  0.000000
  0.050338
  0.050341
  0.050339
  0.050338
  0.050337
  0.050336
  0.050335
  0.050334
  0.050332
  0.050331
  0.050329
  0.050327
  0.050325
  0.050323
  0.050321
  0.050319
  0.050317
  0.050315
  0.050313
  0.050311
  0.050310
  0.050308
  0.050307
  0.050305
  0.050304
  0.050289
  0.050345
  0.050265
  0.000000
  0.000000
  0.052943
  0.052947
  0.052945
  0.052944
  0.052943
  0.052941
  0.052940
  0.052938
  0.052936
  0.052934
  0.052931
  0.052929
  0.052926
  0.052923
  0.052921
  0.052918
  0.052915
  0.052913
  0.052910
  0.052908
  0.052906
  0.052903
  0.052902
  0.052900
  0.052899
  0.052879
  0.052952
  0.052846
  0.000000
  0.000000
  0.055480
  0.055483
  0.055481
  0.055480
  0.055478
  0.055476
  0.055474
  0.055472
  0.055469
  0.055466
  0.055463
  0.055460
  0.055456
  0.055453
  0.055449
  0.055445
  0.055442
  0.055438
  0.055435
  0.055432
  0.055429
  0.055426
  0.055424
  0.055422
  0.055420
  0.055395
  0.055490
  0.055350
  0.000000
  0.000000
  0.057950
  0.057953
  0.057951
  0.057950
  0.057948
  0.057945
  0.057942
  0.057939
  0.057935
  0.057931
  0.057927
  0.057923
  0.057918
  0.057913
  0.057909
  0.057904
  0.057899
  0.057895
  0.057890
  0.057886
  0.057882
  0.057879
  0.057875
  0.057873
  0.057870
  0.057837
  0.057961
  0.057777
  0.000000
  0.000000
  0.060358
  0.060361
  0.060358
  0.060356
  0.060354
  0.060350
  0.060347
  0.060342
  0.060338
  0.060332
  0.060327
  0.060321
  0.060315
  0.060309
  0.060303
  0.060296
  0.060290
  0.060284
  0.060278
  0.060273
  0.060267
  0.060263
  0.060258
  0.060255
  0.060251
  0.060209
  0.060371
  0.060128
  0.000000
  0.000000
  0.062707
  0.062709
  0.062706
  0.062704
  0.062700
  0.062696
  0.062691
  0.062685
  0.062679
  0.062672
  0.062665
  0.062657
  0.062649
  0.062641
  0.062633
  0.062624
  0.062616
  0.062608
  0.062601
  0.062593
  0.062586
  0.062580
  0.062574
  0.062570
  0.062564
  0.062509
  0.062725
  0.062398
  0.000000
  0.000000
  0.065000
  0.065002
  0.064999
  0.064995
  0.064991
  0.064985
  0.064978
  0.064971
  0.064963
  0.064954
  0.064944
  0.064934
  0.064923
  0.064913
  0.064902
  0.064891
  0.064880
  0.064869
  0.064859
  0.064850
  0.064841
  0.064832
  0.064825
  0.064819
  0.064811
  0.064739
  0.065029
  0.064582
  0.000000
  0.000000
  0.067242
  0.067243
  0.067239
  0.067235
  0.067229
  0.067221
  0.067213
  0.067203
  0.067192
  0.067180
  0.067168
  0.067154
  0.067140
  0.067126
  0.067112
  0.067097
  0.067083
  0.067069
  0.067056
  0.067043
  0.067031
  0.067020
  0.067010
  0.067002
  0.066991
  0.066898
  0.067291
  0.066674
  0.000000
  0.000000
  0.069436
  0.069437
  0.069432
  0.069426
  0.069418
  0.069409
  0.069398
  0.069385
  0.069370
  0.069355
  0.069338
  0.069321
  0.069303
  0.069284
  0.069265
  0.069246
  0.069227
  0.069209
  0.069191
  0.069174
  0.069158
  0.069143
  0.069130
  0.069121
  0.069104
  0.068983
  0.069517
  0.068665
  0.000000
  0.000000
  0.071589
  0.071589
  0.071583
  0.071575
  0.071565
  0.071552
  0.071538
  0.071521
  0.071502
  0.071482
  0.071460
  0.071437
  0.071413
  0.071388
  0.071363
  0.071338
  0.071313
  0.071289
  0.071265
  0.071243
  0.071222
  0.071202
  0.071184
  0.071172
  0.071148
  0.070993
  0.071705
  0.070555
  0.000000
  0.000000
  0.073705
  0.073705
  0.073697
  0.073687
  0.073674
  0.073657
  0.073638
  0.073616
  0.073591
  0.073565
  0.073536
  0.073506
  0.073474
  0.073442
  0.073409
  0.073376
  0.073343
  0.073310
  0.073279
  0.073249
  0.073221
  0.073195
  0.073171
  0.073155
  0.073118
  0.072920
  0.073838
  0.072358
  0.000000
  0.000000
  0.075793
  0.075792
  0.075782
  0.075768
  0.075751
  0.075730
  0.075704
  0.075676
  0.075644
  0.075609
  0.075571
  0.075532
  0.075490
  0.075448
  0.075404
  0.075360
  0.075317
  0.075274
  0.075232
  0.075192
  0.075155
  0.075120
  0.075087
  0.075067
  0.075010
  0.074759
  0.075916
  0.074062
  0.000000
  0.000000
  0.077860
  0.077857
  0.077845
  0.077828
  0.077805
  0.077777
  0.077745
  0.077707
  0.077665
  0.077620
  0.077571
  0.077519
  0.077465
  0.077409
  0.077351
  0.077294
  0.077236
  0.077179
  0.077124
  0.077071
  0.077021
  0.076974
  0.076931
  0.076906
  0.076818
  0.076499
  0.078010
  0.075568
  0.000000
  0.000000
  0.079918
  0.079913
  0.079897
  0.079875
  0.079846
  0.079810
  0.079767
  0.079719
  0.079665
  0.079605
  0.079541
  0.079474
  0.079403
  0.079329
  0.079254
  0.079178
  0.079102
  0.079027
  0.078953
  0.078883
  0.078816
  0.078752
  0.078696
  0.078667
  0.078530
  0.078138
  0.080214
  0.076749
  0.000000
  0.000000
  0.081978
  0.081971
  0.081951
  0.081923
  0.081885
  0.081839
  0.081784
  0.081721
  0.081651
  0.081574
  0.081491
  0.081403
  0.081310
  0.081214
  0.081116
  0.081015
  0.080915
  0.080815
  0.080718
  0.080624
  0.080534
  0.080448
  0.080374
  0.080340
  0.080121
  0.079667
  0.082499
  0.077596
  0.000000
  0.000000
  0.084058
  0.084048
  0.084023
  0.083986
  0.083938
  0.083879
  0.083808
  0.083728
  0.083638
  0.083538
  0.083431
  0.083317
  0.083196
  0.083071
  0.082941
  0.082810
  0.082677
  0.082545
  0.082415
  0.082289
  0.082168
  0.082049
  0.081954
  0.081910
  0.081557
  0.081068
  0.084727
  0.078214
  0.000000
  0.000000
  0.086175
  0.086162
  0.086131
  0.086084
  0.086023
  0.085948
  0.085858
  0.085755
  0.085640
  0.085513
  0.085375
  0.085227
  0.085071
  0.084908
  0.084739
  0.084566
  0.084392
  0.084216
  0.084043
  0.083874
  0.083709
  0.083544
  0.083423
  0.083356
  0.082797
  0.082316
  0.086863
  0.078555
  0.000000
  0.000000
  0.088355
  0.088338
  0.088298
  0.088240
  0.088163
  0.088068
  0.087955
  0.087825
  0.087679
  0.087517
  0.087341
  0.087151
  0.086951
  0.086740
  0.086521
  0.086295
  0.086066
  0.085834
  0.085603
  0.085376
  0.085151
  0.084923
  0.084777
  0.084661
  0.083784
  0.083420
  0.089083
  0.078257
  0.000000
  0.000000
  0.090625
  0.090603
  0.090554
  0.090482
  0.090386
  0.090268
  0.090126
  0.089963
  0.089780
  0.089576
  0.089353
  0.089113
  0.088856
  0.088586
  0.088304
  0.088011
  0.087711
  0.087405
  0.087100
  0.086798
  0.086486
  0.086177
  0.086019
  0.085794
  0.084428
  0.084473
  0.091563
  0.076811
  0.000000
  0.000000
  0.093019
  0.092991
  0.092931
  0.092843
  0.092726
  0.092580
  0.092405
  0.092204
  0.091976
  0.091722
  0.091443
  0.091141
  0.090818
  0.090474
  0.090113
  0.089736
  0.089347
  0.088947
  0.088546
  0.088144
  0.087708
  0.087304
  0.087167
  0.086667
  0.084610
  0.085675
  0.094152
  0.073871
  0.000000
  0.000000
  0.095576
  0.095542
  0.095470
  0.095363
  0.095221
  0.095044
  0.094832
  0.094587
  0.094308
  0.093996
  0.093652
  0.093278
  0.092875
  0.092443
  0.091988
  0.091508
  0.091006
  0.090488
  0.089971
  0.089427
  0.088805
  0.088341
  0.088241
  0.087081
  0.084267
  0.087294
  0.096302
  0.069270
  0.000000
  0.000000
  0.098339
  0.098299
  0.098214
  0.098087
  0.097918
  0.097707
  0.097455
  0.097161
  0.096825
  0.096449
  0.096032
  0.095575
  0.095081
  0.094549
  0.093980
  0.093376
  0.092741
  0.092086
  0.091419
  0.090658
  0.089817
  0.089416
  0.089198
  0.086713
  0.083561
  0.089715
  0.097281
  0.062524
  0.000000
  0.000000
  0.101358
  0.101311
  0.101212
  0.101065
  0.100868
  0.100622
  0.100327
  0.099982
  0.099587
  0.099142
  0.098646
  0.098103
  0.097507
  0.096858
  0.096168
  0.095429
  0.094622
  0.093818
  0.092985
  0.091869
  0.090855
  0.090797
  0.089876
  0.085196
  0.083301
  0.093751
  0.095781
  0.052358
  0.000000
  0.000000
  0.104681
  0.104628
  0.104516
  0.104349
  0.104126
  0.103846
  0.103509
  0.103115
  0.102660
  0.102146
  0.101576
  0.100936
  0.100229
  0.099486
  0.098664
  0.097707
  0.096780
  0.095936
  0.094638
  0.092974
  0.092578
  0.092877
  0.089018
  0.082379
  0.086064
  0.099678
  0.088391
  0.038564
  0.000000
  0.000000
  0.108360
  0.108300
  0.108177
  0.107993
  0.107746
  0.107437
  0.107063
  0.106623
  0.106118
  0.105547
  0.104889
  0.104163
  0.103407
  0.102528
  0.101448
  0.100462
  0.099669
  0.098215
  0.095972
  0.095167
  0.096176
  0.093467
  0.085046
  0.082794
  0.095267
  0.100990
  0.070914
  0.024501
  0.000000
  0.000000
  0.112438
  0.112374
  0.112243
  0.112046
  0.111782
  0.111450
  0.111047
  0.110577
  0.110035
  0.109395
  0.108691
  0.107964
  0.107063
  0.105924
  0.104978
  0.104276
  0.102655
  0.099996
  0.099042
  0.100509
  0.098409
  0.089233
  0.083319
  0.091966
  0.103010
  0.088097
  0.048382
  0.013991
  0.000000
  0.000000
  0.116954
  0.116887
  0.116752
  0.116548
  0.116275
  0.115930
  0.115518
  0.115031
  0.114442
  0.113800
  0.113139
  0.112262
  0.111146
  0.110330
  0.109736
  0.107977
  0.105181
  0.104480
  0.106287
  0.104140
  0.094599
  0.087698
  0.094807
  0.107025
  0.098837
  0.064041
  0.024087
  0.000000
  0.000000
  0.000000
  0.121932
  0.121866
  0.121731
  0.121527
  0.121253
  0.120914
  0.120502
  0.119991
  0.119437
  0.118869
  0.118064
  0.117041
  0.116406
  0.115933
  0.114129
  0.111474
  0.111276
  0.113264
  0.110664
  0.101156
  0.095315
  0.103201
  0.114989
  0.106449
  0.070921
  0.027686
  0.000000
  0.000000
  0.000000
  0.000000
  0.127386
  0.127321
  0.127190
  0.126992
  0.126732
  0.126405
  0.125985
  0.125527
  0.125067
  0.124370
  0.123474
  0.123022
  0.122691
  0.120944
  0.118567
  0.118906
  0.120993
  0.117959
  0.108868
  0.104915
  0.114228
  0.124581
  0.112553
  0.073884
  0.028618
  0.000000
  0.000000
  0.000000
  0.000000
  0.000000
  0.133313
  0.133252
  0.133126
  0.132942
  0.132699
  0.132371
  0.132002
  0.131648
  0.131077
  0.130305
  0.130003
  0.129840
  0.128240
  0.126147
  0.126953
  0.129226
  0.126006
  0.117376
  0.115055
  0.125604
  0.134607
  0.119021
  0.076896
  0.029510
  0.000000
  0.000000
  0.000000
  0.000000
  0.000000
  0.000000
  0.139702
  0.139644
  0.139528
  0.139359
  0.139115
  0.138820
  0.138553
  0.138108
  0.137432
  0.137211
  0.137219
  0.135809
  0.133858
  0.134914
  0.137463
  0.134283
  0.125817
  0.124473
  0.136450
  0.145715
  0.128192
  0.082610
  0.031682
  0.000000
  0.000000
  0.000000
  0.000000
  0.000000
  0.000000
  0.000000
  0.146541
  0.146486
  0.146379
  0.146209
  0.145975
  0.145766
  0.145438
  0.144833
  0.144601
  0.144758
  0.143581
  0.141596
  0.142594
  0.145538
  0.142858
  0.134491
  0.133435
  0.146669
  0.157464
  0.139946
  0.091834
  0.036296
  0.000000
  0.000000
  0.000000
  0.000000
  0.000000
  0.000000
  0.000000
  0.000000
  0.153822
  0.153770
  0.153664
  0.153487
  0.153312
  0.153087
  0.152560
  0.152238
  0.152482
  0.151612
  0.149467
  0.149963
  0.153159
  0.151266
  0.142486
  0.139501
  0.151248
  0.162872
  0.148059
  0.103394
  0.051897
  0.015502
  0.000000
  0.000000
  0.000000
  0.000000
  0.000000
  0.000000
  0.000000
  0.000000
  0.161546
  0.161497
  0.161383
  0.161234
  0.161092
  0.160686
  0.160256
  0.160494
  0.160060
  0.157870
  0.157523
  0.160738
  0.160234
  0.151643
  0.145974
  0.154728
  0.167665
  0.159570
  0.121867
  0.070887
  0.026217
  0.000000
  0.000000
  0.000000
  0.000000
  0.000000
  0.000000
  0.000000
  0.000000
  0.000000
  0.169719
  0.169670
  0.169561
  0.169469
  0.169229
  0.168758
  0.168870
  0.168943
  0.167059
  0.165766
  0.168633
  0.170071
  0.162863
  0.154681
  0.159443
  0.173353
  0.173316
  0.143124
  0.090107
  0.034938
  0.000000
  0.000000
  0.000000
  0.000000
  0.000000
  0.000000
  0.000000
  0.000000
  0.000000
  0.000000
  0.178341
  0.178290
  0.178222
  0.178130
  0.177748
  0.177638
  0.178078
  0.176917
  0.174868
  0.176788
  0.180127
  0.175415
  0.165337
  0.165594
  0.180327
  0.189356
  0.167260
  0.111023
  0.043909
  0.000000
  0.000000
  0.000000
  0.000000
  0.000000
  0.000000
  0.000000
  0.000000
  0.000000
  0.000000
  0.000000
  0.187392
  0.187352
  0.187330
  0.187137
  0.186839
  0.187293
  0.187088
  0.184863
  0.185202
  0.189618
  0.188496
  0.178339
  0.174375
  0.188933
  0.206440
  0.193235
  0.135187
  0.055977
  0.000000
  0.000000
  0.000000
  0.000000
  0.000000
  0.000000
  0.000000
  0.000000
  0.000000
  0.000000
  0.000000
  0.000000
  0.196846
  0.196831
  0.196801
  0.196511
  0.196632
  0.197153
  0.195578
  0.194122
  0.197874
  0.200455
  0.192179
  0.182891
  0.191336
  0.211666
  0.209408
  0.161353
  0.086684
  0.025801
  0.000000
  0.000000
  0.000000
  0.000000
  0.000000
  0.000000
  0.000000
  0.000000
  0.000000
  0.000000
  0.000000
  0.000000
  0.206674
  0.206685
  0.206578
  0.206380
  0.206978
  0.206668
  0.204321
  0.205736
  0.210795
  0.207133
  0.194707
  0.193966
  0.213104
  0.225498
  0.196522
  0.126109
  0.048037
  0.000000
  0.000000
  0.000000
  0.000000
  0.000000
  0.000000
  0.000000
  0.000000
  0.000000
  0.000000
  0.000000
  0.000000
  0.000000
  0.216846
  0.216863
  0.216677
  0.216824
  0.217475
  0.215881
  0.214626
  0.219409
  0.221769
  0.211457
  0.202921
  0.216980
  0.241410
  0.233893
  0.169823
  0.072696
  0.000000
  0.000000
  0.000000
  0.000000
  0.000000
  0.000000
  0.000000
  0.000000
  0.000000
  0.000000
  0.000000
  0.000000
  0.000000
  0.000000
  0.227326
  0.227311
  0.227138
  0.227697
  0.227684
  0.225297
  0.226807
  0.232754
  0.228714
  0.214841
  0.215824
  0.240203
  0.253421
  0.213177
  0.124451
  0.038778
  0.000000
  0.000000
  0.000000
  0.000000
  0.000000
  0.000000
  0.000000
  0.000000
  0.000000
  0.000000
  0.000000
  0.000000
  0.000000
  0.000000
  0.238090
  0.238018
  0.238006
  0.238749
  0.237600
  0.235769
  0.240484
  0.244112
  0.233187
  0.222491
  0.237690
  0.266024
  0.257609
  0.185075
  0.078293
  0.000000
  0.000000
  0.000000
  0.000000
  0.000000
  0.000000
  0.000000
  0.000000
  0.000000
  0.000000
  0.000000
  0.000000
  0.000000
  0.000000
  0.000000
  0.249140
  0.249024
  0.249286
  0.249774
  0.247589
  0.247725
  0.254283
  0.252363
  0.236784
  0.233926
  0.259032
  0.277672
  0.240294
  0.145560
  0.046903
  0.000000
  0.000000
  0.000000
  0.000000
  0.000000
  0.000000
  0.000000
  0.000000
  0.000000
  0.000000
  0.000000
  0.000000
  0.000000
  0.000000
  0.000000
  0.260498
  0.260398
  0.260952
  0.260788
  0.258352
  0.261432
  0.267524
  0.259010
  0.244312
  0.254959
  0.287669
  0.290087
  0.219982
  0.097531
  0.000000
  0.000000
  0.000000
  0.000000
  0.000000
  0.000000
  0.000000
  0.000000
  0.000000
  0.000000
  0.000000
  0.000000
  0.000000
  0.000000
  0.000000
  0.000000
  0.272130
  0.272123
  0.272858
  0.271865
  0.270243
  0.276051
  0.278981
  0.264839
  0.255003
  0.275992
  0.304320
  0.281859
  0.184921
  0.063324
  0.000000
  0.000000
  0.000000
  0.000000
  0.000000
  0.000000
  0.000000
  0.000000
  0.000000
  0.000000
  0.000000
  0.000000
  0.000000
  0.000000
  0.000000
  0.000000
  0.283897
  0.284051
  0.284787
  0.283154
  0.283396
  0.291033
  0.289539
  0.273235
  0.273846
  0.308686
  0.333281
  0.277409
  0.132688
  0.000000
  0.000000
  0.000000
  0.000000
  0.000000
  0.000000
  0.000000
  0.000000
  0.000000
  0.000000
  0.000000
  0.000000
  0.000000
  0.000000
  0.000000
  0.000000
  0.000000
  0.295502
  0.295811
  0.296310
  0.294344
  0.296697
  0.304431
  0.297984
  0.281798
  0.292725
  0.334347
  0.342241
  0.252656
  0.101400
  0.000000
  0.000000
  0.000000
  0.000000
  0.000000
  0.000000
  0.000000
  0.000000
  0.000000
  0.000000
  0.000000
  0.000000
  0.000000
  0.000000
  0.000000
  0.000000
  0.000000
  0.306679
  0.307071
  0.307133
  0.305064
  0.309026
  0.315235
  0.304069
  0.289116
  0.308193
  0.349666
  0.336282
  0.225482
  0.083117
  0.000000
  0.000000
  0.000000
  0.000000
  0.000000
  0.000000
  0.000000
  0.000000
  0.000000
  0.000000
  0.000000
  0.000000
  0.000000
  0.000000
  0.000000
  0.000000
  0.000000
  0.317487
  0.317911
  0.317509
  0.315591
  0.320652
  0.324561
  0.309563
  0.296655
  0.320184
  0.353273
  0.321688
  0.207712
  0.072271
  0.000000
  0.000000
  0.000000
  0.000000
  0.000000
  0.000000
  0.000000
  0.000000
  0.000000
  0.000000
  0.000000
  0.000000
  0.000000
  0.000000
  0.000000
  0.000000
  0.000000
  0.328211
  0.328713
  0.328063
  0.326846
  0.333261
  0.335406
  0.319031
  0.313094
  0.347816
  0.382439
  0.334921
  0.173626
  0.000000
  0.000000
  0.000000
  0.000000
  0.000000
  0.000000
  0.000000
  0.000000
  0.000000
  0.000000
  0.000000
  0.000000
  0.000000
  0.000000
  0.000000
  0.000000
  0.000000
  0.000000
  0.338705
  0.339305
  0.338592
  0.338341
  0.345876
  0.346408
  0.329943
  0.330679
  0.371835
  0.400949
  0.336033
  0.166025
  0.000000
  0.000000
  0.000000
  0.000000
  0.000000
  0.000000
  0.000000
  0.000000
  0.000000
  0.000000
  0.000000
  0.000000
  0.000000
  0.000000
  0.000000
  0.000000
  0.000000
  0.000000
  0.348169
  0.348797
  0.348014
  0.348359
  0.356085
  0.355089
  0.338691
  0.342218
  0.382726
  0.404708
  0.334759
  0.170136
  0.000000
  0.000000
  0.000000
  0.000000
  0.000000
  0.000000
  0.000000
  0.000000
  0.000000
  0.000000
  0.000000
  0.000000
  0.000000
  0.000000
  0.000000
  0.000000
  0.000000
  0.000000
  0.355748
  0.356263
  0.355370
  0.355694
  0.362782
  0.360821
  0.344521
  0.347590
  0.385077
  0.403883
  0.336124
  0.179919
  0.000000
  0.000000
  0.000000
  0.000000
  0.000000
  0.000000
  0.000000
  0.000000
  0.000000
  0.000000
  0.000000
  0.000000
  0.000000
  0.000000
  0.000000
  0.000000
  0.000000
  0.000000
  0.360904
  0.361630
  0.360465
  0.360477
  0.366755
  0.364338
  0.348219
  0.350073
  0.384704
  0.402871
  0.340172
  0.193053
  0.000000
  0.000000
  0.000000
  0.000000
  0.000000
  0.000000
  0.000000
  0.000000
  0.000000
  0.000000
  0.000000
  0.000000
  0.000000
  0.000000
  0.000000
  0.000000
  0.000000
  0.000000
  0.363888
  0.365470
  0.363861
  0.363592
  0.369222
  0.366754
  0.351099
  0.351838
  0.384022
  0.402442
  0.345587
  0.207706
  0.000000
  0.000000
  0.000000
  0.000000
  0.000000
  0.000000
  0.000000
  0.000000
  0.000000
  0.000000
  0.000000
  0.000000
  0.000000
  0.000000
  0.000000
  0.000000
  0.000000
  0.000000
  0.365661
  0.368441
  0.366390
  0.365958
  0.371145
  0.368870
  0.353895
  0.353779
  0.383807
  0.402602
  0.351469
  0.222677
  0.000000
  0.000000
  0.000000
  0.000000
  0.000000
  0.000000
  0.000000
  0.000000
  0.000000
  0.000000
  0.000000
  0.000000
  0.000000
  0.000000
  0.000000
  0.000000
  0.000000
  0.000000
  0.367149
  0.371140
  0.368742
  0.368244
  0.373123
  0.371137
  0.356938
  0.356203
  0.384291
  0.403328
  0.357444
  0.237402
  0.000000
  0.000000
  0.000000
  0.000000
  0.000000
  0.000000
  0.000000
  0.000000
  0.000000
  0.000000
  0.000000
  0.000000
  0.000000
  0.000000
  0.000000
  0.000000
  0.000000
  0.000000
  0.368970
  0.374003
  0.371363
  0.370853
  0.375497
  0.373815
  0.360420
  0.359253
  0.385574
  0.404658
  0.363471
  0.251768
  0.000000
  0.000000
  0.000000
  0.000000
  0.000000
  0.000000
  0.000000
  0.000000
  0.000000
  0.000000
  0.000000
  0.000000
  0.000000
  0.000000
  0.000000
  0.000000
  0.000000
  0.000000
  0.371433
  0.377304
  0.374510
  0.374018
  0.378466
  0.377081
  0.364500
  0.363049
  0.387746
  0.406705
  0.369715
  0.265967
  0.000000
  0.000000
  0.000000
  0.000000
  0.000000
  0.000000
  0.000000
  0.000000
  0.000000
  0.000000
  0.000000
  0.000000
  0.000000
  0.000000
  0.000000
  0.000000
  0.000000
  0.000000
  0.374637
  0.381196
  0.378311
  0.377866
  0.382156
  0.381080
  0.369341
  0.367739
  0.390942
  0.409670
  0.376518
  0.280464
  0.000000
  0.000000
  0.000000
  0.000000
  0.000000
  0.000000
  0.000000
  0.000000
  0.000000
  0.000000
  0.000000
  0.000000
  0.000000
  0.000000
  0.000000
  0.000000
  0.000000
  0.000000
  0.378526
  0.385730
  0.382797
  0.382439
  0.386630
  0.385920
  0.375108
  0.373514
  0.395394
  0.413939
  0.384530
  0.296119
  0.000000
  0.000000
  0.000000
  0.000000
  0.000000
  0.000000
  0.000000
  0.000000
  0.000000
  0.000000
  0.000000
  0.000000
  0.000000
  0.000000
  0.000000
  0.000000
  0.000000
  0.000000
  0.382859
  0.390838
  0.387859
  0.387635
  0.391805
  0.391583
  0.381870
  0.380510
  0.401356
  0.420107
  0.394957
  0.315233
  0.000000
  0.000000
  0.000000
  0.000000
  0.000000
  0.000000
  0.000000
  0.000000
  0.000000
  0.000000
  0.000000
  0.000000
  0.000000
  0.000000
  0.000000
  0.000000
  0.000000
  0.000000
  0.387131
  0.396240
  0.393134
  0.393045
  0.397233
  0.397602
  0.389160
  0.388236
  0.408500
  0.428713
  0.410655
  0.344432
  0.000000
  0.000000
  0.000000
  0.000000
  0.000000
  0.000000
  0.000000
  0.000000
  0.000000
  0.000000
  0.000000
  0.000000
  0.000000
  0.000000
  0.000000
  0.000000
  0.000000
  0.000000
  0.390533
  0.401384
  0.397909
  0.397792
  0.401799
  0.402517
  0.394904
  0.393381
  0.411261
  0.430625
  0.416181
  0.364475
  0.063217
  0.000000
  0.000000
  0.000000
  0.000000
  0.000000
  0.000000
  0.000000
  0.000000
  0.000000
  0.000000
  0.000000
  0.000000
  0.000000
  0.000000
  0.000000
  0.000000
  0.000000
  0.392218
  0.405572
  0.401369
  0.400905
  0.404348
  0.404918
  0.397390
  0.394013
  0.407820
  0.424913
  0.412941
  0.374802
  0.119965
  0.000000
  0.000000
  0.000000
  0.000000
  0.000000
  0.000000
  0.000000
  0.000000
  0.000000
  0.000000
  0.000000
  0.000000
  0.000000
  0.000000
  0.000000
  0.000000
  0.000000
  0.391839
  0.408335
  0.403152
  0.402083
  0.404732
  0.404905
  0.397235
  0.391961
  0.402065
  0.417811
  0.409494
  0.383946
  0.166087
  0.000000
  0.000000
  0.000000
  0.000000
  0.000000
  0.000000
  0.000000
  0.000000
  0.000000
  0.000000
  0.000000
  0.000000
  0.000000
  0.000000
  0.000000
  0.000000
  0.000000
  0.389971
  0.409821
  0.403715
  0.402055
  0.404058
  0.404054
  0.396660
  0.390465
  0.398332
  0.413829
  0.409182
  0.392763
  0.204480
  0.000000
  0.000000
  0.000000
  0.000000
  0.000000
  0.000000
  0.000000
  0.000000
  0.000000
  0.000000
  0.000000
  0.000000
  0.000000
  0.000000
  0.000000
  0.000000
  0.000000
  0.387952
  0.410821
  0.404142
  0.402165
  0.403933
  0.404210
  0.397689
  0.391620
  0.398466
  0.414077
  0.412449
  0.402753
  0.239468
  0.000000
  0.000000
  0.000000
  0.000000
  0.000000
  0.000000
  0.000000
  0.000000
  0.000000
  0.000000
  0.000000
  0.000000
  0.000000
  0.000000
  0.000000
  0.000000
  0.000000
  0.387161
  0.412350
  0.405528
  0.403573
  0.405495
  0.406420
  0.401183
  0.395926
  0.402489
  0.418385
  0.419540
  0.415563
  0.275998
  0.000000
  0.000000
  0.000000
  0.000000
  0.000000
  0.000000
  0.000000
  0.000000
  0.000000
  0.000000
  0.000000
  0.000000
  0.000000
  0.000000
  0.000000
  0.000000
  0.000000
  0.388234
  0.415073
  0.408405
  0.406669
  0.408926
  0.410634
  0.406844
  0.402746
  0.409487
  0.426145
  0.431186
  0.435207
  0.324654
  0.000000
  0.000000
  0.000000
  0.000000
  0.000000
  0.000000
  0.000000
  0.000000
  0.000000
  0.000000
  0.000000
  0.000000
  0.000000
  0.000000
  0.000000
  0.000000
  0.000000
  0.390765
  0.419002
  0.412535
  0.410965
  0.413441
  0.415731
  0.413102
  0.409708
  0.415683
  0.431352
  0.437171
  0.443710
  0.364868
  0.082757
  0.000000
  0.000000
  0.000000
  0.000000
  0.000000
  0.000000
  0.000000
  0.000000
  0.000000
  0.000000
  0.000000
  0.000000
  0.000000
  0.000000
  0.000000
  0.000000
  0.393649
  0.423598
  0.417151
  0.415481
  0.417838
  0.420264
  0.418217
  0.414697
  0.418608
  0.431577
  0.436318
  0.443103
  0.392623
  0.163625
  0.000000
  0.000000
  0.000000
  0.000000
  0.000000
  0.000000
  0.000000
  0.000000
  0.000000
  0.000000
  0.000000
  0.000000
  0.000000
  0.000000
  0.000000
  0.000000
  0.395711
  0.428091
  0.421416
  0.419324
  0.421225
  0.423410
  0.421561
  0.417593
  0.419263
  0.429756
  0.434686
  0.443688
  0.418984
  0.241288
  0.000000
  0.000000
  0.000000
  0.000000
  0.000000
  0.000000
  0.000000
  0.000000
  0.000000
  0.000000
  0.000000
  0.000000
  0.000000
  0.000000
  0.000000
  0.000000
  0.396196
  0.431812
  0.424762
  0.422027
  0.423308
  0.425120
  0.423418
  0.419196
  0.419094
  0.427559
  0.432805
  0.442076
  0.434075
  0.304497
  0.069519
  0.000000
  0.000000
  0.000000
  0.000000
  0.000000
  0.000000
  0.000000
  0.000000
  0.000000
  0.000000
  0.000000
  0.000000
  0.000000
  0.000000
  0.000000
  0.394927
  0.434363
  0.426981
  0.423530
  0.424200
  0.425683
  0.424221
  0.420024
  0.418559
  0.424985
  0.429849
  0.437547
  0.439502
  0.351242
  0.146802
  0.000000
  0.000000
  0.000000
  0.000000
  0.000000
  0.000000
  0.000000
  0.000000
  0.000000
  0.000000
  0.000000
  0.000000
  0.000000
  0.000000
  0.000000
  0.392167
  0.435650
  0.428129
  0.424008
  0.424162
  0.425424
  0.424303
  0.420392
  0.418024
  0.422716
  0.427439
  0.434454
  0.444189
  0.392133
  0.229236
  0.000000
  0.000000
  0.000000
  0.000000
  0.000000
  0.000000
  0.000000
  0.000000
  0.000000
  0.000000
  0.000000
  0.000000
  0.000000
  0.000000
  0.000000
  0.388368
  0.435796
  0.428391
  0.423700
  0.423449
  0.424590
  0.423887
  0.420481
  0.417671
  0.421000
  0.425640
  0.431870
  0.444578
  0.417971
  0.297787
  0.079303
  0.000000
  0.000000
  0.000000
  0.000000
  0.000000
  0.000000
  0.000000
  0.000000
  0.000000
  0.000000
  0.000000
  0.000000
  0.000000
  0.000000
  0.383940
  0.435004
  0.427955
  0.422793
  0.422207
  0.423273
  0.422980
  0.420155
  0.417153
  0.419206
  0.423335
  0.428227
  0.440473
  0.431325
  0.351579
  0.170028
  0.000000
  0.000000
  0.000000
  0.000000
  0.000000
  0.000000
  0.000000
  0.000000
  0.000000
  0.000000
  0.000000
  0.000000
  0.000000
  0.000000
  0.379114
  0.433430
  0.426916
  0.421346
  0.420428
  0.421376
  0.421377
  0.419040
  0.415883
  0.416602
  0.419757
  0.423100
  0.433150
  0.434245
  0.386402
  0.244930
  0.060310
  0.000000
  0.000000
  0.000000
  0.000000
  0.000000
  0.000000
  0.000000
  0.000000
  0.000000
  0.000000
  0.000000
  0.000000
  0.000000
  0.373910
  0.431115
  0.425252
  0.419294
  0.417989
  0.418717
  0.418835
  0.416825
  0.413503
  0.412930
  0.414928
  0.416948
  0.424434
  0.430641
  0.406345
  0.304644
  0.136748
  0.000000
  0.000000
  0.000000
  0.000000
  0.000000
  0.000000
  0.000000
  0.000000
  0.000000
  0.000000
  0.000000
  0.000000
  0.000000
  0.368228
  0.428008
  0.422866
  0.416527
  0.414769
  0.415177
  0.415262
  0.413453
  0.410023
  0.408374
  0.409275
  0.410325
  0.415472
  0.423242
  0.414247
  0.345734
  0.203064
  0.045830
  0.000000
  0.000000
  0.000000
  0.000000
  0.000000
  0.000000
  0.000000
  0.000000
  0.000000
  0.000000
  0.000000
  0.000000
  0.361973
  0.424042
  0.419678
  0.412987
  0.410749
  0.410794
  0.410779
  0.409136
  0.405737
  0.403342
  0.403343
  0.403743
  0.407034
  0.414422
  0.414436
  0.371782
  0.258500
  0.106100
  0.000000
  0.000000
  0.000000
  0.000000
  0.000000
  0.000000
  0.000000
  0.000000
  0.000000
  0.000000
  0.000000
  0.000000
  0.355185
  0.419236
  0.415705
  0.408738
  0.406062
  0.405781
  0.405691
  0.404260
  0.401082
  0.398324
  0.397742
  0.397880
  0.400134
  0.406856
  0.412520
  0.390373
  0.307753
  0.175881
  0.000000
  0.000000
  0.000000
  0.000000
  0.000000
  0.000000
  0.000000
  0.000000
  0.000000
  0.000000
  0.000000
  0.000000
  0.348075
  0.413740
  0.411093
  0.403974
  0.400957
  0.400443
  0.400357
  0.399227
  0.396456
  0.393695
  0.392840
  0.392985
  0.394733
  0.400530
  0.408558
  0.399747
  0.342040
  0.232912
  0.061287
  0.000000
  0.000000
  0.000000
  0.000000
  0.000000
  0.000000
  0.000000
  0.000000
  0.000000
  0.000000
  0.000000
  0.340969
  0.407812
  0.406082
  0.398949
  0.395708
  0.395062
  0.395056
  0.394279
  0.392006
  0.389434
  0.388425
  0.388535
  0.389826
  0.394310
  0.402316
  0.401544
  0.364225
  0.280418
  0.133029
  0.000000
  0.000000
  0.000000
  0.000000
  0.000000
  0.000000
  0.000000
  0.000000
  0.000000
  0.000000
  0.000000
  0.334183
  0.401732
  0.400916
  0.393885
  0.390510
  0.389786
  0.389870
  0.389406
  0.387588
  0.385215
  0.384007
  0.383887
  0.384616
  0.387643
  0.394419
  0.397963
  0.375739
  0.313894
  0.191253
  0.044113
  0.000000
  0.000000
  0.000000
  0.000000
  0.000000
  0.000000
  0.000000
  0.000000
  0.000000
  0.000000
  0.327899
  0.395702
  0.395754
  0.388894
  0.385420
  0.384612
  0.384732
  0.384480
  0.382999
  0.380766
  0.379305
  0.378836
  0.379024
  0.380816
  0.386072
  0.391575
  0.379974
  0.336424
  0.238801
  0.100274
  0.000000
  0.000000
  0.000000
  0.000000
  0.000000
  0.000000
  0.000000
  0.000000
  0.000000
  0.000000
  0.322123
  0.389800
  0.390642
  0.383980
  0.380410
  0.379482
  0.379569
  0.379430
  0.378193
  0.376083
  0.374425
  0.373671
  0.373539
  0.374600
  0.378747
  0.385301
  0.381678
  0.354108
  0.281338
  0.163294
  0.000000
  0.000000
  0.000000
  0.000000
  0.000000
  0.000000
  0.000000
  0.000000
  0.000000
  0.000000
  0.316732
  0.384004
  0.385551
  0.379098
  0.375432
  0.374362
  0.374377
  0.374302
  0.373275
  0.371340
  0.369620
  0.368734
  0.368514
  0.369255
  0.372587
  0.379257
  0.380452
  0.364066
  0.310518
  0.212892
  0.054577
  0.000000
  0.000000
  0.000000
  0.000000
  0.000000
  0.000000
  0.000000
  0.000000
  0.000000
  0.311565
  0.378249
  0.380422
  0.374191
  0.370446
  0.369240
  0.369181
  0.369159
  0.368341
  0.366628
  0.364950
  0.364007
  0.363743
  0.364241
  0.366726
  0.372623
  0.376134
  0.367445
  0.329786
  0.253969
  0.118304
  0.000000
  0.000000
  0.000000
  0.000000
  0.000000
  0.000000
  0.000000
  0.000000
  0.000000
  0.306470
  0.372457
  0.375191
  0.369201
  0.365406
  0.364083
  0.363957
  0.363979
  0.363347
  0.361851
  0.360227
  0.359191
  0.358787
  0.358960
  0.360540
  0.365210
  0.369511
  0.365937
  0.340367
  0.282855
  0.169481
  0.037539
  0.000000
  0.000000
  0.000000
  0.000000
  0.000000
  0.000000
  0.000000
  0.000000
  0.301314
  0.366555
  0.369794
  0.364057
  0.360237
  0.358811
  0.358615
  0.358655
  0.358159
  0.356833
  0.355234
  0.354056
  0.353438
  0.353273
  0.354075
  0.357534
  0.361879
  0.361638
  0.345082
  0.302687
  0.211466
  0.086028
  0.000000
  0.000000
  0.000000
  0.000000
  0.000000
  0.000000
  0.000000
  0.000000
  0.295985
  0.360486
  0.364178
  0.358696
  0.354866
  0.353341
  0.353064
  0.353093
  0.352689
  0.351498
  0.349926
  0.348630
  0.347838
  0.347461
  0.347791
  0.350398
  0.354683
  0.356922
  0.347654
  0.318494
  0.248775
  0.139937
  0.000000
  0.000000
  0.000000
  0.000000
  0.000000
  0.000000
  0.000000
  0.000000
  0.290429
  0.354233
  0.358335
  0.353100
  0.349269
  0.347651
  0.347291
  0.347297
  0.346967
  0.345912
  0.344415
  0.343082
  0.342220
  0.341787
  0.341917
  0.343963
  0.348023
  0.351680
  0.347303
  0.327516
  0.274342
  0.181799
  0.043716
  0.000000
  0.000000
  0.000000
  0.000000
  0.000000
  0.000000
  0.000000
  0.284678
  0.347849
  0.352323
  0.347328
  0.343506
  0.341806
  0.341372
  0.341361
  0.341106
  0.340200
  0.338822
  0.337519
  0.336642
  0.336199
  0.336205
  0.337740
  0.341266
  0.345359
  0.344008
  0.331050
  0.291779
  0.217264
  0.095837
  0.000000
  0.000000
  0.000000
  0.000000
  0.000000
  0.000000
  0.000000
  0.278858
  0.341446
  0.346267
  0.341503
  0.337702
  0.335934
  0.335434
  0.335408
  0.335221
  0.334455
  0.333199
  0.331928
  0.331015
  0.330509
  0.330344
  0.331339
  0.334133
  0.338059
  0.338533
  0.330483
  0.302000
  0.243100
  0.138094
  0.029757
  0.000000
  0.000000
  0.000000
  0.000000
  0.000000
  0.000000
  0.273138
  0.335159
  0.340303
  0.335764
  0.331992
  0.330164
  0.329598
  0.329545
  0.329399
  0.328737
  0.327570
  0.326301
  0.325304
  0.324671
  0.324301
  0.324793
  0.326847
  0.330355
  0.331917
  0.327402
  0.307245
  0.261921
  0.174307
  0.068974
  0.000000
  0.000000
  0.000000
  0.000000
  0.000000
  0.000000
  0.267663
  0.329090
  0.334534
  0.330213
  0.326474
  0.324587
  0.323948
  0.323850
  0.323713
  0.323115
  0.322006
  0.320718
  0.319618
  0.318843
  0.318285
  0.318375
  0.319794
  0.322805
  0.324951
  0.322861
  0.308817
  0.274298
  0.202158
  0.102739
  0.020756
  0.000000
  0.000000
  0.000000
  0.000000
  0.000000
  0.262514
  0.323288
  0.329005
  0.324895
  0.321194
  0.319251
  0.318536
  0.318382
  0.318236
  0.317681
  0.316621
  0.315324
  0.314145
  0.313259
  0.312574
  0.312385
  0.313311
  0.315835
  0.318231
  0.317762
  0.308156
  0.282102
  0.223609
  0.133345
  0.048178
  0.000000
  0.000000
  0.000000
  0.000000
  0.000000
  0.257713
  0.317757
  0.323716
  0.319814
  0.316161
  0.314173
  0.313391
  0.313186
  0.313034
  0.312524
  0.311528
  0.310259
  0.309052
  0.308113
  0.307376
  0.307039
  0.307636
  0.309773
  0.312290
  0.313004
  0.306784
  0.287485
  0.240799
  0.161135
  0.078309
  0.000000
  0.000000
  0.000000
  0.000000
  0.000000
  0.253277
  0.312485
  0.318657
  0.314963
  0.311373
  0.309360
  0.308531
  0.308294
  0.308150
  0.307702
  0.306795
  0.305596
  0.304418
  0.303486
  0.302767
  0.302392
  0.302815
  0.304696
  0.307316
  0.308969
  0.305447
  0.291668
  0.255269
  0.186909
  0.110716
  0.000000
  0.000000
  0.000000
  0.000000
  0.000000
  0.249223
  0.307472
  0.313826
  0.310345
  0.306837
  0.304823
  0.303969
  0.303720
  0.303601
  0.303230
  0.302432
  0.301332
  0.300219
  0.299330
  0.298661
  0.298299
  0.298612
  0.300263
  0.302836
  0.304990
  0.303189
  0.293136
  0.264303
  0.204897
  0.133181
  0.027604
  0.000000
  0.000000
  0.000000
  0.000000
  0.245517
  0.302749
  0.309253
  0.305987
  0.302575
  0.300579
  0.299718
  0.299470
  0.299386
  0.299095
  0.298410
  0.297417
  0.296379
  0.295538
  0.294910
  0.294550
  0.294746
  0.296120
  0.298466
  0.300733
  0.299926
  0.292412
  0.269490
  0.218367
  0.152354
  0.058077
  0.000000
  0.000000
  0.000000
  0.000000
  0.242070
  0.298375
  0.304997
  0.301930
  0.298618
  0.296647
  0.295786
  0.295546
  0.295496
  0.295280
  0.294700
  0.293810
  0.292846
  0.292046
  0.291450
  0.291089
  0.291184
  0.292309
  0.294418
  0.296717
  0.296689
  0.291257
  0.273331
  0.229962
  0.170072
  0.086310
  0.000000
  0.000000
  0.000000
  0.000000
  0.238891
  0.294371
  0.301084
  0.298195
  0.294977
  0.293033
  0.292175
  0.291942
  0.291923
  0.291774
  0.291291
  0.290501
  0.289615
  0.288868
  0.288318
  0.287990
  0.288058
  0.289053
  0.291053
  0.293488
  0.294245
  0.290674
  0.276991
  0.240617
  0.186798
  0.112860
  0.000000
  0.000000
  0.000000
  0.000000
  0.236160
  0.290683
  0.297472
  0.294753
  0.291630
  0.289719
  0.288868
  0.288643
  0.288652
  0.288564
  0.288171
  0.287482
  0.286682
  0.286002
  0.285522
  0.285265
  0.285374
  0.286338
  0.288323
  0.290948
  0.292441
  0.290505
  0.280481
  0.250627
  0.203412
  0.139831
  0.000000
  0.000000
  0.000000
  0.000000
  0.234045
  0.287235
  0.294087
  0.291552
  0.288535
  0.286667
  0.285829
  0.285614
  0.285649
  0.285615
  0.285304
  0.284706
  0.283988
  0.283373
  0.282955
  0.282758
  0.282895
  0.283802
  0.285695
  0.288314
  0.290139
  0.289095
  0.281370
  0.256083
  0.212850
  0.156276
  0.029291
  0.000000
  0.000000
  0.000000
  0.232430
  0.284018
  0.290907
  0.288565
  0.285664
  0.283844
  0.283022
  0.282816
  0.282870
  0.282877
  0.282630
  0.282105
  0.281446
  0.280869
  0.280474
  0.280284
  0.280382
  0.281148
  0.282811
  0.285202
  0.287008
  0.286339
  0.280115
  0.258574
  0.219111
  0.169210
  0.060620
  0.000000
  0.000000
  0.000000
  0.230955
  0.281089
  0.287972
  0.285806
  0.283011
  0.281233
  0.280420
  0.280215
  0.280276
  0.280308
  0.280104
  0.279628
  0.279005
  0.278437
  0.278032
  0.277814
  0.277839
  0.278439
  0.279856
  0.282001
  0.283769
  0.283459
  0.278617
  0.260664
  0.225296
  0.181186
  0.088242
  0.000000
  0.000000
  0.000000
  0.229374
  0.278480
  0.285315
  0.283285
  0.280571
  0.278818
  0.278003
  0.277787
  0.277844
  0.277887
  0.277711
  0.277269
  0.276669
  0.276104
  0.275686
  0.275444
  0.275423
  0.275918
  0.277184
  0.279212
  0.281088
  0.281287
  0.277828
  0.263235
  0.231964
  0.192710
  0.112989
  0.000000
  0.000000
  0.000000
  0.227818
  0.276113
  0.282885
  0.280963
  0.278313
  0.276576
  0.275750
  0.275517
  0.275561
  0.275608
  0.275453
  0.275039
  0.274462
  0.273904
  0.273484
  0.273240
  0.273210
  0.273660
  0.274857
  0.276855
  0.278912
  0.279655
  0.277479
  0.265975
  0.238881
  0.204495
  0.137018
  0.000000
  0.000000
  0.000000
  0.226648
  0.273855
  0.280580
  0.278768
  0.276189
  0.274472
  0.273639
  0.273389
  0.273420
  0.273466
  0.273327
  0.272938
  0.272381
  0.271829
  0.271406
  0.271154
  0.271106
  0.271498
  0.272591
  0.274479
  0.276540
  0.277503
  0.275996
  0.266507
  0.242139
  0.210042
  0.151745
  0.025360
  0.000000
  0.000000
  0.226039
  0.271646
  0.278341
  0.276665
  0.274176
  0.272493
  0.271661
  0.271399
  0.271416
  0.271458
  0.271328
  0.270956
  0.270409
  0.269849
  0.269402
  0.269113
  0.269004
  0.269280
  0.270185
  0.271832
  0.273696
  0.274589
  0.273316
  0.265218
  0.243117
  0.212916
  0.163069
  0.052827
  0.000000
  0.000000
  0.225747
  0.269566
  0.276221
  0.274692
  0.272300
  0.270658
  0.269832
  0.269558
  0.269561
  0.269595
  0.269468
  0.269103
  0.268556
  0.267977
  0.267490
  0.267143
  0.266950
  0.267087
  0.267782
  0.269165
  0.270804
  0.271612
  0.270544
  0.263721
  0.243966
  0.215839
  0.172852
  0.076756
  0.000000
  0.000000
  0.225328
  0.267774
  0.274342
  0.272933
  0.270622
  0.269012
  0.268186
  0.267899
  0.267886
  0.267910
  0.267783
  0.267423
  0.266875
  0.266281
  0.265761
  0.265366
  0.265110
  0.265144
  0.265687
  0.266887
  0.268399
  0.269236
  0.268463
  0.262837
  0.245337
  0.219213
  0.181343
  0.096770
  0.000000
  0.000000
  0.224637
  0.266338
  0.272769
  0.271437
  0.269179
  0.267584
  0.266753
  0.266450
  0.266421
  0.266438
  0.266316
  0.265968
  0.265433
  0.264841
  0.264313
  0.263905
  0.263628
  0.263622
  0.264094
  0.265208
  0.266689
  0.267639
  0.267186
  0.262583
  0.247065
  0.222734
  0.188636
  0.113405
  0.000000
  0.000000
  0.224065
  0.265134
  0.271437
  0.270165
  0.267952
  0.266371
  0.265535
  0.265222
  0.265186
  0.265204
  0.265096
  0.264774
  0.264268
  0.263701
  0.263194
  0.262805
  0.262550
  0.262553
  0.263015
  0.264106
  0.265605
  0.266687
  0.266519
  0.262738
  0.248886
  0.226118
  0.194857
  0.127288
  0.000000
  0.000000
  0.224065
  0.264016
  0.270243
  0.269051
  0.266900
  0.265347
  0.264521
  0.264210
  0.264178
  0.264209
  0.264128
  0.263843
  0.263380
  0.262856
  0.262388
  0.262042
  0.261831
  0.261871
  0.262353
  0.263450
  0.264979
  0.266180
  0.266242
  0.263105
  0.250630
  0.229213
  0.200153
  0.138964
  0.000000
  0.000000
  0.224650
  0.262992
  0.269168
  0.268072
  0.266002
  0.264497
  0.263696
  0.263402
  0.263386
  0.263439
  0.263391
  0.263151
  0.262738
  0.262265
  0.261848
  0.261552
  0.261394
  0.261480
  0.261992
  0.263103
  0.264659
  0.265954
  0.266195
  0.263556
  0.252214
  0.231965
  0.204670
  0.148875
  0.000000
  0.000000
  0.225641
  0.262113
  0.268230
  0.267237
  0.265261
  0.263817
  0.263053
  0.262784
  0.262791
  0.262871
  0.262858
  0.262663
  0.262301
  0.261880
  0.261513
  0.261268
  0.261161
  0.261292
  0.261834
  0.262958
  0.264531
  0.265894
  0.266268
  0.264016
  0.253608
  0.234376
  0.208543
  0.157372
  0.000000
  0.000000
  0.226712
  0.261444
  0.267472
  0.266574
  0.264690
  0.263309
  0.262585
  0.262344
  0.262372
  0.262477
  0.262497
  0.262343
  0.262028
  0.261654
  0.261334
  0.261133
  0.261072
  0.261241
  0.261808
  0.262939
  0.264517
  0.265924
  0.266396
  0.264444
  0.254814
  0.236481
  0.211887
  0.164731
  0.000000
  0.000000
  0.227556
  0.261033
  0.266927
  0.266100
  0.264295
  0.262968
  0.262279
  0.262059
  0.262105
  0.262229
  0.262275
  0.262155
  0.261881
  0.261549
  0.261268
  0.261106
  0.261081
  0.261282
  0.261866
  0.262996
  0.264569
  0.265999
  0.266540
  0.264823
  0.255851
  0.238323
  0.214798
  0.171167
  0.000000
  0.000000
  0.228152
  0.260843
  0.266574
  0.265798
  0.264054
  0.262770
  0.262105
  0.261899
  0.261955
  0.262093
  0.262159
  0.262068
  0.261828
  0.261532
  0.261285
  0.261154
  0.261159
  0.261383
  0.261977
  0.263100
  0.264657
  0.266095
  0.266684
  0.265151
  0.256746
  0.239945
  0.217350
  0.176843
  0.000000
  0.000000
  0.228728
  0.260763
  0.266349
  0.265615
  0.263923
  0.262673
  0.262025
  0.261827
  0.261889
  0.262036
  0.262118
  0.262052
  0.261841
  0.261576
  0.261358
  0.261255
  0.261284
  0.261526
  0.262124
  0.263233
  0.264769
  0.266205
  0.266826
  0.265439
  0.257526
  0.241378
  0.219599
  0.181888
  0.000000
  0.000000
  0.229508
  0.260720
  0.266186
  0.265494
  0.263852
  0.262633
  0.261999
  0.261808
  0.261875
  0.262029
  0.262126
  0.262081
  0.261898
  0.261661
  0.261469
  0.261389
  0.261440
  0.261696
  0.262296
  0.263390
  0.264900
  0.266327
  0.266970
  0.265698
  0.258212
  0.242644
  0.221589
  0.186402
  0.000000
  0.000000
  0.230583
  0.260696
  0.266045
  0.265398
  0.263806
  0.262618
  0.262001
  0.261818
  0.261892
  0.262054
  0.262165
  0.262141
  0.261983
  0.261771
  0.261603
  0.261544
  0.261614
  0.261883
  0.262484
  0.263563
  0.265047
  0.266463
  0.267118
  0.265935
  0.258816
  0.243758
  0.223354
  0.190462
  0.000000
  0.000000
  0.231898
  0.260689
  0.265913
  0.265309
  0.263770
  0.262617
  0.262021
  0.261851
  0.261933
  0.262105
  0.262229
  0.262222
  0.262086
  0.261897
  0.261750
  0.261710
  0.261796
  0.262076
  0.262679
  0.263745
  0.265205
  0.266607
  0.267265
  0.266149
  0.259339
  0.244735
  0.224925
  0.194131
  0.000000
  0.000000
  0.233291
  0.260704
  0.265801
  0.265237
  0.263752
  0.262637
  0.262065
  0.261910
  0.262002
  0.262183
  0.262316
  0.262324
  0.262204
  0.262034
  0.261904
  0.261879
  0.261979
  0.262268
  0.262872
  0.263927
  0.265365
  0.266750
  0.267402
  0.266333
  0.259784
  0.245592
  0.226328
  0.197459
  0.000000
  0.000000
  0.234558
  0.260748
  0.265727
  0.265200
  0.263766
  0.262690
  0.262143
  0.262003
  0.262103
  0.262289
  0.262429
  0.262445
  0.262337
  0.262180
  0.262064
  0.262049
  0.262157
  0.262452
  0.263056
  0.264099
  0.265513
  0.266876
  0.267515
  0.266476
  0.260155
  0.246346
  0.227583
  0.200487
  0.000000
  0.000000
  0.235552
  0.260830
  0.265709
  0.265212
  0.263824
  0.262784
  0.262260
  0.262130
  0.262234
  0.262422
  0.262563
  0.262582
  0.262482
  0.262333
  0.262224
  0.262216
  0.262328
  0.262624
  0.263223
  0.264251
  0.265638
  0.266973
  0.267595
  0.266575
  0.260461
  0.247013
  0.228705
  0.203244
  0.000000
  0.000000
  0.236268
  0.260952
  0.265738
  0.265266
  0.263920
  0.262911
  0.262404
  0.262279
  0.262382
  0.262566
  0.262704
  0.262724
  0.262628
  0.262484
  0.262380
  0.262374
  0.262487
  0.262780
  0.263370
  0.264379
  0.265735
  0.267037
  0.267638
  0.266633
  0.260714
  0.247601
  0.229702
  0.205756
  0.000000
  0.000000
  0.236846
  0.261096
  0.265784
  0.265334
  0.264027
  0.263045
  0.262549
  0.262426
  0.262524
  0.262701
  0.262835
  0.262855
  0.262762
  0.262624
  0.262524
  0.262519
  0.262630
  0.262919
  0.263497
  0.264481
  0.265804
  0.267071
  0.267652
  0.266661
  0.260925
  0.248109
  0.230578
  0.208040
  0.000000
  0.000000
  0.237470
  0.261239
  0.265811
  0.265381
  0.264111
  0.263154
  0.262667
  0.262541
  0.262633
  0.262804
  0.262936
  0.262958
  0.262870
  0.262738
  0.262643
  0.262642
  0.262753
  0.263037
  0.263602
  0.264562
  0.265850
  0.267085
  0.267648
  0.266670
  0.261094
  0.248533
  0.231337
  0.210110
  0.000000
  0.000000
  0.238252
  0.261355
  0.265796
  0.265383
  0.264148
  0.263212
  0.262733
  0.262607
  0.262695
  0.262863
  0.262994
  0.263021
  0.262941
  0.262818
  0.262731
  0.262735
  0.262849
  0.263131
  0.263686
  0.264624
  0.265881
  0.267087
  0.267635
  0.266663
  0.261217
  0.248869
  0.231983
  0.211981
  0.000000
  0.000000
  0.239171
  0.261431
  0.265734
  0.265337
  0.264131
  0.263214
  0.262743
  0.262620
  0.262708
  0.262875
  0.263009
  0.263042
  0.262972
  0.262859
  0.262781
  0.262793
  0.262913
  0.263197
  0.263745
  0.264667
  0.265899
  0.267080
  0.267613
  0.266634
  0.261281
  0.249118
  0.232520
  0.213666
  0.000000
  0.000000
  0.240094
  0.261463
  0.265640
  0.265254
  0.264072
  0.263172
  0.262711
  0.262593
  0.262684
  0.262853
  0.262990
  0.263029
  0.262966
  0.262863
  0.262795
  0.262815
  0.262942
  0.263229
  0.263777
  0.264689
  0.265901
  0.267059
  0.267570
  0.266569
  0.261280
  0.249286
  0.232955
  0.215178
  0.000000
  0.000000
  0.240861
  0.261451
  0.265528
  0.265151
  0.263990
  0.263106
  0.262657
  0.262547
  0.262641
  0.262812
  0.262951
  0.262991
  0.262934
  0.262837
  0.262776
  0.262802
  0.262934
  0.263226
  0.263775
  0.264681
  0.265877
  0.267010
  0.267492
  0.266453
  0.261211
  0.249385
  0.233296
  0.216529
  0.000000
  0.000000
  0.241365
  0.261399
  0.265409
  0.265042
  0.263901
  0.263035
  0.262599
  0.262496
  0.262593
  0.262764
  0.262900
  0.262939
  0.262881
  0.262787
  0.262730
  0.262758
  0.262893
  0.263186
  0.263735
  0.264637
  0.265815
  0.266919
  0.267365
  0.266280
  0.261084
  0.249422
  0.233547
  0.217729
  0.000000
  0.000000
  0.241614
  0.261313
  0.265278
  0.264924
  0.263808
  0.262963
  0.262540
  0.262444
  0.262540
  0.262707
  0.262837
  0.262871
  0.262810
  0.262716
  0.262658
  0.262687
  0.262819
  0.263111
  0.263657
  0.264550
  0.265707
  0.266778
  0.267184
  0.266055
  0.260912
  0.249403
  0.233716
  0.218785
  0.000000
  0.000000
  0.241725
  0.261199
  0.265120
  0.264783
  0.263698
  0.262879
  0.262469
  0.262376
  0.262469
  0.262628
  0.262751
  0.262779
  0.262716
  0.262620
  0.262561
  0.262588
  0.262717
  0.263004
  0.263543
  0.264422
  0.265554
  0.266589
  0.266959
  0.265793
  0.260710
  0.249330
  0.233807
  0.219697
  0.000000
  0.000000
  0.241853
  0.261062
  0.264920
  0.264601
  0.263552
  0.262760
  0.262363
  0.262271
  0.262359
  0.262511
  0.262628
  0.262653
  0.262589
  0.262494
  0.262436
  0.262461
  0.262587
  0.262870
  0.263399
  0.264260
  0.265365
  0.266365
  0.266707
  0.265513
  0.260482
  0.249204
  0.233826
  0.220464
  0.000000
  0.000000
  0.242101
  0.260902
  0.264672
  0.264369
  0.263357
  0.262590
  0.262203
  0.262110
  0.262194
  0.262342
  0.262457
  0.262483
  0.262423
  0.262332
  0.262278
  0.262305
  0.262432
  0.262711
  0.263231
  0.264074
  0.265154
  0.266125
  0.266446
  0.265227
  0.260227
  0.249026
  0.233779
  0.221077
  0.000000
  0.000000
  0.242453
  0.260713
  0.264386
  0.264096
  0.263112
  0.262363
  0.261982
  0.261890
  0.261973
  0.262119
  0.262236
  0.262267
  0.262215
  0.262133
  0.262087
  0.262120
  0.262251
  0.262530
  0.263045
  0.263875
  0.264935
  0.265882
  0.266184
  0.264934
  0.259936
  0.248803
  0.233678
  0.221526
  0.000000
  0.000000
  0.242772
  0.260492
  0.264088
  0.263805
  0.262835
  0.262093
  0.261714
  0.261623
  0.261706
  0.261855
  0.261976
  0.262015
  0.261973
  0.261901
  0.261864
  0.261906
  0.262045
  0.262329
  0.262843
  0.263667
  0.264713
  0.265641
  0.265921
  0.264625
  0.259603
  0.248544
  0.233520
  0.221814
  0.000000
  0.000000
  0.242873
  0.260260
  0.263797
  0.263514
  0.262543
  0.261799
  0.261420
  0.261331
  0.261416
  0.261569
  0.261695
  0.261740
  0.261706
  0.261643
  0.261615
  0.261666
  0.261813
  0.262104
  0.262624
  0.263447
  0.264484
  0.265393
  0.265645
  0.264289
  0.259236
  0.248231
  0.233322
  0.221938
  0.000000
  0.000000
  0.242715
  0.260010
  0.263500
  0.263217
  0.262241
  0.261494
  0.261118
  0.261032
  0.261122
  0.261278
  0.261406
  0.261454
  0.261423
  0.261366
  0.261344
  0.261401
  0.261554
  0.261853
  0.262380
  0.263207
  0.264235
  0.265122
  0.265337
  0.263915
  0.258840
  0.247862
  0.233264
  0.221775
  0.000000
  0.000000
  0.242472
  0.259662
  0.263146
  0.262881
  0.261918
  0.261181
  0.260815
  0.260738
  0.260833
  0.260989
  0.261116
  0.261162
  0.261130
  0.261073
  0.261054
  0.261113
  0.261268
  0.261570
  0.262103
  0.262932
  0.263949
  0.264808
  0.264981
  0.263498
  0.258421
  0.247464
  0.233212
  0.221496
  0.000000
  0.000000
  0.242143
  0.259242
  0.262736
  0.262506
  0.261574
  0.260863
  0.260515
  0.260447
  0.260544
  0.260698
  0.260820
  0.260859
  0.260822
  0.260762
  0.260741
  0.260798
  0.260951
  0.261253
  0.261786
  0.262611
  0.263613
  0.264440
  0.264574
  0.263044
  0.257985
  0.247072
  0.232992
  0.221306
  0.000000
  0.000000
  0.241461
  0.258927
  0.262334
  0.262130
  0.261232
  0.260548
  0.260215
  0.260150
  0.260243
  0.260390
  0.260503
  0.260534
  0.260491
  0.260428
  0.260403
  0.260455
  0.260604
  0.260902
  0.261429
  0.262242
  0.263224
  0.264022
  0.264125
  0.262566
  0.257538
  0.246718
  0.232637
  0.221175
  0.000000
  0.000000
  0.240399
  0.258769
  0.261978
  0.261772
  0.260895
  0.260228
  0.259897
  0.259827
  0.259910
  0.260045
  0.260149
  0.260174
  0.260127
  0.260061
  0.260033
  0.260082
  0.260225
  0.260516
  0.261033
  0.261830
  0.262791
  0.263564
  0.263649
  0.262076
  0.257079
  0.246405
  0.232246
  0.221039
  0.000000
  0.000000
  0.239362
  0.258585
  0.261614
  0.261399
  0.260533
  0.259870
  0.259533
  0.259451
  0.259521
  0.259647
  0.259745
  0.259768
  0.259722
  0.259656
  0.259627
  0.259675
  0.259815
  0.260100
  0.260604
  0.261384
  0.262325
  0.263081
  0.263157
  0.261575
  0.256598
  0.246080
  0.231900
  0.220902
  0.000000
  0.000000
  0.238757
  0.258164
  0.261165
  0.260963
  0.260108
  0.259444
  0.259099
  0.259007
  0.259070
  0.259191
  0.259290
  0.259317
  0.259276
  0.259215
  0.259188
  0.259236
  0.259376
  0.259656
  0.260150
  0.260913
  0.261837
  0.262579
  0.262646
  0.261050
  0.256084
  0.245697
  0.231633
  0.220803
  0.000000
  0.000000
  0.238543
  0.257477
  0.260609
  0.260452
  0.259614
  0.258949
  0.258600
  0.258505
  0.258568
  0.258693
  0.258798
  0.258833
  0.258800
  0.258744
  0.258721
  0.258771
  0.258911
  0.259187
  0.259673
  0.260424
  0.261330
  0.262055
  0.262103
  0.260480
  0.255527
  0.245281
  0.231382
  0.220767
  0.000000
  0.000000
  0.238087
  0.256794
  0.260036
  0.259928
  0.259097
  0.258426
  0.258074
  0.257981
  0.258050
  0.258182
  0.258294
  0.258337
  0.258309
  0.258257
  0.258236
  0.258286
  0.258425
  0.258699
  0.259179
  0.259917
  0.260805
  0.261504
  0.261522
  0.259861
  0.254939
  0.244844
  0.231096
  0.220716
  0.000000
  0.000000
  0.236658
  0.256471
  0.259535
  0.259447
  0.258610
  0.257927
  0.257571
  0.257480
  0.257553
  0.257689
  0.257803
  0.257847
  0.257819
  0.257766
  0.257744
  0.257791
  0.257927
  0.258197
  0.258670
  0.259393
  0.260251
  0.260905
  0.260861
  0.259140
  0.254256
  0.244337
  0.230786
  0.220728
  0.000000
  0.000000
  0.236511
  0.258262
  0.261291
  0.261186
  0.260311
  0.259599
  0.259230
  0.259136
  0.259208
  0.259344
  0.259455
  0.259491
  0.259454
  0.259392
  0.259362
  0.259404
  0.259537
  0.259810
  0.260292
  0.261029
  0.261900
  0.262553
  0.262490
  0.260727
  0.255794
  0.245744
  0.231898
  0.221714
  0.000000
