   5.4339240e+05   5.4037000e+06   2.0081847e-01
   5.4340400e+05   5.4037050e+06   2.1812005e-01
   5.4339210e+05   5.4037060e+06  -4.0015462e-02
   5.4340370e+05   5.4037090e+06  -2.1767678e-02
   5.4339170e+05   5.4037100e+06  -3.2679683e-02
   5.4342260e+05   5.4037110e+06   2.2876741e-01
   5.4340360e+05   5.4037130e+06   5.0804222e-03
   5.4342860e+05   5.4037130e+06   1.7242810e-01
   5.4339140e+05   5.4037140e+06  -9.8234301e-03
   5.4343560e+05   5.4037140e+06   1.6381699e-01
   5.4342210e+05   5.4037160e+06  -3.7794591e-02
   5.4344790e+05   5.4037180e+06   1.7514470e-01
   5.4340300e+05   5.4037190e+06  -6.9922164e-03
   5.4342840e+05   5.4037190e+06  -5.4715040e-03
   5.4339100e+05   5.4037200e+06   1.7451187e-02
   5.4342170e+05   5.4037200e+06  -8.1937995e-03
   5.4343500e+05   5.4037200e+06   1.7783641e-02
   5.4346180e+05   5.4037220e+06   1.3442554e-01
   5.4343480e+05   5.4037230e+06  -6.4440633e-03
   5.4344750e+05   5.4037230e+06  -3.7971636e-03
   5.4340270e+05   5.4037240e+06   1.1139288e-02
   5.4342140e+05   5.4037240e+06  -2.0060950e-02
   5.4346430e+05   5.4037240e+06   1.5906467e-01
   5.4339060e+05   5.4037250e+06   5.4236148e-03
   5.4342810e+05   5.4037250e+06   1.1258971e-02
   5.4343440e+05   5.4037270e+06  -2.6006069e-02
   5.4344700e+05   5.4037270e+06   1.1320976e-02
   5.4346400e+05   5.4037280e+06  -2.1560422e-02
   5.4340240e+05   5.4037290e+06   1.1837942e-02
   5.4342090e+05   5.4037290e+06  -4.1912929e-04
   5.4342790e+05   5.4037290e+06   1.0582190e-02
   5.4347470e+05   5.4037290e+06   1.9324496e-01
   5.4346390e+05   5.4037300e+06   1.1665172e-02
   5.4347580e+05   5.4037300e+06   2.0704855e-01
   5.4343410e+05   5.4037310e+06  -1.2940369e-02
   5.4344680e+05   5.4037310e+06  -5.7630607e-03
   5.4346200e+05   5.4037310e+06  -6.2773879e-02
   5.4339020e+05   5.4037320e+06  -1.8358839e-03
   5.4340210e+05   5.4037330e+06  -9.5997361e-04
   5.4346200e+05   5.4037330e+06  -8.2268865e-02
   5.4347540e+05   5.4037330e+06  -3.0941346e-02
   5.4342760e+05   5.4037340e+06   6.7917678e-03
   5.4346350e+05   5.4037340e+06   2.8539314e-02
   5.4347480e+05   5.4037340e+06  -2.1309024e-02
   5.4348930e+05   5.4037340e+06   2.0145222e-01
   5.4343380e+05   5.4037350e+06  -1.2962269e-02
   5.4344650e+05   5.4037350e+06  -2.7338391e-03
   5.4347510e+05   5.4037350e+06  -7.4475594e-03
   5.4342030e+05   5.4037360e+06  -3.5507652e-03
   5.4347470e+05   5.4037360e+06  -1.2517335e-02
   5.4346220e+05   5.4037370e+06  -5.1624828e-02
   5.4349730e+05   5.4037370e+06   2.6453683e-01
   5.4350360e+05   5.4037370e+06   2.0976174e-01
   5.4338970e+05   5.4037380e+06   8.6402902e-03
   5.4340180e+05   5.4037380e+06   6.3917150e-03
   5.4344610e+05   5.4037380e+06  -1.1704617e-02
   5.4346310e+05   5.4037380e+06  -8.7530871e-03
   5.4347480e+05   5.4037390e+06  -7.7520317e-03
   5.4348910e+05   5.4037390e+06  -5.6684288e-02
   5.4342730e+05   5.4037400e+06   1.3643272e-02
   5.4343340e+05   5.4037400e+06  -2.2258575e-03
   5.4347450e+05   5.4037400e+06   1.5158971e-02
   5.4351660e+05   5.4037400e+06   2.1700607e-01
   5.4346220e+05   5.4037410e+06  -1.9206675e-02
   5.4353010e+05   5.4037410e+06   4.0143945e-02
   5.4344580e+05   5.4037420e+06  -1.8200528e-03
   5.4340130e+05   5.4037430e+06   1.6626306e-02
   5.4341960e+05   5.4037430e+06   1.7597889e-02
   5.4346270e+05   5.4037430e+06  -5.9576913e-03
   5.4347490e+05   5.4037430e+06  -1.9025383e-02
   5.4349740e+05   5.4037430e+06   2.5769077e-02
   5.4350360e+05   5.4037430e+06  -6.8889235e-02
   5.4351660e+05   5.4037430e+06  -3.6484301e-02
   5.4348900e+05   5.4037440e+06  -5.7846966e-02
   5.4353720e+05   5.4037440e+06   1.2652201e-01
   5.4338930e+05   5.4037450e+06  -8.7874011e-03
   5.4346230e+05   5.4037450e+06  -1.5484103e-02
   5.4342700e+05   5.4037460e+06   1.7394723e-02
   5.4344540e+05   5.4037460e+06   1.1655409e-02
   5.4347390e+05   5.4037460e+06  -1.1900237e-02
   5.4347490e+05   5.4037460e+06  -1.7657757e-02
   5.4352980e+05   5.4037460e+06  -9.6333826e-02
   5.4343280e+05   5.4037470e+06   7.2017942e-03
   5.4349740e+05   5.4037470e+06   3.4458892e-02
   5.4340100e+05   5.4037480e+06   2.3253034e-02
   5.4350340e+05   5.4037480e+06  -3.8806544e-02
   5.4352980e+05   5.4037480e+06  -3.8814670e-02
   5.4355940e+05   5.4037480e+06   2.4395356e-01
   5.4346210e+05   5.4037490e+06  -1.3617018e-03
   5.4351660e+05   5.4037490e+06   1.0624670e-02
   5.4341890e+05   5.4037500e+06   5.6071240e-03
   5.4346240e+05   5.4037500e+06  -4.0042216e-03
   5.4347500e+05   5.4037500e+06   4.7427441e-03
   5.4344500e+05   5.4037510e+06   2.0883905e-03
   5.4347330e+05   5.4037510e+06   4.0489182e-03
   5.4349750e+05   5.4037510e+06   1.4206135e-02
   5.4338880e+05   5.4037520e+06   7.6523483e-03
   5.4342680e+05   5.4037520e+06   1.2581530e-02
   5.4348900e+05   5.4037520e+06  -1.8244591e-02
   5.4350350e+05   5.4037520e+06  -2.9332454e-02
   5.4355930e+05   5.4037520e+06  -2.0166201e-02
   5.4357980e+05   5.4037520e+06   8.4262375e-02
   5.4358300e+05   5.4037520e+06   8.1501055e-02
   5.4340080e+05   5.4037530e+06  -6.7125594e-03
   5.4343220e+05   5.4037530e+06   1.7157704e-02
   5.4351660e+05   5.4037530e+06  -9.7393404e-03
   5.4352940e+05   5.4037530e+06   9.5149604e-03
   5.4356730e+05   5.4037530e+06   1.8367912e-01
   5.4347510e+05   5.4037550e+06   6.4920844e-03
   5.4349760e+05   5.4037550e+06  -2.6664908e-03
   5.4353720e+05   5.4037550e+06   9.5713984e-02
   5.4355910e+05   5.4037550e+06  -1.4883443e-02
   5.4360160e+05   5.4037550e+06   1.4976280e-01
   5.4344460e+05   5.4037560e+06   1.7928021e-02
   5.4346160e+05   5.4037560e+06   1.5083694e-02
   5.4346260e+05   5.4037560e+06  -2.1525066e-04
   5.4350340e+05   5.4037560e+06  -2.3230607e-02
   5.4357950e+05   5.4037560e+06  -1.2084354e-01
   5.4359030e+05   5.4037560e+06   2.2379770e-01
   5.4359580e+05   5.4037560e+06   2.0654454e-01
   5.4341830e+05   5.4037570e+06  -1.0254974e-02
   5.4342640e+05   5.4037570e+06  -3.8174142e-03
   5.4347280e+05   5.4037570e+06   1.7446385e-02
   5.4340030e+05   5.4037580e+06  -3.0100528e-03
   5.4348880e+05   5.4037580e+06  -6.2173087e-03
   5.4351660e+05   5.4037580e+06  -1.7333931e-02
   5.4352910e+05   5.4037580e+06  -4.0134090e-02
   5.4353720e+05   5.4037580e+06   5.0694459e-02
   5.4355900e+05   5.4037580e+06  -2.7667018e-02
   5.4358320e+05   5.4037580e+06  -7.1846332e-02
   5.4338830e+05   5.4037590e+06   4.1121504e-03
   5.4349760e+05   5.4037590e+06   8.6778892e-03
   5.4357910e+05   5.4037590e+06  -1.8896016e-02
   5.4343160e+05   5.4037600e+06   3.3340369e-03
   5.4344420e+05   5.4037600e+06   9.0659631e-03
   5.4360180e+05   5.4037600e+06  -2.1260950e-02
   5.4363480e+05   5.4037600e+06   7.7787335e-02
   5.4347530e+05   5.4037610e+06   5.0248549e-03
   5.4350340e+05   5.4037610e+06  -4.9265435e-03
   5.4353720e+05   5.4037610e+06   4.5719103e-02
   5.4358330e+05   5.4037610e+06   1.6918760e-02
   5.4359010e+05   5.4037610e+06   4.7365752e-02
   5.4359590e+05   5.4037610e+06  -3.4998470e-02
   5.4346100e+05   5.4037620e+06   1.8765172e-03
   5.4355870e+05   5.4037620e+06  -6.1649842e-02
   5.4356660e+05   5.4037620e+06   6.8829868e-02
   5.4361740e+05   5.4037620e+06   1.5033525e-01
   5.4364540e+05   5.4037620e+06   7.6334248e-02
   5.4340010e+05   5.4037630e+06   1.8940501e-02
   5.4342630e+05   5.4037630e+06   1.2812995e-02
   5.4346280e+05   5.4037630e+06   6.3919261e-03
   5.4347190e+05   5.4037630e+06   2.0852982e-02
   5.4349770e+05   5.4037630e+06   2.3197863e-02
   5.4357880e+05   5.4037630e+06   6.6930871e-03
   5.4351660e+05   5.4037640e+06   5.7899208e-03
   5.4352890e+05   5.4037640e+06  -3.0270106e-02
   5.4358340e+05   5.4037640e+06  -1.2525013e-02
   5.4358980e+05   5.4037640e+06   3.8350765e-02
   5.4359600e+05   5.4037640e+06  -1.1662269e-04
   5.4363450e+05   5.4037640e+06  -8.0668470e-02
   5.4365840e+05   5.4037640e+06   1.3511979e-01
   5.4341760e+05   5.4037650e+06   8.2762533e-03
   5.4353730e+05   5.4037650e+06   4.5146306e-02
   5.4360190e+05   5.4037650e+06  -2.1802045e-02
   5.4364470e+05   5.4037650e+06   1.9190132e-01
   5.4338780e+05   5.4037660e+06   1.8734617e-02
   5.4344380e+05   5.4037660e+06  -1.5529024e-02
   5.4347540e+05   5.4037660e+06   2.2321530e-02
   5.4348890e+05   5.4037660e+06   3.1612137e-03
   5.4350330e+05   5.4037660e+06   4.9062797e-03
   5.4355850e+05   5.4037670e+06  -5.9420712e-02
   5.4368890e+05   5.4037670e+06   1.9144261e-01
   5.4339980e+05   5.4037680e+06   1.3692348e-02
   5.4343100e+05   5.4037680e+06   2.3424011e-02
   5.4346040e+05   5.4037680e+06   2.0218786e-02
   5.4349760e+05   5.4037680e+06   8.9876517e-03
   5.4353720e+05   5.4037680e+06   7.7021636e-03
   5.4356620e+05   5.4037680e+06   8.5199894e-02
   5.4357830e+05   5.4037680e+06  -2.3746227e-02
   5.4358350e+05   5.4037680e+06  -3.7946306e-02
   5.4358940e+05   5.4037680e+06   5.1133351e-02
   5.4360210e+05   5.4037680e+06   2.1636385e-02
   5.4364540e+05   5.4037680e+06  -3.8990185e-02
   5.4342600e+05   5.4037690e+06  -2.5118734e-03
   5.4346290e+05   5.4037690e+06  -1.3580119e-02
   5.4352860e+05   5.4037690e+06  -1.5581082e-02
   5.4359600e+05   5.4037690e+06   3.4612137e-03
   5.4363410e+05   5.4037690e+06  -4.2803509e-02
   5.4365840e+05   5.4037690e+06   1.2462797e-02
   5.4347110e+05   5.4037700e+06  -2.4114776e-03
   5.4351670e+05   5.4037700e+06   9.9639842e-03
   5.4344330e+05   5.4037710e+06   6.4172032e-03
   5.4360230e+05   5.4037710e+06   1.7284156e-02
   5.4361730e+05   5.4037710e+06  -3.6270910e-02
   5.4364460e+05   5.4037710e+06   7.9081003e-03
   5.4365840e+05   5.4037710e+06   1.4778892e-03
   5.4371120e+05   5.4037710e+06   3.8771873e-02
   5.4339930e+05   5.4037720e+06   1.3167704e-02
   5.4341690e+05   5.4037720e+06   1.2552902e-02
   5.4347550e+05   5.4037720e+06   1.3159103e-02
   5.4355830e+05   5.4037720e+06  -3.4577256e-02
   5.4356580e+05   5.4037720e+06   3.8790607e-02
   5.4358360e+05   5.4037720e+06  -4.3312296e-02
   5.4358920e+05   5.4037720e+06   9.4830607e-03
   5.4359610e+05   5.4037720e+06  -2.6924248e-02
   5.4364550e+05   5.4037720e+06   1.5312533e-02
   5.4368850e+05   5.4037720e+06   2.2981398e-02
   5.4370310e+05   5.4037720e+06   7.9596412e-02
   5.4350320e+05   5.4037730e+06  -4.2008443e-03
   5.4353720e+05   5.4037730e+06   5.4446438e-03
   5.4357780e+05   5.4037730e+06  -2.6817810e-02
   5.4363380e+05   5.4037730e+06   1.4900871e-02
   5.4365850e+05   5.4037730e+06  -2.1092942e-02
   5.4338720e+05   5.4037740e+06   2.5864697e-02
   5.4348870e+05   5.4037740e+06  -4.3386280e-03
   5.4349770e+05   5.4037740e+06   2.3246095e-02
   5.4360230e+05   5.4037740e+06  -3.0602164e-02
   5.4364450e+05   5.4037740e+06   2.4778628e-02
   5.4371930e+05   5.4037740e+06   1.4497425e-01
   5.4380280e+05   5.4037740e+06   9.4377836e-02
   5.4342560e+05   5.4037750e+06  -2.8683377e-03
   5.4343050e+05   5.4037750e+06   2.3324208e-02
   5.4345990e+05   5.4037750e+06   1.8038391e-02
   5.4352830e+05   5.4037750e+06  -3.0455805e-03
   5.4361730e+05   5.4037750e+06   3.1758377e-02
   5.4368820e+05   5.4037750e+06  -3.9220712e-02
   5.4371080e+05   5.4037750e+06  -1.2477757e-01
   5.4373790e+05   5.4037750e+06   1.4519459e-01
   5.4375870e+05   5.4037750e+06   1.3793806e-01
   5.4378300e+05   5.4037750e+06   1.3591161e-01
   5.4346310e+05   5.4037760e+06   9.1500792e-03
   5.4351670e+05   5.4037760e+06   6.1527177e-03
   5.4358880e+05   5.4037760e+06  -7.5468074e-03
   5.4359610e+05   5.4037760e+06  -2.4743984e-02
   5.4364560e+05   5.4037760e+06   4.6685277e-02
   5.4365850e+05   5.4037760e+06  -1.8152243e-02
   5.4375680e+05   5.4037760e+06   1.6606259e-01
   5.4377100e+05   5.4037760e+06   1.5696966e-01
   5.4339890e+05   5.4037770e+06   1.5987678e-02
   5.4344280e+05   5.4037770e+06   2.6018311e-02
   5.4353730e+05   5.4037770e+06   8.7296702e-03
   5.4355800e+05   5.4037770e+06  -2.4298945e-02
   5.4356560e+05   5.4037770e+06   1.6785435e-02
   5.4358370e+05   5.4037770e+06  -2.1116214e-02
   5.4361720e+05   5.4037770e+06   4.9100000e-02
   5.4363340e+05   5.4037770e+06  -1.6256966e-02
   5.4364440e+05   5.4037770e+06   5.0950554e-02
   5.4368800e+05   5.4037770e+06  -3.6886280e-02
   5.4379760e+05   5.4037770e+06   1.6629451e-01
   5.4381810e+05   5.4037770e+06   1.5601208e-01
   5.4347040e+05   5.4037780e+06   6.1835356e-03
   5.4347560e+05   5.4037780e+06   1.6843905e-02
   5.4357740e+05   5.4037780e+06  -9.6744063e-03
   5.4360250e+05   5.4037780e+06  -2.1139842e-02
   5.4371030e+05   5.4037780e+06  -5.0374459e-02
   5.4382510e+05   5.4037780e+06   1.7423979e-01
   5.4349780e+05   5.4037790e+06   4.2721108e-03
   5.4359620e+05   5.4037790e+06  -1.0458206e-02
   5.4365850e+05   5.4037790e+06   2.9643338e-02
   5.4370190e+05   5.4037790e+06  -2.7339525e-02
   5.4372020e+05   5.4037790e+06   9.3122164e-03
   5.4341620e+05   5.4037800e+06   2.3687863e-02
   5.4350310e+05   5.4037800e+06  -1.0705805e-02
   5.4361730e+05   5.4037800e+06   2.7744855e-02
   5.4364420e+05   5.4037800e+06   3.0111082e-02
   5.4375690e+05   5.4037800e+06   2.3425726e-02
   5.4384910e+05   5.4037800e+06   2.7290897e-02
   5.4338660e+05   5.4037810e+06   1.7093694e-02
   5.4342530e+05   5.4037810e+06   1.6691728e-02
   5.4352790e+05   5.4037810e+06  -4.1034433e-03
   5.4364570e+05   5.4037810e+06  -1.6297625e-03
   5.4368740e+05   5.4037810e+06   8.4749340e-04
   5.4370170e+05   5.4037810e+06   3.7410290e-03
   5.4370980e+05   5.4037810e+06   9.3572559e-03
   5.4372050e+05   5.4037810e+06  -1.0646438e-04
   5.4380360e+05   5.4037810e+06  -1.6018417e-02
   5.4383540e+05   5.4037810e+06   2.7736248e-01
   5.4342980e+05   5.4037820e+06   7.7864908e-03
   5.4344240e+05   5.4037820e+06   3.8223747e-03
   5.4345930e+05   5.4037820e+06   2.1249868e-03
   5.4346330e+05   5.4037820e+06   1.0911319e-02
   5.4348860e+05   5.4037820e+06   2.9448971e-02
   5.4351670e+05   5.4037820e+06   1.3662559e-02
   5.4353730e+05   5.4037820e+06   2.5751451e-02
   5.4355780e+05   5.4037820e+06  -6.6591029e-03
   5.4356520e+05   5.4037820e+06   1.6824908e-02
   5.4358840e+05   5.4037820e+06   5.1559894e-03
   5.4360270e+05   5.4037820e+06  -1.0913668e-02
   5.4361720e+05   5.4037820e+06   1.6536148e-03
   5.4363290e+05   5.4037820e+06  -3.5548602e-02
   5.4378370e+05   5.4037820e+06  -6.2455805e-02
   5.4380380e+05   5.4037820e+06  -9.1389974e-03
   5.4385690e+05   5.4037820e+06   8.3055620e-02
   5.4339850e+05   5.4037830e+06   1.4294921e-02
   5.4357680e+05   5.4037830e+06  -4.7859631e-03
   5.4358390e+05   5.4037830e+06  -3.6370580e-03
   5.4359620e+05   5.4037830e+06  -5.1345646e-03
   5.4364410e+05   5.4037830e+06  -1.2677098e-02
   5.4365850e+05   5.4037830e+06   5.6027375e-02
   5.4372090e+05   5.4037830e+06  -2.4595752e-02
   5.4373900e+05   5.4037830e+06  -3.3144327e-02
   5.4375710e+05   5.4037830e+06  -2.5601174e-02
   5.4380390e+05   5.4037830e+06   1.2073061e-02
   5.4381860e+05   5.4037830e+06  -4.2549499e-02
   5.4382550e+05   5.4037830e+06  -4.4542876e-03
   5.4384930e+05   5.4037830e+06  -1.3899240e-01
   5.4370130e+05   5.4037840e+06   3.4295515e-03
   5.4370940e+05   5.4037840e+06   3.9931398e-03
   5.4378390e+05   5.4037840e+06  -6.9725066e-02
   5.4379810e+05   5.4037840e+06   2.3514116e-02
   5.4383560e+05   5.4037840e+06   2.2160422e-03
   5.4387390e+05   5.4037840e+06   1.6919678e-01
   5.4347580e+05   5.4037850e+06   2.1002375e-02
   5.4349790e+05   5.4037850e+06   1.4301517e-02
   5.4361710e+05   5.4037850e+06  -4.8014512e-03
   5.4364570e+05   5.4037850e+06  -3.2426913e-02
   5.4368690e+05   5.4037850e+06   3.0665303e-02
   5.4372130e+05   5.4037850e+06  -2.3331794e-02
   5.4373920e+05   5.4037850e+06  -4.1113720e-02
   5.4377190e+05   5.4037850e+06  -3.4419987e-02
   5.4380410e+05   5.4037850e+06  -7.5782322e-03
   5.4389140e+05   5.4037850e+06   2.0589710e-01
   5.4346940e+05   5.4037860e+06  -3.6927177e-03
   5.4352760e+05   5.4037860e+06  -1.4678417e-02
   5.4360280e+05   5.4037860e+06  -1.2443694e-02
   5.4364400e+05   5.4037860e+06  -2.1286544e-02
   5.4365860e+05   5.4037860e+06  -6.3612137e-03
   5.4375730e+05   5.4037860e+06  -4.5576306e-02
   5.4379830e+05   5.4037860e+06  -2.2586280e-02
   5.4381880e+05   5.4037860e+06  -5.3333404e-02
   5.4382580e+05   5.4037860e+06  -2.6281953e-02
   5.4341550e+05   5.4037870e+06   6.2424142e-03
   5.4342510e+05   5.4037870e+06   1.5926082e-02
   5.4350310e+05   5.4037870e+06  -5.7130475e-03
   5.4355760e+05   5.4037870e+06  -8.4580475e-03
   5.4356490e+05   5.4037870e+06   2.5675475e-02
   5.4358800e+05   5.4037870e+06   2.0520844e-02
   5.4359630e+05   5.4037870e+06   3.7080475e-03
   5.4361700e+05   5.4037870e+06  -4.6577836e-03
   5.4363260e+05   5.4037870e+06  -2.7251135e-02
   5.4370080e+05   5.4037870e+06   2.2972823e-02
   5.4370900e+05   5.4037870e+06   1.5757256e-02
   5.4380430e+05   5.4037870e+06  -3.5238602e-02
   5.4384960e+05   5.4037870e+06  -2.3243166e-02
   5.4387410e+05   5.4037870e+06  -9.9617322e-02
   5.4389130e+05   5.4037870e+06  -8.5094987e-02
   5.4339820e+05   5.4037880e+06   6.5759367e-03
   5.4344180e+05   5.4037880e+06   3.0869129e-03
   5.4351660e+05   5.4037880e+06   3.2407704e-02
   5.4353730e+05   5.4037880e+06   2.2547230e-02
   5.4373950e+05   5.4037880e+06  -2.5657256e-02
   5.4377210e+05   5.4037880e+06  -2.4131319e-02
   5.4378430e+05   5.4037880e+06  -3.3734301e-02
   5.4383580e+05   5.4037880e+06  -3.3102164e-02
   5.4385750e+05   5.4037880e+06  -5.5746702e-02
   5.4342930e+05   5.4037890e+06   4.9648681e-03
   5.4345880e+05   5.4037890e+06   1.2441530e-02
   5.4346350e+05   5.4037890e+06   1.6032256e-02
   5.4357630e+05   5.4037890e+06  -2.2380343e-03
   5.4358400e+05   5.4037890e+06  -7.2717678e-04
   5.4364400e+05   5.4037890e+06  -1.1780739e-02
   5.4364590e+05   5.4037890e+06  -9.5990501e-03
   5.4365860e+05   5.4037890e+06  -3.2864776e-02
   5.4372180e+05   5.4037890e+06  -9.1183113e-03
   5.4379840e+05   5.4037890e+06  -2.8572823e-02
   5.4381910e+05   5.4037890e+06  -2.2811293e-02
   5.4382590e+05   5.4037890e+06  -2.0437322e-02
   5.4338610e+05   5.4037900e+06   1.5855145e-02
   5.4361700e+05   5.4037900e+06   1.4823219e-02
   5.4375760e+05   5.4037900e+06  -1.1488127e-02
   5.4376030e+05   5.4037900e+06  -2.9043536e-03
   5.4380460e+05   5.4037900e+06  -1.5558839e-02
   5.4387420e+05   5.4037900e+06   7.5675462e-03
   5.4347590e+05   5.4037910e+06  -8.3089314e-03
   5.4348860e+05   5.4037910e+06   1.3757863e-02
   5.4349790e+05   5.4037910e+06   8.7551979e-03
   5.4359640e+05   5.4037910e+06  -1.1523852e-02
   5.4360310e+05   5.4037910e+06  -2.7070844e-03
   5.4368640e+05   5.4037910e+06  -5.8008443e-03
   5.4370040e+05   5.4037910e+06   4.4796623e-02
   5.4370840e+05   5.4037910e+06   2.8222480e-02
   5.4377240e+05   5.4037910e+06  -7.0759367e-03
   5.4389110e+05   5.4037910e+06  -1.1583113e-02
   5.4346880e+05   5.4037920e+06   1.6176042e-02
   5.4352730e+05   5.4037920e+06  -7.3593668e-04
   5.4356450e+05   5.4037920e+06   3.1984301e-02
   5.4364380e+05   5.4037920e+06  -5.1134037e-03
   5.4365870e+05   5.4037920e+06  -1.7562084e-02
   5.4372240e+05   5.4037920e+06   3.4381425e-02
   5.4379860e+05   5.4037920e+06  -1.7954090e-02
   5.4381930e+05   5.4037920e+06  -1.7610633e-02
   5.4383610e+05   5.4037920e+06  -2.9161398e-02
   5.4384990e+05   5.4037920e+06   1.0264828e-02
   5.4385770e+05   5.4037920e+06  -5.0470712e-03
   5.4353730e+05   5.4037930e+06   2.2829340e-02
   5.4355720e+05   5.4037930e+06  -1.3909024e-02
   5.4358760e+05   5.4037930e+06   1.7074459e-02
   5.4361710e+05   5.4037930e+06   5.6331266e-03
   5.4363230e+05   5.4037930e+06  -1.6001715e-03
   5.4374010e+05   5.4037930e+06   1.8525594e-03
   5.4377270e+05   5.4037930e+06  -1.0707375e-02
   5.4378480e+05   5.4037930e+06   6.8121372e-03
   5.4380490e+05   5.4037930e+06  -1.5603206e-02
   5.4382630e+05   5.4037930e+06  -1.1875106e-02
   5.4339780e+05   5.4037940e+06   7.2220053e-03
   5.4341490e+05   5.4037940e+06   3.2382850e-02
   5.4342460e+05   5.4037940e+06   1.2632190e-02
   5.4344130e+05   5.4037940e+06   1.3282111e-02
   5.4350290e+05   5.4037940e+06  -2.0762612e-02
   5.4357580e+05   5.4037940e+06  -2.5594723e-03
   5.4358420e+05   5.4037940e+06  -5.0079156e-05
   5.4364590e+05   5.4037940e+06   9.9653562e-03
   5.4369980e+05   5.4037940e+06   2.4026649e-02
   5.4375780e+05   5.4037940e+06   1.0992718e-02
   5.4376070e+05   5.4037940e+06   5.9742216e-03
   5.4351680e+05   5.4037950e+06   1.6347493e-02
   5.4359640e+05   5.4037950e+06   6.5242744e-03
   5.4361690e+05   5.4037950e+06   3.6996702e-03
   5.4365880e+05   5.4037950e+06  -5.5036939e-03
   5.4372290e+05   5.4037950e+06   4.5361807e-02
   5.4381940e+05   5.4037950e+06   5.6924802e-03
   5.4383640e+05   5.4037950e+06  -1.8094195e-02
   5.4385010e+05   5.4037950e+06  -9.3395778e-03
   5.4387440e+05   5.4037950e+06   1.9065963e-03
   5.4342860e+05   5.4037960e+06   1.7085224e-02
   5.4345820e+05   5.4037960e+06   3.1513931e-02
   5.4364380e+05   5.4037960e+06   2.3553034e-03
   5.4368580e+05   5.4037960e+06  -2.4322269e-02
   5.4370780e+05   5.4037960e+06  -1.1803061e-02
   5.4379890e+05   5.4037960e+06   1.6583113e-03
   5.4385800e+05   5.4037960e+06   3.1978892e-04
   5.4389110e+05   5.4037960e+06   8.1794195e-04
   5.4346370e+05   5.4037970e+06   3.1604499e-02
   5.4349810e+05   5.4037970e+06   9.4141425e-03
   5.4360330e+05   5.4037970e+06   7.7873747e-03
   5.4363180e+05   5.4037970e+06  -3.5797098e-03
   5.4376100e+05   5.4037970e+06   1.8447098e-02
   5.4377300e+05   5.4037970e+06   1.3537071e-02
   5.4338560e+05   5.4037980e+06   4.9114512e-03
   5.4347600e+05   5.4037980e+06   8.4585752e-03
   5.4352690e+05   5.4037980e+06   2.4299103e-02
   5.4356410e+05   5.4037980e+06   2.3910580e-02
   5.4358710e+05   5.4037980e+06   2.0684881e-02
   5.4361690e+05   5.4037980e+06   1.0586596e-02
   5.4365870e+05   5.4037980e+06   3.5047493e-04
   5.4369910e+05   5.4037980e+06  -6.6405013e-03
   5.4372330e+05   5.4037980e+06   2.6760501e-02
   5.4375800e+05   5.4037980e+06   3.1880739e-02
   5.4380540e+05   5.4037980e+06   2.3748179e-02
   5.4383660e+05   5.4037980e+06   6.4166755e-03
   5.4346800e+05   5.4037990e+06   9.7187335e-03
   5.4348840e+05   5.4037990e+06   1.4258522e-02
   5.4353740e+05   5.4037990e+06   4.4739789e-02
   5.4355690e+05   5.4037990e+06  -1.2174393e-02
   5.4359650e+05   5.4037990e+06  -5.9676121e-03
   5.4364600e+05   5.4037990e+06   1.7976253e-03
   5.4374080e+05   5.4037990e+06   4.1498364e-02
   5.4378530e+05   5.4037990e+06   6.8547493e-03
   5.4381960e+05   5.4037990e+06   2.0459050e-02
   5.4385830e+05   5.4037990e+06   1.2017361e-02
   5.4339740e+05   5.4038000e+06   5.7197889e-03
   5.4341430e+05   5.4038000e+06   1.8835224e-02
   5.4344070e+05   5.4038000e+06  -1.6155673e-03
   5.4350290e+05   5.4038000e+06  -8.0616095e-03
   5.4357520e+05   5.4038000e+06   6.3166227e-04
   5.4358430e+05   5.4038000e+06  -6.5077836e-03
   5.4361690e+05   5.4038000e+06   9.4610818e-03
   5.4377340e+05   5.4038000e+06   2.8934301e-02
   5.4379910e+05   5.4038000e+06   2.8092612e-02
   5.4385040e+05   5.4038000e+06   1.1836412e-02
   5.4389110e+05   5.4038000e+06   9.1556728e-03
   5.4342430e+05   5.4038010e+06  -3.2182058e-04
   5.4351680e+05   5.4038010e+06  -8.5261741e-03
   5.4364360e+05   5.4038010e+06   9.8909235e-03
   5.4368530e+05   5.4038010e+06  -5.8149604e-03
   5.4370710e+05   5.4038010e+06  -2.5088575e-02
   5.4372380e+05   5.4038010e+06   1.3834222e-02
   5.4376140e+05   5.4038010e+06   5.0818734e-02
   5.4382680e+05   5.4038010e+06   3.0471293e-02
   5.4387460e+05   5.4038010e+06   1.1661794e-02
   5.4345760e+05   5.4038020e+06   2.0038522e-02
   5.4365880e+05   5.4038020e+06   1.0123799e-02
   5.4375830e+05   5.4038020e+06  -2.2082823e-02
   5.4381990e+05   5.4038020e+06   2.4033325e-02
   5.4383680e+05   5.4038020e+06   1.6604644e-02
   5.4342790e+05   5.4038030e+06  -1.0293747e-02
   5.4356380e+05   5.4038030e+06   3.4887546e-02
   5.4359650e+05   5.4038030e+06   4.3629288e-03
   5.4360350e+05   5.4038030e+06   1.4958377e-02
   5.4361680e+05   5.4038030e+06   4.3775726e-03
   5.4363140e+05   5.4038030e+06   1.2668285e-02
   5.4369860e+05   5.4038030e+06  -2.3371240e-03
   5.4379930e+05   5.4038030e+06   2.3238417e-02
   5.4380590e+05   5.4038030e+06   4.3992348e-03
   5.4385850e+05   5.4038030e+06   2.6166755e-02
   5.4346390e+05   5.4038040e+06   4.7431135e-03
   5.4349810e+05   5.4038040e+06   2.7703668e-02
   5.4352670e+05   5.4038040e+06  -1.3225066e-02
   5.4372430e+05   5.4038040e+06  -1.6068391e-02
   5.4377380e+05   5.4038040e+06  -7.7862797e-04
   5.4382000e+05   5.4038040e+06  -8.6965699e-03
   5.4347620e+05   5.4038050e+06   1.6222955e-02
   5.4355660e+05   5.4038050e+06   1.0965699e-03
   5.4358440e+05   5.4038050e+06   2.0056728e-02
   5.4358660e+05   5.4038050e+06   3.3383245e-02
   5.4364340e+05   5.4038050e+06  -1.2233509e-03
   5.4364610e+05   5.4038050e+06   6.9651055e-03
   5.4365880e+05   5.4038050e+06   1.4488127e-03
   5.4374160e+05   5.4038050e+06  -6.9102902e-03
   5.4389100e+05   5.4038050e+06   8.2058047e-03
   5.4338490e+05   5.4038060e+06   1.6136517e-02
   5.4339700e+05   5.4038060e+06   1.0323219e-02
   5.4346720e+05   5.4038060e+06  -1.3102164e-02
   5.4353740e+05   5.4038060e+06   4.2319156e-02
   5.4357480e+05   5.4038060e+06   2.0278945e-02
   5.4361690e+05   5.4038060e+06   1.8502902e-02
   5.4368480e+05   5.4038060e+06  -5.1359367e-03
   5.4375840e+05   5.4038060e+06  -2.3463747e-02
   5.4376190e+05   5.4038060e+06   3.9909763e-02
   5.4378600e+05   5.4038060e+06  -2.2017942e-02
   5.4383720e+05   5.4038060e+06  -4.2498153e-03
   5.4385070e+05   5.4038060e+06   1.2925277e-02
   5.4385870e+05   5.4038060e+06  -9.5546174e-04
   5.4387480e+05   5.4038060e+06  -1.0150501e-02
   5.4341380e+05   5.4038070e+06   3.3793852e-02
   5.4342420e+05   5.4038070e+06  -1.2933140e-02
   5.4344030e+05   5.4038070e+06   1.5213958e-02
   5.4350280e+05   5.4038070e+06  -2.4068602e-03
   5.4369790e+05   5.4038070e+06  -3.4102770e-03
   5.4370630e+05   5.4038070e+06  -1.3943193e-02
   5.4372480e+05   5.4038070e+06  -2.2096464e-02
   5.4377410e+05   5.4038070e+06  -2.0110224e-02
   5.4379960e+05   5.4038070e+06  -2.6763061e-03
   5.4382030e+05   5.4038070e+06   2.5979288e-03
   5.4348830e+05   5.4038080e+06   2.8450106e-02
   5.4356360e+05   5.4038080e+06   6.8073773e-02
   5.4359660e+05   5.4038080e+06   2.8922216e-02
   5.4360370e+05   5.4038080e+06   1.7354538e-02
   5.4363090e+05   5.4038080e+06   3.3726385e-03
   5.4351680e+05   5.4038090e+06   1.3415356e-02
   5.4361680e+05   5.4038090e+06   3.0684169e-02
   5.4364610e+05   5.4038090e+06   2.1966095e-03
   5.4365890e+05   5.4038090e+06   1.0895501e-02
   5.4380640e+05   5.4038090e+06   5.5284433e-03
   5.4382750e+05   5.4038090e+06   1.0254947e-02
   5.4383740e+05   5.4038090e+06   1.9818206e-03
   5.4345690e+05   5.4038100e+06   3.1845778e-02
   5.4349810e+05   5.4038100e+06   1.4492084e-02
   5.4355620e+05   5.4038100e+06  -4.5604485e-02
   5.4358610e+05   5.4038100e+06   1.5626385e-02
   5.4364330e+05   5.4038100e+06   3.1453826e-03
   5.4368420e+05   5.4038100e+06   2.7712401e-03
   5.4372530e+05   5.4038100e+06  -1.3484828e-02
   5.4377440e+05   5.4038100e+06  -1.5708179e-02
   5.4382050e+05   5.4038100e+06  -2.0059367e-03
   5.4385910e+05   5.4038100e+06   1.0410026e-02
   5.4389090e+05   5.4038100e+06   8.5751979e-03
   5.4339660e+05   5.4038110e+06  -7.3932454e-03
   5.4342740e+05   5.4038110e+06   4.4376860e-02
   5.4352630e+05   5.4038110e+06   8.3788918e-04
   5.4358460e+05   5.4038110e+06   3.4594406e-02
   5.4374220e+05   5.4038110e+06   1.5528232e-02
   5.4375880e+05   5.4038110e+06  -2.1244591e-02
   5.4376240e+05   5.4038110e+06   2.8800475e-02
   5.4379990e+05   5.4038110e+06   5.4906201e-03
   5.4347630e+05   5.4038120e+06  -6.7898945e-03
   5.4357410e+05   5.4038120e+06  -3.0653351e-02
   5.4361670e+05   5.4038120e+06   4.2909446e-02
   5.4365890e+05   5.4038120e+06   1.9890633e-02
   5.4369730e+05   5.4038120e+06   1.5376913e-02
   5.4370560e+05   5.4038120e+06   3.0050660e-03
   5.4385110e+05   5.4038120e+06   1.2828839e-02
   5.4387490e+05   5.4038120e+06   8.9152770e-03
   5.4342380e+05   5.4038130e+06  -3.2694380e-02
   5.4343960e+05   5.4038130e+06  -1.3920053e-02
   5.4346410e+05   5.4038130e+06   2.1431926e-02
   5.4346630e+05   5.4038130e+06   6.3907652e-03
   5.4353740e+05   5.4038130e+06   4.1505726e-02
   5.4356310e+05   5.4038130e+06   6.1047546e-02
   5.4359680e+05   5.4038130e+06  -3.3435356e-03
   5.4372590e+05   5.4038130e+06   3.3073879e-03
   5.4378660e+05   5.4038130e+06   3.3814248e-03
   5.4382070e+05   5.4038130e+06  -9.5616227e-03
   5.4383770e+05   5.4038130e+06  -7.2201847e-03
   5.4385930e+05   5.4038130e+06  -5.2132322e-03
   5.4338440e+05   5.4038140e+06  -2.2291609e-02
   5.4341310e+05   5.4038140e+06   6.4694459e-03
   5.4350270e+05   5.4038140e+06  -9.1936675e-04
   5.4360390e+05   5.4038140e+06   3.3836412e-04
   5.4364630e+05   5.4038140e+06   4.9404855e-02
   5.4377480e+05   5.4038140e+06  -7.4226913e-04
   5.4380700e+05   5.4038140e+06   5.4836412e-03
   5.4389080e+05   5.4038140e+06  -1.5356201e-03
   5.4361670e+05   5.4038150e+06   6.3929947e-02
   5.4363040e+05   5.4038150e+06   3.9518470e-02
   5.4364300e+05   5.4038150e+06   5.2665567e-02
   5.4365890e+05   5.4038150e+06   3.3104420e-02
   5.4368360e+05   5.4038150e+06   1.6352507e-02
   5.4375910e+05   5.4038150e+06  -1.9318470e-02
   5.4380010e+05   5.4038150e+06  -2.3114116e-03
   5.4351680e+05   5.4038160e+06  -1.0044960e-02
   5.4358470e+05   5.4038160e+06   1.2538945e-02
   5.4372630e+05   5.4038160e+06   1.4129947e-02
   5.4374280e+05   5.4038160e+06   4.2949868e-03
   5.4376290e+05   5.4038160e+06   2.1306412e-02
   5.4382810e+05   5.4038160e+06   1.1976570e-02
   5.4339620e+05   5.4038170e+06   1.4607916e-03
   5.4348830e+05   5.4038170e+06   3.7796108e-02
   5.4349820e+05   5.4038170e+06   2.1875119e-02
   5.4355600e+05   5.4038170e+06  -1.9620844e-02
   5.4358560e+05   5.4038170e+06   1.0017573e-02
   5.4369640e+05   5.4038170e+06   2.6376781e-02
   5.4377510e+05   5.4038170e+06  -1.1819644e-02
   5.4382090e+05   5.4038170e+06  -4.5592744e-03
   5.4383800e+05   5.4038170e+06  -7.4802111e-03
   5.4387510e+05   5.4038170e+06   1.3202533e-02
   5.4342680e+05   5.4038180e+06   1.2864591e-02
   5.4352590e+05   5.4038180e+06  -7.6889182e-04
   5.4357360e+05   5.4038180e+06  -2.4632929e-02
   5.4359680e+05   5.4038180e+06  -2.1018997e-02
   5.4361660e+05   5.4038180e+06   5.3864274e-02
   5.4375910e+05   5.4038180e+06  -1.8439446e-02
   5.4385140e+05   5.4038180e+06   8.9120844e-03
   5.4385970e+05   5.4038180e+06   1.0914617e-02
   5.4342350e+05   5.4038190e+06  -1.7250858e-02
   5.4345610e+05   5.4038190e+06   2.1907797e-02
   5.4346560e+05   5.4038190e+06  -2.8566755e-02
   5.4356270e+05   5.4038190e+06   3.0657836e-02
   5.4364290e+05   5.4038190e+06  -1.0944472e-02
   5.4364640e+05   5.4038190e+06   3.5193193e-02
   5.4370480e+05   5.4038190e+06   1.4673404e-02
   5.4372690e+05   5.4038190e+06   7.0448549e-03
   5.4380040e+05   5.4038190e+06  -2.0858575e-03
   5.4341250e+05   5.4038200e+06   1.5587071e-02
   5.4347650e+05   5.4038200e+06   1.2306728e-02
   5.4350260e+05   5.4038200e+06   6.6525066e-03
   5.4360420e+05   5.4038200e+06  -8.2733509e-03
   5.4363000e+05   5.4038200e+06  -1.9208443e-02
   5.4365900e+05   5.4038200e+06   1.7083113e-02
   5.4368320e+05   5.4038200e+06   3.0101847e-02
   5.4374320e+05   5.4038200e+06   1.5887071e-02
   5.4378730e+05   5.4038200e+06   5.2191293e-03
   5.4380760e+05   5.4038200e+06   8.9720317e-03
   5.4382120e+05   5.4038200e+06  -5.5414248e-03
   5.4383830e+05   5.4038200e+06   3.4036939e-04
   5.4389080e+05   5.4038200e+06   1.1662269e-02
   5.4343890e+05   5.4038210e+06   3.6519393e-03
   5.4346430e+05   5.4038210e+06   2.9961148e-02
   5.4353740e+05   5.4038210e+06   5.5400237e-02
   5.4361650e+05   5.4038210e+06   1.6022032e-02
   5.4377550e+05   5.4038210e+06   3.5443931e-03
   5.4338390e+05   5.4038220e+06  -1.8765172e-03
   5.4355560e+05   5.4038220e+06  -2.9387018e-02
   5.4369550e+05   5.4038220e+06   4.4302902e-02
   5.4376360e+05   5.4038220e+06   4.6209604e-02
   5.4386000e+05   5.4038220e+06  -5.8205805e-03
   5.4387520e+05   5.4038220e+06  -3.3773087e-05
   5.4339580e+05   5.4038230e+06   3.9310554e-03
   5.4349830e+05   5.4038230e+06   4.1903166e-03
   5.4351680e+05   5.4038230e+06  -2.1409657e-02
   5.4357300e+05   5.4038230e+06  -4.1714908e-02
   5.4358490e+05   5.4038230e+06   4.4533219e-02
   5.4359690e+05   5.4038230e+06  -3.4449776e-02
   5.4372760e+05   5.4038230e+06   4.5378100e-02
   5.4374360e+05   5.4038230e+06   2.6662164e-02
   5.4375950e+05   5.4038230e+06   9.5720317e-03
   5.4380070e+05   5.4038230e+06   9.4059894e-03
   5.4382860e+05   5.4038230e+06   2.1345172e-02
   5.4383840e+05   5.4038230e+06  -4.8601055e-03
   5.4358500e+05   5.4038240e+06   2.1575198e-02
   5.4364270e+05   5.4038240e+06  -1.9156966e-02
   5.4364640e+05   5.4038240e+06  -1.4394934e-02
   5.4365910e+05   5.4038240e+06  -1.0393905e-02
   5.4377580e+05   5.4038240e+06   1.7756728e-03
   5.4382140e+05   5.4038240e+06   1.0687071e-03
   5.4385180e+05   5.4038240e+06   4.8322427e-03
   5.4342610e+05   5.4038250e+06   1.2027243e-02
   5.4348820e+05   5.4038250e+06   1.2160686e-02
   5.4352560e+05   5.4038250e+06  -7.3580475e-03
   5.4360450e+05   5.4038250e+06  -1.5059697e-02
   5.4361660e+05   5.4038250e+06   1.5177836e-02
   5.4370390e+05   5.4038250e+06   5.1909301e-02
   5.4389060e+05   5.4038250e+06   7.9683377e-03
   5.4341180e+05   5.4038260e+06   1.7663166e-02
   5.4342310e+05   5.4038260e+06  -2.4324828e-02
   5.4350260e+05   5.4038260e+06  -1.9776781e-03
   5.4356230e+05   5.4038260e+06   5.9306570e-02
   5.4362950e+05   5.4038260e+06   2.6456464e-03
   5.4368260e+05   5.4038260e+06   2.8999789e-02
   5.4380820e+05   5.4038260e+06   2.6104063e-02
   5.4346490e+05   5.4038270e+06  -1.8340435e-02
   5.4365910e+05   5.4038270e+06  -1.4011992e-02
   5.4372830e+05   5.4038270e+06   4.6270053e-02
   5.4374410e+05   5.4038270e+06   5.5014222e-02
   5.4378800e+05   5.4038270e+06   3.1373615e-02
   5.4380100e+05   5.4038270e+06   1.5600000e-02
   5.4383880e+05   5.4038270e+06   1.1640264e-02
   5.4386040e+05   5.4038270e+06   1.9863325e-03
   5.4343830e+05   5.4038280e+06  -2.9861214e-03
   5.4345530e+05   5.4038280e+06   1.1062691e-02
   5.4347670e+05   5.4038280e+06   4.5554354e-03
   5.4359700e+05   5.4038280e+06  -3.0785488e-02
   5.4364650e+05   5.4038280e+06  -3.9072559e-03
   5.4369460e+05   5.4038280e+06   1.6285330e-02
   5.4375980e+05   5.4038280e+06   2.1492929e-02
   5.4376420e+05   5.4038280e+06   7.0795303e-02
   5.4377620e+05   5.4038280e+06   1.5219894e-02
   5.4382160e+05   5.4038280e+06  -4.1210554e-03
   5.4387540e+05   5.4038280e+06   1.7477836e-02
   5.4353740e+05   5.4038290e+06   3.4274960e-02
   5.4355540e+05   5.4038290e+06  -1.9063298e-02
   5.4357240e+05   5.4038290e+06  -2.3783325e-02
   5.4361640e+05   5.4038290e+06   2.5256306e-02
   5.4364250e+05   5.4038290e+06  -2.8737137e-02
   5.4338340e+05   5.4038300e+06  -7.8517150e-03
   5.4346460e+05   5.4038300e+06   1.7558575e-02
   5.4351690e+05   5.4038300e+06  -1.8398021e-02
   5.4358450e+05   5.4038300e+06   5.3905013e-03
   5.4358510e+05   5.4038300e+06   5.0684433e-02
   5.4370310e+05   5.4038300e+06  -3.4005673e-02
   5.4382920e+05   5.4038300e+06   2.5033245e-02
   5.4385210e+05   5.4038300e+06   1.5431794e-02
   5.4389050e+05   5.4038300e+06   2.9551451e-03
   5.4339530e+05   5.4038310e+06  -3.1061557e-02
   5.4349840e+05   5.4038310e+06   8.4701319e-03
   5.4362910e+05   5.4038310e+06   2.6648021e-02
   5.4368190e+05   5.4038310e+06  -2.7873364e-02
   5.4380130e+05   5.4038310e+06   2.5331029e-02
   5.4383910e+05   5.4038310e+06   2.0604657e-02
   5.4386070e+05   5.4038310e+06   1.0225330e-02
   5.4342560e+05   5.4038320e+06   2.5222375e-02
   5.4352510e+05   5.4038320e+06   2.1087863e-03
   5.4356190e+05   5.4038320e+06   4.3851741e-02
   5.4360470e+05   5.4038320e+06   6.2094459e-03
   5.4365910e+05   5.4038320e+06  -1.2457520e-03
   5.4372910e+05   5.4038320e+06  -1.7773034e-02
   5.4374460e+05   5.4038320e+06   7.7881583e-02
   5.4377660e+05   5.4038320e+06   2.6715673e-02
   5.4380890e+05   5.4038320e+06   3.7139472e-02
   5.4341140e+05   5.4038330e+06   1.7981609e-02
   5.4342280e+05   5.4038330e+06  -3.3049182e-02
   5.4350260e+05   5.4038330e+06  -5.1724274e-03
   5.4359700e+05   5.4038330e+06  -2.6099077e-02
   5.4361640e+05   5.4038330e+06   9.7624802e-03
   5.4364660e+05   5.4038330e+06   2.3846174e-02
   5.4376010e+05   5.4038330e+06  -4.8170633e-02
   5.4378860e+05   5.4038330e+06   4.2284354e-02
   5.4382210e+05   5.4038330e+06   2.5094723e-02
   5.4387560e+05   5.4038330e+06   1.7056728e-02
   5.4346410e+05   5.4038340e+06  -1.8362876e-02
   5.4347670e+05   5.4038340e+06   5.4197889e-04
   5.4348810e+05   5.4038340e+06   1.2631689e-02
   5.4357190e+05   5.4038340e+06  -3.9129578e-02
   5.4369380e+05   5.4038340e+06  -1.1273351e-02
   5.4376480e+05   5.4038340e+06   1.1998712e-01
   5.4380150e+05   5.4038340e+06   8.0282322e-03
   5.4343760e+05   5.4038350e+06  -5.3934037e-03
   5.4355510e+05   5.4038350e+06  -2.3437071e-02
   5.4364240e+05   5.4038350e+06  -2.5112401e-02
   5.4377700e+05   5.4038350e+06  -4.6501319e-02
   5.4383940e+05   5.4038350e+06   7.0117414e-03
   5.4386100e+05   5.4038350e+06   1.6526385e-02
   5.4389040e+05   5.4038350e+06   2.6655673e-02
   5.4358410e+05   5.4038360e+06  -6.8806596e-03
   5.4362860e+05   5.4038360e+06   2.0332454e-03
   5.4382960e+05   5.4038360e+06   1.8596306e-02
   5.4385260e+05   5.4038360e+06   4.2250660e-02
   5.4345460e+05   5.4038370e+06   3.7397520e-02
   5.4349840e+05   5.4038370e+06  -8.3977309e-03
   5.4351680e+05   5.4038370e+06  -1.2874828e-02
   5.4353750e+05   5.4038370e+06   1.9414248e-02
   5.4364670e+05   5.4038370e+06   1.2360818e-02
   5.4368120e+05   5.4038370e+06  -4.8553562e-03
   5.4370240e+05   5.4038370e+06  -1.9300528e-02
   5.4374510e+05   5.4038370e+06   9.1125198e-03
   5.4376030e+05   5.4038370e+06  -8.9355383e-02
   5.4382230e+05   5.4038370e+06  -1.6192348e-02
   5.4338280e+05   5.4038380e+06  -6.4311662e-02
   5.4339460e+05   5.4038380e+06  -3.7342164e-02
   5.4342500e+05   5.4038380e+06   5.2546174e-03
   5.4346480e+05   5.4038380e+06   6.6272296e-03
   5.4356140e+05   5.4038380e+06   5.2036781e-02
   5.4358530e+05   5.4038380e+06   5.3442533e-02
   5.4360490e+05   5.4038380e+06  -3.1955145e-04
   5.4361630e+05   5.4038380e+06   2.2599631e-02
   5.4365920e+05   5.4038380e+06  -6.3137731e-03
   5.4373000e+05   5.4038380e+06  -3.6831135e-02
   5.4380950e+05   5.4038380e+06   4.4555937e-02
   5.4341080e+05   5.4038390e+06  -1.7609288e-02
   5.4350240e+05   5.4038390e+06   1.1084697e-02
   5.4352480e+05   5.4038390e+06   2.0581214e-02
   5.4359710e+05   5.4038390e+06  -1.5988905e-02
   5.4377740e+05   5.4038390e+06  -6.1210237e-02
   5.4380180e+05   5.4038390e+06  -1.7880897e-02
   5.4386130e+05   5.4038390e+06  -1.4295515e-02
   5.4387580e+05   5.4038390e+06   2.1660290e-02
   5.4357130e+05   5.4038400e+06  -1.8655541e-02
   5.4362820e+05   5.4038400e+06  -1.4541953e-02
   5.4376540e+05   5.4038400e+06   5.7900792e-02
   5.4378930e+05   5.4038400e+06  -6.0381266e-03
   5.4383970e+05   5.4038400e+06  -2.0397757e-02
   5.4389030e+05   5.4038400e+06  -2.4142480e-03
   5.4342240e+05   5.4038410e+06  -1.6477625e-02
   5.4347680e+05   5.4038410e+06  -1.8394670e-02
   5.4364220e+05   5.4038410e+06  -1.7482665e-02
   5.4369290e+05   5.4038410e+06   9.9226781e-03
   5.4343710e+05   5.4038420e+06  -2.1026807e-02
   5.4346320e+05   5.4038420e+06  -5.3856464e-03
   5.4355470e+05   5.4038420e+06  -2.4813193e-03
   5.4358360e+05   5.4038420e+06   1.4085805e-02
   5.4361630e+05   5.4038420e+06   2.5760396e-02
   5.4364680e+05   5.4038420e+06   1.5372982e-02
   5.4370160e+05   5.4038420e+06  -2.3416675e-02
   5.4374580e+05   5.4038420e+06  -8.7154617e-03
   5.4376060e+05   5.4038420e+06  -5.1569446e-02
   5.4382260e+05   5.4038420e+06  -3.3914617e-02
   5.4385290e+05   5.4038420e+06   1.0255884e-02
   5.4348790e+05   5.4038430e+06  -2.2289182e-03
   5.4365930e+05   5.4038430e+06  -1.0953536e-02
   5.4368060e+05   5.4038430e+06   8.9183377e-03
   5.4373090e+05   5.4038430e+06  -2.3602322e-02
   5.4377770e+05   5.4038430e+06  -5.5178285e-02
   5.4383030e+05   5.4038430e+06  -6.1150396e-04
   5.4386160e+05   5.4038430e+06  -3.4976728e-02
   5.4339430e+05   5.4038440e+06   9.3189446e-03
   5.4345380e+05   5.4038440e+06  -2.2900686e-02
   5.4349840e+05   5.4038440e+06  -2.5961161e-02
   5.4353750e+05   5.4038440e+06   1.4088391e-02
   5.4380210e+05   5.4038440e+06  -3.6370501e-02
   5.4381010e+05   5.4038440e+06   7.0181530e-03
   5.4384000e+05   5.4038440e+06  -2.4535620e-02
   5.4342460e+05   5.4038450e+06  -3.1059631e-02
   5.4351680e+05   5.4038450e+06  -3.5747493e-02
   5.4356100e+05   5.4038450e+06   4.9572559e-02
   5.4359730e+05   5.4038450e+06  -8.8228232e-03
   5.4360530e+05   5.4038450e+06  -2.2641293e-02
   5.4387610e+05   5.4038450e+06   1.8735488e-02
   5.4389020e+05   5.4038450e+06  -2.9221636e-02
   5.4341010e+05   5.4038460e+06  -5.8883404e-02
   5.4346500e+05   5.4038460e+06  -6.8021108e-03
   5.4357090e+05   5.4038460e+06  -3.4641425e-03
   5.4358550e+05   5.4038460e+06   3.4609631e-02
   5.4362780e+05   5.4038460e+06   1.1488654e-03
   5.4376090e+05   5.4038460e+06  -4.7709736e-02
   5.4376610e+05   5.4038460e+06   3.3341135e-02
   5.4338210e+05   5.4038470e+06  -3.0041807e-02
   5.4350240e+05   5.4038470e+06   2.4387177e-02
   5.4352440e+05   5.4038470e+06   1.5423536e-02
   5.4361620e+05   5.4038470e+06   3.1516385e-02
   5.4364190e+05   5.4038470e+06  -6.9262401e-03
   5.4364680e+05   5.4038470e+06   1.1788285e-02
   5.4365930e+05   5.4038470e+06  -1.9153298e-03
   5.4369190e+05   5.4038470e+06  -2.5334697e-03
   5.4373160e+05   5.4038470e+06  -1.8593140e-03
   5.4374630e+05   5.4038470e+06   7.7258311e-03
   5.4378990e+05   5.4038470e+06   4.7647361e-03
   5.4382290e+05   5.4038470e+06  -3.3435910e-02
   5.4386180e+05   5.4038470e+06  -2.7348443e-02
   5.4347710e+05   5.4038480e+06  -9.6182850e-03
   5.4355430e+05   5.4038480e+06  -2.8251636e-02
   5.4358310e+05   5.4038480e+06   3.9995515e-03
   5.4370080e+05   5.4038480e+06  -1.0354195e-02
   5.4377830e+05   5.4038480e+06  -1.7810237e-02
   5.4380240e+05   5.4038480e+06  -3.4628391e-02
   5.4385330e+05   5.4038480e+06   6.3264908e-03
   5.4343660e+05   5.4038490e+06  -1.3338575e-02
   5.4346240e+05   5.4038490e+06  -8.7415303e-03
   5.4367990e+05   5.4038490e+06   3.3088522e-03
   5.4384040e+05   5.4038490e+06  -4.9120317e-03
   5.4342200e+05   5.4038500e+06   2.9947230e-03
   5.4381080e+05   5.4038500e+06   7.0216359e-03
   5.4383080e+05   5.4038500e+06   9.7778364e-03
   5.4387610e+05   5.4038500e+06  -2.0230871e-03
   5.4339380e+05   5.4038510e+06   4.2508602e-02
   5.4342390e+05   5.4038510e+06  -1.2066807e-02
   5.4348780e+05   5.4038510e+06  -9.7992084e-04
   5.4356060e+05   5.4038510e+06   3.4699288e-02
   5.4359740e+05   5.4038510e+06  -3.0374222e-02
   5.4362740e+05   5.4038510e+06  -2.0170976e-02
   5.4376110e+05   5.4038510e+06  -1.3388232e-02
   5.4382330e+05   5.4038510e+06  -2.1184472e-02
   5.4386230e+05   5.4038510e+06  -6.6398153e-03
   5.4389010e+05   5.4038510e+06  -6.5224274e-03
   5.4349860e+05   5.4038520e+06  -7.6320844e-03
   5.4351690e+05   5.4038520e+06  -3.6281161e-02
   5.4353760e+05   5.4038520e+06   3.2782269e-02
   5.4357030e+05   5.4038520e+06  -2.3187045e-02
   5.4361620e+05   5.4038520e+06   2.7423641e-02
   5.4364180e+05   5.4038520e+06  -2.2125541e-02
   5.4364690e+05   5.4038520e+06   8.1282586e-03
   5.4365930e+05   5.4038520e+06  -6.0288391e-03
   5.4373230e+05   5.4038520e+06  -7.4305805e-03
   5.4374680e+05   5.4038520e+06   1.7677995e-02
   5.4376660e+05   5.4038520e+06   3.8010079e-02
   5.4377870e+05   5.4038520e+06  -1.4208918e-02
   5.4340940e+05   5.4038530e+06   5.9240369e-03
   5.4345310e+05   5.4038530e+06  -5.2582625e-02
   5.4358570e+05   5.4038530e+06   2.3471847e-02
   5.4360550e+05   5.4038530e+06  -3.9003958e-04
   5.4369110e+05   5.4038530e+06  -1.0373826e-02
   5.4380270e+05   5.4038530e+06  -2.4694485e-02
   5.4384060e+05   5.4038530e+06  -2.7677467e-02
   5.4346520e+05   5.4038540e+06  -4.4618575e-02
   5.4347720e+05   5.4038540e+06  -6.1307335e-02
   5.4358270e+05   5.4038540e+06  -2.1174433e-02
   5.4369990e+05   5.4038540e+06  -7.1852507e-03
   5.4386250e+05   5.4038540e+06  -2.9261214e-02
   5.4338160e+05   5.4038550e+06   5.4924011e-02
   5.4343590e+05   5.4038550e+06   1.0430343e-02
   5.4350230e+05   5.4038550e+06   2.1853760e-02
   5.4352390e+05   5.4038550e+06   8.8045515e-03
   5.4355400e+05   5.4038550e+06  -2.7530343e-02
   5.4379060e+05   5.4038550e+06   9.6420844e-03
   5.4385380e+05   5.4038550e+06   2.6033113e-02
   5.4346160e+05   5.4038560e+06  -3.3644011e-02
   5.4362700e+05   5.4038560e+06  -1.3431398e-02
   5.4365940e+05   5.4038560e+06  -1.8635937e-02
   5.4367910e+05   5.4038560e+06  -1.5271346e-02
   5.4374740e+05   5.4038560e+06   2.1526227e-02
   5.4376140e+05   5.4038560e+06  -2.8584855e-02
   5.4381140e+05   5.4038560e+06  -3.8791557e-03
   5.4382360e+05   5.4038560e+06  -2.2818153e-02
   5.4387630e+05   5.4038560e+06  -1.6021636e-03
   5.4342340e+05   5.4038570e+06   1.1461900e-02
   5.4356010e+05   5.4038570e+06   1.8625026e-02
   5.4359740e+05   5.4038570e+06  -1.6513483e-02
   5.4361610e+05   5.4038570e+06   1.6679433e-02
   5.4373320e+05   5.4038570e+06  -7.2054354e-03
   5.4377920e+05   5.4038570e+06  -2.9997573e-02
   5.4380300e+05   5.4038570e+06  -1.2661214e-02
   5.4388990e+05   5.4038570e+06  -1.1761768e-02
   5.4339330e+05   5.4038580e+06   3.5492427e-02
   5.4342170e+05   5.4038580e+06   2.9164433e-02
   5.4348770e+05   5.4038580e+06  -4.4824617e-02
   5.4364160e+05   5.4038580e+06  -1.2386280e-03
   5.4364710e+05   5.4038580e+06   1.0502929e-02
   5.4376720e+05   5.4038580e+06   3.6397784e-02
   5.4384110e+05   5.4038580e+06   3.6684433e-03
   5.4386280e+05   5.4038580e+06  -2.1950185e-02
   5.4340890e+05   5.4038590e+06   4.8539987e-02
   5.4349860e+05   5.4038590e+06  -2.6266280e-02
   5.4356980e+05   5.4038590e+06   6.7232190e-04
   5.4369010e+05   5.4038590e+06  -8.9428496e-03
   5.4383140e+05   5.4038590e+06   8.7148021e-03
   5.4351690e+05   5.4038600e+06  -2.3922427e-02
   5.4353750e+05   5.4038600e+06   2.8687335e-02
   5.4358210e+05   5.4038600e+06  -1.0265567e-02
   5.4358590e+05   5.4038600e+06   2.3848681e-02
   5.4360590e+05   5.4038600e+06  -1.2506464e-02
   5.4362650e+05   5.4038600e+06  -7.5481530e-03
   5.4374780e+05   5.4038600e+06   1.0807916e-02
   5.4343550e+05   5.4038610e+06   2.6083113e-03
   5.4345250e+05   5.4038610e+06   2.5900396e-03
   5.4346540e+05   5.4038610e+06  -1.2671873e-02
   5.4347740e+05   5.4038610e+06   4.6475198e-03
   5.4355370e+05   5.4038610e+06  -1.9134881e-02
   5.4361600e+05   5.4038610e+06   1.7543799e-02
   5.4369910e+05   5.4038610e+06   1.0433984e-02
   5.4379120e+05   5.4038610e+06   9.9859103e-03
   5.4385410e+05   5.4038610e+06   2.4108734e-02
   5.4386300e+05   5.4038610e+06  -1.8901847e-02
   5.4387660e+05   5.4038610e+06   1.1599763e-02
   5.4365940e+05   5.4038620e+06  -1.6098575e-02
   5.4373400e+05   5.4038620e+06  -7.6554090e-03
   5.4376180e+05   5.4038620e+06  -8.9348285e-03
   5.4377960e+05   5.4038620e+06  -8.2505541e-03
   5.4380330e+05   5.4038620e+06  -5.5652507e-03
   5.4381210e+05   5.4038620e+06   1.8971768e-02
   5.4382390e+05   5.4038620e+06  -9.5884433e-03
   5.4338100e+05   5.4038630e+06   1.2387995e-02
   5.4346090e+05   5.4038630e+06   1.0325937e-02
   5.4350220e+05   5.4038630e+06  -5.2206570e-02
   5.4352350e+05   5.4038630e+06  -2.4951847e-03
   5.4355980e+05   5.4038630e+06   1.7969024e-02
   5.4359750e+05   5.4038630e+06  -2.1592678e-02
   5.4364140e+05   5.4038630e+06  -1.7352084e-02
   5.4367850e+05   5.4038630e+06  -9.2635884e-03
   5.4384140e+05   5.4038630e+06  -2.6580607e-02
   5.4342290e+05   5.4038640e+06  -3.5975040e-02
   5.4374830e+05   5.4038640e+06   3.3784169e-03
   5.4376780e+05   5.4038640e+06   4.1382850e-02
   5.4388980e+05   5.4038640e+06  -2.0450026e-02
   5.4339280e+05   5.4038650e+06  -2.1622427e-02
   5.4340830e+05   5.4038650e+06  -1.3874868e-02
   5.4342130e+05   5.4038650e+06  -9.7523087e-03
   5.4356900e+05   5.4038650e+06  -2.2560686e-02
   5.4364720e+05   5.4038650e+06   1.9118997e-02
   5.4386330e+05   5.4038650e+06  -3.4727704e-02
   5.4387660e+05   5.4038650e+06   1.3264248e-02
   5.4343490e+05   5.4038660e+06  -4.2919789e-03
   5.4348770e+05   5.4038660e+06  -4.4559024e-02
   5.4358610e+05   5.4038660e+06   1.5467150e-02
   5.4361590e+05   5.4038660e+06   1.5316332e-02
   5.4362620e+05   5.4038660e+06   2.6019842e-02
   5.4365940e+05   5.4038660e+06  -4.4324011e-03
   5.4368920e+05   5.4038660e+06   4.8230079e-03
   5.4373480e+05   5.4038660e+06  -1.7732032e-02
   5.4347740e+05   5.4038670e+06   3.7276174e-02
   5.4355340e+05   5.4038670e+06  -2.0204697e-02
   5.4358170e+05   5.4038670e+06   4.4868074e-03
   5.4360610e+05   5.4038670e+06   4.1886675e-03
   5.4369830e+05   5.4038670e+06  -4.7488654e-03
   5.4376210e+05   5.4038670e+06  -3.2217942e-02
   5.4378010e+05   5.4038670e+06  -3.0637282e-02
   5.4379180e+05   5.4038670e+06   7.5713193e-03
   5.4380380e+05   5.4038670e+06  -9.5839050e-04
   5.4382440e+05   5.4038670e+06  -1.7599525e-02
   5.4383210e+05   5.4038670e+06   2.5377441e-02
   5.4384180e+05   5.4038670e+06  -4.5805673e-02
   5.4346560e+05   5.4038680e+06   7.8554090e-04
   5.4349880e+05   5.4038680e+06   2.7983113e-03
   5.4351690e+05   5.4038680e+06  -4.7297731e-02
   5.4353760e+05   5.4038680e+06   2.3067018e-02
   5.4359760e+05   5.4038680e+06  -2.2912190e-02
   5.4367780e+05   5.4038680e+06  -4.1412137e-03
   5.4374870e+05   5.4038680e+06   5.4458047e-03
   5.4381270e+05   5.4038680e+06   7.2308707e-03
   5.4385460e+05   5.4038680e+06   1.5868549e-02
   5.4338060e+05   5.4038690e+06  -4.9781293e-02
   5.4342240e+05   5.4038690e+06  -4.8092454e-02
   5.4345180e+05   5.4038690e+06  -1.3233430e-02
   5.4364130e+05   5.4038690e+06  -1.6417124e-02
   5.4376840e+05   5.4038690e+06   3.0321372e-02
   5.4386370e+05   5.4038690e+06  -2.9522639e-02
   5.4387680e+05   5.4038690e+06   9.2190501e-03
   5.4340780e+05   5.4038700e+06  -4.9907124e-02
   5.4346010e+05   5.4038700e+06  -1.0124802e-02
   5.4350210e+05   5.4038700e+06  -8.7335884e-02
   5.4355930e+05   5.4038700e+06   1.3051055e-02
   5.4362580e+05   5.4038700e+06  -4.6981530e-03
   5.4365950e+05   5.4038700e+06  -4.7678100e-03
   5.4352310e+05   5.4038710e+06  -3.2387032e-02
   5.4356840e+05   5.4038710e+06  -1.5717995e-02
   5.4361580e+05   5.4038710e+06   1.0860026e-02
   5.4373560e+05   5.4038710e+06  -1.3769551e-02
   5.4374910e+05   5.4038710e+06   6.9818865e-03
   5.4376230e+05   5.4038710e+06  -2.5238575e-02
   5.4388970e+05   5.4038710e+06  -1.0627902e-02
   5.4339230e+05   5.4038720e+06  -5.0166913e-02
   5.4342100e+05   5.4038720e+06  -8.4006069e-02
   5.4343460e+05   5.4038720e+06  -9.3349446e-02
   5.4348750e+05   5.4038720e+06  -9.0422164e-03
   5.4355310e+05   5.4038720e+06  -1.5681583e-02
   5.4358630e+05   5.4038720e+06   1.4705488e-02
   5.4364730e+05   5.4038720e+06   2.1897441e-02
   5.4368820e+05   5.4038720e+06   3.5217942e-03
   5.4378080e+05   5.4038720e+06  -1.4994090e-02
   5.4380410e+05   5.4038720e+06  -1.7405567e-02
   5.4382460e+05   5.4038720e+06  -4.4518839e-02
   5.4384230e+05   5.4038720e+06  -1.8514644e-02
   5.4387690e+05   5.4038720e+06  -7.8151187e-03
   5.4342210e+05   5.4038730e+06  -6.2522744e-02
   5.4358110e+05   5.4038730e+06  -1.0983865e-02
   5.4367730e+05   5.4038730e+06   1.0712454e-02
   5.4369760e+05   5.4038730e+06   1.2588496e-02
   5.4379240e+05   5.4038730e+06  -1.1240106e-02
   5.4385480e+05   5.4038730e+06   1.2490765e-04
   5.4386400e+05   5.4038730e+06  -3.1669921e-02
   5.4338020e+05   5.4038740e+06  -1.0553884e-01
   5.4346580e+05   5.4038740e+06  -8.8428918e-02
   5.4347760e+05   5.4038740e+06  -6.3689077e-02
   5.4360640e+05   5.4038740e+06  -1.4230290e-02
   5.4362540e+05   5.4038740e+06  -3.1215831e-03
   5.4381330e+05   5.4038740e+06  -6.7298153e-03
   5.4340740e+05   5.4038750e+06  -1.2449815e-01
   5.4345120e+05   5.4038750e+06  -1.0648813e-01
   5.4349880e+05   5.4038750e+06   4.6138786e-02
   5.4359780e+05   5.4038750e+06  -1.5730739e-02
   5.4364100e+05   5.4038750e+06  -2.0353562e-02
   5.4365960e+05   5.4038750e+06  -1.1089974e-02
   5.4376260e+05   5.4038750e+06  -3.9633245e-03
   5.4376900e+05   5.4038750e+06   1.6451187e-03
   5.4383280e+05   5.4038750e+06   1.7796834e-03
   5.4342190e+05   5.4038760e+06  -4.9160449e-02
   5.4343410e+05   5.4038760e+06  -1.4071562e-01
   5.4345930e+05   5.4038760e+06  -8.8825699e-02
   5.4351700e+05   5.4038760e+06   8.8156992e-02
   5.4361580e+05   5.4038760e+06  -1.8872823e-02
   5.4374960e+05   5.4038760e+06   6.6321900e-04
   5.4378110e+05   5.4038760e+06  -2.3211346e-03
   5.4385510e+05   5.4038760e+06   9.7918206e-04
   5.4387700e+05   5.4038760e+06   2.4572559e-03
   5.4348760e+05   5.4038770e+06  -8.2743430e-02
   5.4358640e+05   5.4038770e+06   7.7948285e-03
   5.4373670e+05   5.4038770e+06  -8.3166623e-03
   5.4382500e+05   5.4038770e+06  -1.4094987e-02
   5.4384260e+05   5.4038770e+06  -1.6849868e-02
   5.4386430e+05   5.4038770e+06  -2.0744248e-02
   5.4339190e+05   5.4038780e+06   4.7900475e-02
   5.4342070e+05   5.4038780e+06  -1.5107438e-01
   5.4350200e+05   5.4038780e+06  -1.6912612e-01
   5.4352270e+05   5.4038780e+06  -1.0567140e-01
   5.4353760e+05   5.4038780e+06  -7.0636412e-03
   5.4355280e+05   5.4038780e+06  -3.0199050e-02
   5.4356790e+05   5.4038780e+06  -1.9844222e-02
   5.4362510e+05   5.4038780e+06   9.4489710e-03
   5.4367660e+05   5.4038780e+06   8.9135620e-03
   5.4368720e+05   5.4038780e+06   7.9061741e-03
   5.4369680e+05   5.4038780e+06  -1.4203377e-02
   5.4380450e+05   5.4038780e+06  -1.8394591e-02
   5.4388960e+05   5.4038780e+06  -3.9440633e-03
   5.4337990e+05   5.4038790e+06  -5.3415567e-02
   5.4340710e+05   5.4038790e+06  -8.2621187e-02
   5.4342160e+05   5.4038790e+06   2.8305646e-02
   5.4346580e+05   5.4038790e+06  -4.5886570e-02
   5.4347780e+05   5.4038790e+06  -1.7361689e-02
   5.4355860e+05   5.4038790e+06  -7.3946966e-03
   5.4364750e+05   5.4038790e+06   1.5908311e-02
   5.4376280e+05   5.4038790e+06  -2.4398364e-02
   5.4379290e+05   5.4038790e+06  -6.5265172e-03
   5.4343380e+05   5.4038800e+06  -6.6257520e-02
   5.4345080e+05   5.4038800e+06  -7.5749868e-02
   5.4358060e+05   5.4038800e+06  -6.0596306e-03
   5.4360660e+05   5.4038800e+06   1.8160950e-03
   5.4365970e+05   5.4038800e+06   2.2184697e-03
   5.4378160e+05   5.4038800e+06   2.7255937e-03
   5.4381390e+05   5.4038800e+06   2.9745383e-03
   5.4385520e+05   5.4038800e+06   2.1551451e-03
   5.4387710e+05   5.4038800e+06  -6.9951187e-03
   5.4345880e+05   5.4038810e+06   4.2832032e-02
   5.4361570e+05   5.4038810e+06  -1.5698483e-02
   5.4364090e+05   5.4038810e+06  -2.2075792e-02
   5.4375020e+05   5.4038810e+06   3.7996306e-03
   5.4376960e+05   5.4038810e+06   1.6806227e-02
   5.4386460e+05   5.4038810e+06  -1.5911609e-03
   5.4342050e+05   5.4038820e+06  -2.1018470e-02
   5.4342140e+05   5.4038820e+06   1.3478997e-01
   5.4348740e+05   5.4038820e+06  -6.1758945e-02
   5.4355260e+05   5.4038820e+06  -3.3696464e-02
   5.4383330e+05   5.4038820e+06  -1.5649868e-03
   5.4337960e+05   5.4038830e+06   2.3791557e-02
   5.4339160e+05   5.4038830e+06   8.3597678e-02
   5.4342130e+05   5.4038830e+06   1.9964241e-01
   5.4343340e+05   5.4038830e+06   1.3628607e-01
   5.4346590e+05   5.4038830e+06   4.2363997e-02
   5.4349890e+05   5.4038830e+06   9.2817216e-02
   5.4350190e+05   5.4038830e+06  -1.6716683e-01
   5.4356730e+05   5.4038830e+06  -4.3955132e-02
   5.4358650e+05   5.4038830e+06  -3.8568997e-02
   5.4362480e+05   5.4038830e+06   1.2024644e-02
   5.4367630e+05   5.4038830e+06   1.4113945e-02
   5.4373760e+05   5.4038830e+06   1.7381741e-02
   5.4376300e+05   5.4038830e+06  -1.6066227e-02
   5.4382540e+05   5.4038830e+06   1.0107652e-03
   5.4384300e+05   5.4038830e+06   1.2730475e-02
   5.4385540e+05   5.4038830e+06  -1.8851873e-02
   5.4345040e+05   5.4038840e+06   3.8141636e-02
   5.4347780e+05   5.4038840e+06   5.2521372e-03
   5.4352230e+05   5.4038840e+06  -1.5655955e-01
   5.4359790e+05   5.4038840e+06  -5.4034459e-02
   5.4369610e+05   5.4038840e+06   3.3633245e-04
   5.4378190e+05   5.4038840e+06   4.2888918e-03
   5.4380480e+05   5.4038840e+06   1.1120633e-02
   5.4340640e+05   5.4038850e+06   9.8261214e-03
   5.4342040e+05   5.4038850e+06   6.4589974e-02
   5.4364750e+05   5.4038850e+06   1.1459433e-02
   5.4365970e+05   5.4038850e+06   1.6231398e-02
   5.4368620e+05   5.4038850e+06  -2.7837731e-03
   5.4375070e+05   5.4038850e+06   1.7086675e-02
   5.4379350e+05   5.4038850e+06   1.2103232e-02
   5.4387730e+05   5.4038850e+06   4.0046108e-02
   5.4388940e+05   5.4038850e+06   4.8809499e-02
   5.4337940e+05   5.4038860e+06   1.1383641e-01
   5.4346600e+05   5.4038860e+06   6.1636939e-02
   5.4351690e+05   5.4038860e+06   2.1334393e-01
   5.4353760e+05   5.4038860e+06  -1.0647029e-01
   5.4355240e+05   5.4038860e+06  -4.4688443e-02
   5.4358000e+05   5.4038860e+06  -7.1609499e-02
   5.4360680e+05   5.4038860e+06  -3.2736781e-02
   5.4361570e+05   5.4038860e+06  -5.0507520e-02
   5.4381450e+05   5.4038860e+06   3.4323219e-03
   5.4386490e+05   5.4038860e+06   2.8207124e-03
   5.4342030e+05   5.4038870e+06   6.8309828e-02
   5.4345810e+05   5.4038870e+06   2.5254182e-02
   5.4347790e+05   5.4038870e+06   7.8093404e-03
   5.4348740e+05   5.4038870e+06   2.4058734e-02
   5.4367580e+05   5.4038870e+06   1.9964881e-02
   5.4377030e+05   5.4038870e+06   1.9780409e-02
   5.4350190e+05   5.4038880e+06  -2.5287409e-01
   5.4358670e+05   5.4038880e+06  -5.2414828e-02
   5.4362440e+05   5.4038880e+06   2.5111346e-03
   5.4364060e+05   5.4038880e+06  -1.0379156e-02
   5.4373850e+05   5.4038880e+06   1.1779156e-02
   5.4376340e+05   5.4038880e+06   7.2633773e-03
   5.4382580e+05   5.4038880e+06   5.7249604e-03
   5.4385580e+05   5.4038880e+06   9.8511346e-03
   5.4339110e+05   5.4038890e+06   5.5213021e-02
   5.4346610e+05   5.4038890e+06   1.0434574e-01
   5.4355790e+05   5.4038890e+06  -2.0946024e-01
   5.4356680e+05   5.4038890e+06  -2.5865066e-02
   5.4369540e+05   5.4038890e+06   8.3652507e-03
   5.4378240e+05   5.4038890e+06  -1.9049235e-02
   5.4383390e+05   5.4038890e+06   1.9864103e-02
   5.4384340e+05   5.4038890e+06   1.7141662e-02
   5.4387740e+05   5.4038890e+06   2.6333166e-02
   5.4347800e+05   5.4038900e+06  -8.4411609e-02
   5.4348740e+05   5.4038900e+06   8.1090237e-02
   5.4352190e+05   5.4038900e+06  -1.1218404e-01
   5.4375120e+05   5.4038900e+06   9.9113456e-03
   5.4380530e+05   5.4038900e+06   1.6345646e-04
   5.4386530e+05   5.4038900e+06   1.1007784e-02
   5.4349900e+05   5.4038910e+06   2.0940963e-01
   5.4350180e+05   5.4038910e+06  -2.2793274e-01
   5.4355210e+05   5.4038910e+06   5.4277216e-02
   5.4360700e+05   5.4038910e+06  -4.1872032e-02
   5.4361560e+05   5.4038910e+06  -6.5129710e-02
   5.4364770e+05   5.4038910e+06  -8.4074142e-03
   5.4365970e+05   5.4038910e+06  -1.3691517e-02
   5.4367530e+05   5.4038910e+06   1.1270158e-02
   5.4379410e+05   5.4038910e+06   1.7334974e-02
   5.4388930e+05   5.4038910e+06  -1.4023681e-02
   5.4359800e+05   5.4038920e+06  -5.1600000e-02
   5.4362400e+05   5.4038920e+06  -3.7493404e-03
   5.4368520e+05   5.4038920e+06   1.4184169e-02
   5.4381520e+05   5.4038920e+06   2.7265963e-02
   5.4385600e+05   5.4038920e+06  -2.4792084e-02
   5.4387760e+05   5.4038920e+06  -1.9247493e-02
   5.4337880e+05   5.4038930e+06   2.3545119e-01
   5.4357960e+05   5.4038930e+06  -7.3391979e-02
   5.4358690e+05   5.4038930e+06  -1.1849416e-01
   5.4364040e+05   5.4038930e+06  -3.1572454e-02
   5.4369480e+05   5.4038930e+06   2.2498047e-02
   5.4377080e+05   5.4038930e+06   2.9440739e-02
   5.4351690e+05   5.4038940e+06   2.7858293e-01
   5.4353770e+05   5.4038940e+06  -1.3339694e-01
   5.4356640e+05   5.4038940e+06   6.0724116e-02
   5.4376380e+05   5.4038940e+06  -1.4960475e-02
   5.4378290e+05   5.4038940e+06  -1.2754090e-02
   5.4382620e+05   5.4038940e+06  -6.0454881e-03
   5.4384380e+05   5.4038940e+06   1.1725383e-02
   5.4345730e+05   5.4038950e+06   3.0991022e-01
   5.4360720e+05   5.4038950e+06  -3.9313984e-03
   5.4361560e+05   5.4038950e+06  -1.0146280e-01
   5.4367480e+05   5.4038950e+06  -1.6811346e-02
   5.4373950e+05   5.4038950e+06   9.6098285e-03
   5.4375180e+05   5.4038950e+06   1.4862797e-02
   5.4380560e+05   5.4038950e+06  -8.9759894e-03
   5.4339060e+05   5.4038960e+06   1.8000116e-01
   5.4350180e+05   5.4038960e+06  -2.6410042e-01
   5.4352180e+05   5.4038960e+06  -1.8353256e-01
   5.4355190e+05   5.4038960e+06   1.4662456e-01
   5.4364770e+05   5.4038960e+06  -6.7126544e-02
   5.4383440e+05   5.4038960e+06   2.2730765e-02
   5.4386560e+05   5.4038960e+06   3.1099842e-02
   5.4387760e+05   5.4038960e+06  -8.3540897e-02
   5.4349910e+05   5.4038970e+06   1.3850125e-01
   5.4358690e+05   5.4038970e+06  -7.7192784e-02
   5.4362360e+05   5.4038970e+06  -3.6122955e-02
   5.4365980e+05   5.4038970e+06  -5.0563668e-02
   5.4369410e+05   5.4038970e+06  -1.4589631e-02
   5.4381570e+05   5.4038970e+06   1.9762335e-02
   5.4385630e+05   5.4038970e+06  -2.7502137e-02
   5.4388920e+05   5.4038970e+06  -7.2149604e-02
   5.4341960e+05   5.4038980e+06   1.3049509e-01
   5.4341990e+05   5.4038980e+06   1.2640939e-01
   5.4344930e+05   5.4038980e+06   1.1966296e-01
   5.4346620e+05   5.4038980e+06   1.9500021e-01
   5.4355740e+05   5.4038980e+06  -3.6985625e-01
   5.4356580e+05   5.4038980e+06   1.6204739e-01
   5.4359810e+05   5.4038980e+06  -1.0257441e-02
   5.4361540e+05   5.4038980e+06  -1.0837789e-01
   5.4368410e+05   5.4038980e+06  -6.7542216e-03
   5.4377140e+05   5.4038980e+06   3.1105594e-02
   5.4379480e+05   5.4038980e+06   1.2007177e-02
   5.4340520e+05   5.4038990e+06   1.4550459e-01
   5.4343210e+05   5.4038990e+06   5.6661847e-02
   5.4360740e+05   5.4038990e+06   3.6041953e-02
   5.4367440e+05   5.4038990e+06  -2.5628549e-02
   5.4382660e+05   5.4038990e+06  -1.6730792e-02
   5.4357910e+05   5.4039000e+06  -3.4989710e-02
   5.4364020e+05   5.4039000e+06   5.9773087e-03
   5.4375240e+05   5.4039000e+06   2.2810554e-02
   5.4376410e+05   5.4039000e+06  -9.7468338e-03
   5.4378350e+05   5.4039000e+06  -2.3620712e-02
   5.4384420e+05   5.4039000e+06   6.9646438e-03
   5.4387780e+05   5.4039000e+06  -6.0772032e-02
   5.4351690e+05   5.4039010e+06   3.2786935e-01
   5.4352150e+05   5.4039010e+06  -1.9799545e-01
   5.4353780e+05   5.4039010e+06  -1.4501372e-01
   5.4355170e+05   5.4039010e+06   9.0513628e-02
   5.4358700e+05   5.4039010e+06  -4.0730211e-02
   5.4364790e+05   5.4039010e+06  -6.1038417e-02
   5.4380600e+05   5.4039010e+06  -1.0500000e-02
   5.4386600e+05   5.4039010e+06   3.7189182e-02
   5.4348730e+05   5.4039020e+06   2.3733678e-01
   5.4350180e+05   5.4039020e+06   1.6863594e-01
   5.4362330e+05   5.4039020e+06  -6.1131715e-02
   5.4367410e+05   5.4039020e+06  -4.6660660e-02
   5.4369360e+05   5.4039020e+06  -6.8933298e-02
   5.4374070e+05   5.4039020e+06   4.7669921e-03
   5.4356550e+05   5.4039030e+06   1.3040172e-01
   5.4359810e+05   5.4039030e+06   6.1683325e-02
   5.4360750e+05   5.4039030e+06   5.7670185e-02
   5.4361540e+05   5.4039030e+06  -8.8330528e-02
   5.4365990e+05   5.4039030e+06  -6.1123483e-02
   5.4381630e+05   5.4039030e+06  -1.8841689e-04
   5.4383500e+05   5.4039030e+06   2.4796174e-02
   5.4385670e+05   5.4039030e+06   6.9567414e-03
   5.4388910e+05   5.4039030e+06  -3.5100026e-02
   5.4347830e+05   5.4039040e+06   1.0896625e-01
   5.4349910e+05   5.4039040e+06   1.0270950e-02
   5.4355140e+05   5.4039040e+06   1.3837683e-01
   5.4355700e+05   5.4039040e+06  -3.5148259e-01
   5.4367380e+05   5.4039040e+06  -3.9635198e-02
   5.4377190e+05   5.4039040e+06   9.4752507e-03
   5.4379530e+05   5.4039040e+06   1.3597889e-02
   5.4382690e+05   5.4039040e+06  -2.6209683e-02
   5.4387800e+05   5.4039040e+06  -9.0329288e-02
   5.4357850e+05   5.4039050e+06  -1.6701847e-03
   5.4358710e+05   5.4039050e+06  -2.6480145e-02
   5.4362290e+05   5.4039050e+06  -2.2497361e-02
   5.4368320e+05   5.4039050e+06  -8.1591029e-02
   5.4375300e+05   5.4039050e+06   1.1828496e-02
   5.4376430e+05   5.4039050e+06  -5.6923219e-02
   5.4352120e+05   5.4039060e+06  -7.8075778e-02
   5.4364790e+05   5.4039060e+06  -1.1168960e-01
   5.4369310e+05   5.4039060e+06  -9.4232084e-02
   5.4384480e+05   5.4039060e+06  -1.6298047e-02
   5.4386640e+05   5.4039060e+06   4.9399156e-02
   5.4353770e+05   5.4039070e+06  -1.5959617e-01
   5.4356500e+05   5.4039070e+06   1.4617018e-01
   5.4360770e+05   5.4039070e+06  -5.8026385e-04
   5.4361540e+05   5.4039070e+06  -3.4847573e-02
   5.4363990e+05   5.4039070e+06  -3.1868179e-02
   5.4378410e+05   5.4039070e+06  -2.3847296e-02
   5.4387810e+05   5.4039070e+06  -5.9049354e-02
   5.4355120e+05   5.4039080e+06   1.7333699e-01
   5.4358730e+05   5.4039080e+06   6.6014380e-02
   5.4367350e+05   5.4039080e+06  -3.1130211e-02
   5.4374180e+05   5.4039080e+06  -1.8253456e-02
   5.4380650e+05   5.4039080e+06   1.1985488e-03
   5.4381690e+05   5.4039080e+06  -8.4310818e-03
   5.4385710e+05   5.4039080e+06   3.9065673e-02
   5.4388890e+05   5.4039080e+06  -1.3677546e-02
   5.4349930e+05   5.4039090e+06   2.5970322e-01
   5.4351700e+05   5.4039090e+06   2.2466346e-01
   5.4355660e+05   5.4039090e+06  -3.3319675e-01
   5.4359830e+05   5.4039090e+06   5.4713245e-02
   5.4362270e+05   5.4039090e+06  -2.4793826e-02
   5.4364790e+05   5.4039090e+06  -6.4771609e-02
   5.4365990e+05   5.4039090e+06  -1.2421900e-02
   5.4357820e+05   5.4039100e+06  -3.7920844e-02
   5.4360770e+05   5.4039100e+06  -2.3520053e-02
   5.4369260e+05   5.4039100e+06  -7.4922955e-02
   5.4376460e+05   5.4039100e+06  -4.1391293e-02
   5.4377260e+05   5.4039100e+06   2.7750923e-02
   5.4379590e+05   5.4039100e+06   1.2967018e-02
   5.4382740e+05   5.4039100e+06  -1.3150660e-02
   5.4383550e+05   5.4039100e+06   1.8314644e-02
   5.4352090e+05   5.4039110e+06   1.1316278e-01
   5.4355110e+05   5.4039110e+06   1.7350207e-01
   5.4356470e+05   5.4039110e+06   1.2154384e-01
   5.4367310e+05   5.4039110e+06  -5.3215013e-02
   5.4368230e+05   5.4039110e+06  -6.7634908e-02
   5.4375360e+05   5.4039110e+06   2.8406966e-02
   5.4386680e+05   5.4039110e+06   5.5267177e-02
   5.4387820e+05   5.4039110e+06  -1.1636755e-02
   5.4350160e+05   5.4039120e+06   2.0356939e-01
   5.4358740e+05   5.4039120e+06   2.0429288e-02
   5.4359830e+05   5.4039120e+06   1.2156129e-01
   5.4361530e+05   5.4039120e+06  -7.5907230e-02
   5.4362230e+05   5.4039120e+06   2.0072243e-02
   5.4384510e+05   5.4039120e+06  -1.3911161e-02
   5.4360790e+05   5.4039130e+06  -8.2986939e-03
   5.4363980e+05   5.4039130e+06   1.5897150e-02
   5.4364810e+05   5.4039130e+06  -1.3728219e-02
   5.4369200e+05   5.4039130e+06  -5.8372559e-02
   5.4378470e+05   5.4039130e+06  -1.8981003e-02
   5.4381740e+05   5.4039130e+06  -9.5160158e-03
   5.4385740e+05   5.4039130e+06   4.2989657e-02
   5.4351700e+05   5.4039140e+06   9.5687863e-02
   5.4353770e+05   5.4039140e+06  -1.4294997e-01
   5.4355630e+05   5.4039140e+06  -2.5738913e-01
   5.4357790e+05   5.4039140e+06  -7.6538153e-02
   5.4367270e+05   5.4039140e+06  -1.5273799e-02
   5.4374290e+05   5.4039140e+06  -9.1704723e-02
   5.4380690e+05   5.4039140e+06  -1.2070528e-02
   5.4355090e+05   5.4039150e+06   2.8217592e-01
   5.4366010e+05   5.4039150e+06  -3.2737467e-02
   5.4377320e+05   5.4039150e+06   2.8303166e-02
   5.4379630e+05   5.4039150e+06   4.1815963e-03
   5.4386710e+05   5.4039150e+06   4.8917150e-02
   5.4387840e+05   5.4039150e+06   4.5176253e-02
   5.4388890e+05   5.4039150e+06   6.1852441e-02
   5.4356410e+05   5.4039160e+06   2.5025282e-01
   5.4357760e+05   5.4039160e+06  -3.4372982e-02
   5.4359840e+05   5.4039160e+06   9.9128021e-02
   5.4362210e+05   5.4039160e+06  -1.3105594e-02
   5.4368140e+05   5.4039160e+06  -2.4633351e-02
   5.4376490e+05   5.4039160e+06  -6.2293773e-02
   5.4382770e+05   5.4039160e+06  -3.1817493e-02
   5.4383600e+05   5.4039160e+06   1.1625330e-03
   5.4358750e+05   5.4039170e+06   1.3613358e-01
   5.4360810e+05   5.4039170e+06  -2.1509908e-02
   5.4363960e+05   5.4039170e+06   6.1109657e-02
   5.4364810e+05   5.4039170e+06   2.3989301e-02
   5.4369150e+05   5.4039170e+06  -3.7572164e-02
   5.4375430e+05   5.4039170e+06   2.0025765e-02
   5.4352040e+05   5.4039180e+06   1.6851335e-01
   5.4359840e+05   5.4039180e+06   8.6025752e-02
   5.4367240e+05   5.4039180e+06  -2.0816042e-02
   5.4381790e+05   5.4039180e+06  -1.7828285e-02
   5.4384560e+05   5.4039180e+06  -3.6001900e-02
   5.4385760e+05   5.4039180e+06   1.7250976e-02
   5.4387840e+05   5.4039180e+06   5.1390818e-02
   5.4351710e+05   5.4039190e+06   6.2986900e-02
   5.4353780e+05   5.4039190e+06  -2.3635251e-02
   5.4357750e+05   5.4039190e+06   1.5285950e-02
   5.4361530e+05   5.4039190e+06  -1.4248418e-01
   5.4362180e+05   5.4039190e+06  -1.3035198e-02
   5.4378540e+05   5.4039190e+06  -1.1441953e-02
   5.4380730e+05   5.4039190e+06  -2.7902665e-02
   5.4355590e+05   5.4039200e+06  -2.1444921e-01
   5.4360820e+05   5.4039200e+06   2.3060950e-02
   5.4363940e+05   5.4039200e+06   1.2385963e-01
   5.4364810e+05   5.4039200e+06   1.1890013e-01
   5.4366000e+05   5.4039200e+06  -2.1187335e-02
   5.4367210e+05   5.4039200e+06   1.5424934e-02
   5.4369110e+05   5.4039200e+06   8.4155673e-03
   5.4377360e+05   5.4039200e+06   1.9759367e-02
   5.4379680e+05   5.4039200e+06  -1.2867018e-02
   5.4386740e+05   5.4039200e+06  -5.4860158e-03
   5.4388870e+05   5.4039200e+06   1.7934037e-03
   5.4356370e+05   5.4039210e+06   3.6246443e-01
   5.4358760e+05   5.4039210e+06   2.1786982e-01
   5.4374410e+05   5.4039210e+06  -9.2164485e-02
   5.4382810e+05   5.4039210e+06  -1.4814050e-02
   5.4383640e+05   5.4039210e+06  -4.0167757e-02
   5.4353780e+05   5.4039220e+06   3.9951451e-01
   5.4359840e+05   5.4039220e+06   2.9897203e-01
   5.4363940e+05   5.4039220e+06   6.4553140e-02
   5.4368060e+05   5.4039220e+06  -1.7542427e-02
   5.4387860e+05   5.4039220e+06  -1.6880528e-02
   5.4355050e+05   5.4039230e+06   3.3636247e-01
   5.4357720e+05   5.4039230e+06   2.0475425e-01
   5.4360830e+05   5.4039230e+06  -4.3075330e-03
   5.4364830e+05   5.4039230e+06   7.4925633e-02
   5.4366010e+05   5.4039230e+06   8.2499960e-02
   5.4367170e+05   5.4039230e+06   6.1200515e-02
   5.4369080e+05   5.4039230e+06   5.5535989e-02
   5.4375500e+05   5.4039230e+06  -7.8269129e-02
   5.4376540e+05   5.4039230e+06  -7.0944222e-02
   5.4381840e+05   5.4039230e+06  -3.3319156e-02
   5.4385790e+05   5.4039230e+06  -4.8665251e-02
   5.4361510e+05   5.4039240e+06  -1.2444813e-01
   5.4377410e+05   5.4039240e+06  -6.0933879e-02
   5.4379710e+05   5.4039240e+06  -3.0495330e-02
   5.4384610e+05   5.4039240e+06  -6.1471003e-02
   5.4369040e+05   5.4039250e+06   5.5092876e-02
   5.4380760e+05   5.4039250e+06  -6.0537467e-02
   5.4386790e+05   5.4039250e+06  -1.1531873e-01
   5.4387860e+05   5.4039250e+06  -3.9791029e-02
   5.4355550e+05   5.4039260e+06   1.9280079e-01
   5.4366010e+05   5.4039260e+06   1.4660968e-01
   5.4367150e+05   5.4039260e+06   3.3317414e-02
   5.4378610e+05   5.4039260e+06  -6.4456306e-02
   5.4383680e+05   5.4039260e+06  -9.2302797e-02
   5.4361510e+05   5.4039270e+06  -1.5582670e-01
   5.4363930e+05   5.4039270e+06   2.9043214e-01
   5.4366010e+05   5.4039270e+06   1.1125136e-01
   5.4368010e+05   5.4039270e+06  -3.8782995e-02
   5.4375550e+05   5.4039270e+06  -1.0529024e-01
   5.4381880e+05   5.4039270e+06  -5.4780950e-02
   5.4382840e+05   5.4039270e+06  -4.0391821e-02
   5.4385830e+05   5.4039270e+06  -8.6220290e-02
   5.4388870e+05   5.4039270e+06  -6.7777718e-02
   5.4364830e+05   5.4039280e+06   1.9630367e-01
   5.4367120e+05   5.4039280e+06   1.1863462e-01
   5.4369010e+05   5.4039280e+06   9.8132929e-02
   5.4374510e+05   5.4039280e+06  -1.1594319e-01
   5.4379760e+05   5.4039280e+06  -2.3787757e-02
   5.4387870e+05   5.4039280e+06  -3.1924697e-02
   5.4376580e+05   5.4039290e+06   8.5392454e-02
   5.4377460e+05   5.4039290e+06  -1.0507240e-01
   5.4383700e+05   5.4039290e+06  -6.1262137e-02
   5.4360860e+05   5.4039300e+06   3.1486438e-01
   5.4367950e+05   5.4039300e+06   1.7084433e-02
   5.4386830e+05   5.4039300e+06  -7.5849077e-02
   5.4362090e+05   5.4039310e+06   2.8451945e-01
   5.4375590e+05   5.4039310e+06  -1.1717964e-01
   5.4379790e+05   5.4039310e+06   3.1615092e-02
   5.4381930e+05   5.4039310e+06  -3.3400910e-02
   5.4385840e+05   5.4039310e+06  -6.7182375e-02
   5.4387890e+05   5.4039310e+06  -3.5054327e-02
   5.4366020e+05   5.4039320e+06   2.7739040e-01
   5.4367910e+05   5.4039320e+06   5.4942480e-02
   5.4377490e+05   5.4039320e+06  -1.7655259e-01
   5.4380810e+05   5.4039320e+06  -7.0763193e-02
   5.4383730e+05   5.4039320e+06  -8.9008391e-02
   5.4384660e+05   5.4039320e+06  -4.4743694e-02
   5.4361510e+05   5.4039330e+06   2.4019641e-01
   5.4367060e+05   5.4039330e+06   3.3474222e-01
   5.4374590e+05   5.4039330e+06  -5.7327836e-03
   5.4378680e+05   5.4039330e+06  -9.2119525e-02
   5.4382890e+05   5.4039330e+06  -5.0947929e-02
   5.4388860e+05   5.4039330e+06  -1.4519029e-01
   5.4375630e+05   5.4039340e+06  -1.7442831e-01
   5.4381960e+05   5.4039340e+06  -3.7040528e-02
   5.4383740e+05   5.4039340e+06  -8.9573298e-02
   5.4385860e+05   5.4039340e+06  -9.6963905e-02
   5.4387900e+05   5.4039340e+06  -6.8524011e-02
   5.4376610e+05   5.4039350e+06   1.4458483e-01
   5.4379830e+05   5.4039350e+06   1.1567282e-02
   5.4368910e+05   5.4039360e+06   3.0276818e-01
   5.4377530e+05   5.4039360e+06  -2.5807211e-01
   5.4386880e+05   5.4039360e+06  -1.3537921e-01
   5.4367850e+05   5.4039370e+06   2.0124142e-01
   5.4374660e+05   5.4039370e+06   9.0212797e-02
   5.4375660e+05   5.4039370e+06  -1.7198108e-01
   5.4381990e+05   5.4039370e+06  -3.8362916e-02
   5.4383760e+05   5.4039370e+06  -9.6389340e-02
   5.4385880e+05   5.4039370e+06  -8.2230290e-02
   5.4387900e+05   5.4039370e+06  -5.7445383e-02
   5.4388840e+05   5.4039370e+06  -7.6302427e-02
   5.4380860e+05   5.4039380e+06  -3.7608971e-02
   5.4384710e+05   5.4039380e+06  -2.5275172e-02
   5.4376630e+05   5.4039390e+06   2.4210182e-01
   5.4377570e+05   5.4039390e+06  -2.2863088e-01
   5.4378730e+05   5.4039390e+06  -3.5237203e-02
   5.4383780e+05   5.4039390e+06  -6.1461372e-02
   5.4375690e+05   5.4039400e+06  -1.7305778e-01
   5.4379880e+05   5.4039400e+06  -1.6306069e-04
   5.4382940e+05   5.4039400e+06   3.5738786e-03
   5.4385910e+05   5.4039400e+06  -4.2778364e-02
   5.4387910e+05   5.4039400e+06   3.0345119e-02
   5.4374730e+05   5.4039410e+06   6.9097704e-02
   5.4382030e+05   5.4039410e+06   3.1014248e-03
   5.4388840e+05   5.4039410e+06   3.4352507e-03
   5.4375720e+05   5.4039420e+06  -8.8414565e-02
   5.4376650e+05   5.4039420e+06   3.1802546e-01
   5.4377590e+05   5.4039420e+06  -2.1908686e-01
   5.4383810e+05   5.4039420e+06   1.6160844e-02
   5.4386920e+05   5.4039420e+06   4.2486544e-03
   5.4379900e+05   5.4039430e+06   6.9733113e-02
   5.4380890e+05   5.4039430e+06   1.6701979e-03
   5.4387930e+05   5.4039430e+06   9.6322256e-02
   5.4374780e+05   5.4039440e+06   4.5111662e-02
   5.4384760e+05   5.4039440e+06   7.5727704e-03
   5.4388830e+05   5.4039440e+06   2.8932269e-02
   5.4375760e+05   5.4039450e+06   2.6869393e-02
   5.4376680e+05   5.4039450e+06   3.1137784e-01
   5.4377620e+05   5.4039450e+06  -1.7640224e-01
   5.4378800e+05   5.4039450e+06   3.6668865e-02
   5.4382060e+05   5.4039450e+06   4.1048549e-02
   5.4382980e+05   5.4039450e+06   1.1972084e-01
   5.4383830e+05   5.4039450e+06   3.5895119e-02
   5.4385930e+05   5.4039450e+06   1.1071088e-01
   5.4374810e+05   5.4039460e+06   1.0084327e-02
   5.4379930e+05   5.4039460e+06   1.0179325e-01
   5.4380920e+05   5.4039470e+06   4.8264011e-02
   5.4386960e+05   5.4039470e+06   8.0849393e-02
   5.4376680e+05   5.4039480e+06   2.2213805e-01
   5.4377660e+05   5.4039480e+06  -6.0787916e-02
   5.4382090e+05   5.4039480e+06   7.1668364e-02
   5.4384790e+05   5.4039480e+06   1.0779259e-01
   5.4387940e+05   5.4039480e+06   1.2683873e-01
   5.4378840e+05   5.4039490e+06   1.0603140e-01
   5.4382990e+05   5.4039490e+06   1.2336591e-01
   5.4383860e+05   5.4039490e+06   9.8954670e-02
   5.4385960e+05   5.4039490e+06   1.4481894e-01
   5.4376700e+05   5.4039500e+06   5.1711082e-02
   5.4376710e+05   5.4039500e+06   6.5505409e-02
   5.4379970e+05   5.4039500e+06   1.0636649e-01
   5.4380940e+05   5.4039500e+06   1.0103958e-01
   5.4382120e+05   5.4039500e+06   8.2344591e-02
   5.4374910e+05   5.4039520e+06   2.3408042e-01
   5.4375840e+05   5.4039520e+06   2.9469847e-01
   5.4380950e+05   5.4039520e+06   5.2875989e-02
   5.4382130e+05   5.4039520e+06   6.2380264e-02
   5.4383020e+05   5.4039520e+06   1.6090723e-01
   5.4383880e+05   5.4039520e+06   1.3325847e-01
   5.4384830e+05   5.4039520e+06   1.0667462e-01
   5.4378880e+05   5.4039530e+06   8.5458575e-02
   5.4385980e+05   5.4039530e+06   1.2928119e-01
   5.4387010e+05   5.4039530e+06  -1.9444815e-02
   5.4388810e+05   5.4039530e+06   3.1503260e-01
   5.4380970e+05   5.4039540e+06   5.6232718e-02
   5.4376730e+05   5.4039550e+06   2.6092698e-01
   5.4378910e+05   5.4039550e+06   6.8061346e-02
   5.4380010e+05   5.4039550e+06   3.0621504e-01
   5.4384840e+05   5.4039550e+06   3.4005013e-02
   5.4387960e+05   5.4039550e+06   2.3109657e-01
   5.4382180e+05   5.4039570e+06   1.8405507e-01
   5.4383040e+05   5.4039570e+06   1.6660259e-01
   5.4386000e+05   5.4039570e+06   1.9103430e-01
   5.4377760e+05   5.4039580e+06   1.5702332e-01
   5.4383930e+05   5.4039580e+06   1.2268770e-01
   5.4384860e+05   5.4039580e+06   1.2876158e-01
   5.4387040e+05   5.4039580e+06   1.1945847e-01
   5.4378940e+05   5.4039590e+06   7.3666755e-02
   5.4381000e+05   5.4039590e+06   6.4664908e-02
