   5.4339240e+05   5.4037000e+06   1.5222040e+00
   5.4340400e+05   5.4037050e+06   1.6533500e+00
   5.4339210e+05   5.4037060e+06  -9.5683659e-02
   5.4340370e+05   5.4037090e+06  -5.2050158e-02
   5.4339170e+05   5.4037100e+06  -6.2395970e-02
   5.4342260e+05   5.4037110e+06   1.7340570e+00
   5.4340360e+05   5.4037130e+06   1.0638011e-02
   5.4342860e+05   5.4037130e+06   1.3070050e+00
   5.4339140e+05   5.4037140e+06  -1.7942554e-02
   5.4343560e+05   5.4037140e+06   1.2417328e+00
   5.4342210e+05   5.4037160e+06  -8.9247040e-02
   5.4344790e+05   5.4037180e+06   1.3275968e+00
   5.4340300e+05   5.4037190e+06  -1.2184138e-02
   5.4342840e+05   5.4037190e+06  -1.2198235e-02
   5.4339100e+05   5.4037200e+06   2.9526786e-02
   5.4342170e+05   5.4037200e+06  -1.6048837e-02
   5.4343500e+05   5.4037200e+06   4.4488449e-02
   5.4346180e+05   5.4037220e+06   1.0189456e+00
   5.4343480e+05   5.4037230e+06  -1.3682353e-02
   5.4344750e+05   5.4037230e+06  -1.2406250e-02
   5.4340270e+05   5.4037240e+06   1.8395599e-02
   5.4342140e+05   5.4037240e+06  -3.5118245e-02
   5.4346430e+05   5.4037240e+06   1.2057102e+00
   5.4339060e+05   5.4037250e+06   8.3220648e-03
   5.4342810e+05   5.4037250e+06   2.1124505e-02
   5.4343440e+05   5.4037270e+06  -4.7046778e-02
   5.4344700e+05   5.4037270e+06   2.8414901e-02
   5.4346400e+05   5.4037280e+06  -7.5661111e-02
   5.4340240e+05   5.4037290e+06   1.8201136e-02
   5.4342090e+05   5.4037290e+06  -6.8322581e-04
   5.4342790e+05   5.4037290e+06   1.8271754e-02
   5.4347470e+05   5.4037290e+06   1.4647968e+00
   5.4346390e+05   5.4037300e+06   3.8444348e-02
   5.4347580e+05   5.4037300e+06   1.5694280e+00
   5.4343410e+05   5.4037310e+06  -2.1797333e-02
   5.4344680e+05   5.4037310e+06  -1.1376042e-02
   5.4346200e+05   5.4037310e+06  -1.4869563e-01
   5.4339020e+05   5.4037320e+06  -2.5394161e-03
   5.4340210e+05   5.4037330e+06  -1.3860190e-03
   5.4346200e+05   5.4037330e+06  -1.6854000e-01
   5.4347540e+05   5.4037330e+06  -9.4570726e-02
   5.4342760e+05   5.4037340e+06   1.0884059e-02
   5.4346350e+05   5.4037340e+06   7.3832082e-02
   5.4347480e+05   5.4037340e+06  -6.0951849e-02
   5.4348930e+05   5.4037340e+06   1.5270078e+00
   5.4343380e+05   5.4037350e+06  -2.0555230e-02
   5.4344650e+05   5.4037350e+06  -4.8644366e-03
   5.4347510e+05   5.4037350e+06  -2.0528182e-02
   5.4342030e+05   5.4037360e+06  -5.3191304e-03
   5.4347470e+05   5.4037360e+06  -3.1417682e-02
   5.4346220e+05   5.4037370e+06  -9.4066394e-02
   5.4349730e+05   5.4037370e+06   2.0051892e+00
   5.4350360e+05   5.4037370e+06   1.5899940e+00
   5.4338970e+05   5.4037380e+06   1.1390157e-02
   5.4340180e+05   5.4037380e+06   8.8897615e-03
   5.4344610e+05   5.4037380e+06  -1.9038841e-02
   5.4346310e+05   5.4037380e+06  -1.6754646e-02
   5.4347480e+05   5.4037390e+06  -1.6187438e-02
   5.4348910e+05   5.4037390e+06  -1.1457784e-01
   5.4342730e+05   5.4037400e+06   2.0641916e-02
   5.4343340e+05   5.4037400e+06  -3.3476190e-03
   5.4347450e+05   5.4037400e+06   3.1224185e-02
   5.4351660e+05   5.4037400e+06   1.6449060e+00
   5.4346220e+05   5.4037410e+06  -3.2209425e-02
   5.4353010e+05   5.4037410e+06   3.0429110e-01
   5.4344580e+05   5.4037420e+06  -2.8155102e-03
   5.4340130e+05   5.4037430e+06   2.2384973e-02
   5.4341960e+05   5.4037430e+06   2.5408000e-02
   5.4346270e+05   5.4037430e+06  -9.9251209e-03
   5.4347490e+05   5.4037430e+06  -3.3852676e-02
   5.4349740e+05   5.4037430e+06   6.2605641e-02
   5.4350360e+05   5.4037430e+06  -1.5494967e-01
   5.4351660e+05   5.4037430e+06  -1.0887835e-01
   5.4348900e+05   5.4037440e+06  -9.6794702e-02
   5.4353720e+05   5.4037440e+06   9.5903680e-01
   5.4338930e+05   5.4037450e+06  -1.0726006e-02
   5.4346230e+05   5.4037450e+06  -2.4503027e-02
   5.4342700e+05   5.4037460e+06   2.5066920e-02
   5.4344540e+05   5.4037460e+06   1.7669600e-02
   5.4347390e+05   5.4037460e+06  -1.9825011e-02
   5.4347490e+05   5.4037460e+06  -2.9223974e-02
   5.4352980e+05   5.4037460e+06  -2.8302729e-01
   5.4343280e+05   5.4037470e+06   1.0338939e-02
   5.4349740e+05   5.4037470e+06   7.1171226e-02
   5.4340100e+05   5.4037480e+06   3.0232933e-02
   5.4350340e+05   5.4037480e+06  -7.1570219e-02
   5.4352980e+05   5.4037480e+06  -1.0698735e-01
   5.4355940e+05   5.4037480e+06   1.8491680e+00
   5.4346210e+05   5.4037490e+06  -2.0684770e-03
   5.4351660e+05   5.4037490e+06   2.3548246e-02
   5.4341890e+05   5.4037500e+06   7.4434326e-03
   5.4346240e+05   5.4037500e+06  -5.9748031e-03
   5.4347500e+05   5.4037500e+06   7.4123711e-03
   5.4344500e+05   5.4037510e+06   2.9755639e-03
   5.4347330e+05   5.4037510e+06   6.2506721e-03
   5.4349750e+05   5.4037510e+06   2.4754598e-02
   5.4338880e+05   5.4037520e+06   9.1346142e-03
   5.4342680e+05   5.4037520e+06   1.7060465e-02
   5.4348900e+05   5.4037520e+06  -2.7938182e-02
   5.4350350e+05   5.4037520e+06  -4.8545852e-02
   5.4355930e+05   5.4037520e+06  -5.6825204e-02
   5.4357980e+05   5.4037520e+06   6.3870880e-01
   5.4358300e+05   5.4037520e+06   6.1777800e-01
   5.4340080e+05   5.4037530e+06  -8.1021019e-03
   5.4343220e+05   5.4037530e+06   2.3646436e-02
   5.4351660e+05   5.4037530e+06  -1.8005902e-02
   5.4352940e+05   5.4037530e+06   2.1855576e-02
   5.4356730e+05   5.4037530e+06   1.3922877e+00
   5.4347510e+05   5.4037550e+06   9.7445545e-03
   5.4349760e+05   5.4037550e+06  -4.2551579e-03
   5.4353720e+05   5.4037550e+06   3.3433733e-01
   5.4355910e+05   5.4037550e+06  -3.7731271e-02
   5.4360160e+05   5.4037550e+06   1.1352020e+00
   5.4344460e+05   5.4037560e+06   2.4934752e-02
   5.4346160e+05   5.4037560e+06   2.1987385e-02
   5.4346260e+05   5.4037560e+06  -3.0784906e-04
   5.4350340e+05   5.4037560e+06  -3.6232099e-02
   5.4357950e+05   5.4037560e+06  -3.2367279e-01
   5.4359030e+05   5.4037560e+06   1.6963866e+00
   5.4359580e+05   5.4037560e+06   1.5656076e+00
   5.4341830e+05   5.4037570e+06  -1.2497219e-02
   5.4342640e+05   5.4037570e+06  -4.8307179e-03
   5.4347280e+05   5.4037570e+06   2.6083550e-02
   5.4340030e+05   5.4037580e+06  -3.5319195e-03
   5.4348880e+05   5.4037580e+06  -9.1509126e-03
   5.4351660e+05   5.4037580e+06  -2.8015181e-02
   5.4352910e+05   5.4037580e+06  -7.2779043e-02
   5.4353720e+05   5.4037580e+06   1.3674875e-01
   5.4355900e+05   5.4037580e+06  -6.1141691e-02
   5.4358320e+05   5.4037580e+06  -1.8092864e-01
   5.4338830e+05   5.4037590e+06   4.7515396e-03
   5.4349760e+05   5.4037590e+06   1.3315466e-02
   5.4357910e+05   5.4037590e+06  -4.7585316e-02
   5.4343160e+05   5.4037600e+06   4.2260870e-03
   5.4344420e+05   5.4037600e+06   1.2013986e-02
   5.4360180e+05   5.4037600e+06  -6.6870539e-02
   5.4363480e+05   5.4037600e+06   5.8962800e-01
   5.4347530e+05   5.4037610e+06   7.1594737e-03
   5.4350340e+05   5.4037610e+06  -7.3365815e-03
   5.4353720e+05   5.4037610e+06   1.0966797e-01
   5.4358330e+05   5.4037610e+06   4.2047279e-02
   5.4359010e+05   5.4037610e+06   1.3915984e-01
   5.4359590e+05   5.4037610e+06  -8.9022953e-02
   5.4346100e+05   5.4037620e+06   2.5491039e-03
   5.4355870e+05   5.4037620e+06  -1.1397702e-01
   5.4356660e+05   5.4037620e+06   1.8306330e-01
   5.4361740e+05   5.4037620e+06   1.1395412e+00
   5.4364540e+05   5.4037620e+06   5.7861360e-01
   5.4340010e+05   5.4037630e+06   2.2189954e-02
   5.4342630e+05   5.4037630e+06   1.5792276e-02
   5.4346280e+05   5.4037630e+06   8.6985278e-03
   5.4347190e+05   5.4037630e+06   2.9655835e-02
   5.4349770e+05   5.4037630e+06   3.4958211e-02
   5.4357880e+05   5.4037630e+06   1.4834386e-02
   5.4351660e+05   5.4037640e+06   8.9021501e-03
   5.4352890e+05   5.4037640e+06  -4.9343527e-02
   5.4358340e+05   5.4037640e+06  -2.6593725e-02
   5.4358980e+05   5.4037640e+06   9.7878384e-02
   5.4359600e+05   5.4037640e+06  -2.9078947e-04
   5.4363450e+05   5.4037640e+06  -2.8573224e-01
   5.4365840e+05   5.4037640e+06   1.0242080e+00
   5.4341760e+05   5.4037650e+06   9.7413043e-03
   5.4353730e+05   5.4037650e+06   9.4794737e-02
   5.4360190e+05   5.4037650e+06  -5.4903488e-02
   5.4364470e+05   5.4037650e+06   1.4546120e+00
   5.4338780e+05   5.4037660e+06   2.1258743e-02
   5.4344380e+05   5.4037660e+06  -1.8985484e-02
   5.4347540e+05   5.4037660e+06   3.1217196e-02
   5.4348890e+05   5.4037660e+06   4.4128913e-03
   5.4350330e+05   5.4037660e+06   7.0972519e-03
   5.4355850e+05   5.4037670e+06  -9.9209031e-02
   5.4368890e+05   5.4037670e+06   1.4511350e+00
   5.4339980e+05   5.4037680e+06   1.5560420e-02
   5.4343100e+05   5.4037680e+06   2.8730421e-02
   5.4346040e+05   5.4037680e+06   2.6607361e-02
   5.4349760e+05   5.4037680e+06   1.2710149e-02
   5.4353720e+05   5.4037680e+06   1.3769434e-02
   5.4356620e+05   5.4037680e+06   1.9871237e-01
   5.4357830e+05   5.4037680e+06  -4.3688447e-02
   5.4358350e+05   5.4037680e+06  -6.9142548e-02
   5.4358940e+05   5.4037680e+06   1.1745176e-01
   5.4360210e+05   5.4037680e+06   5.4126667e-02
   5.4364540e+05   5.4037680e+06  -1.1323586e-01
   5.4342600e+05   5.4037690e+06  -2.9202454e-03
   5.4346290e+05   5.4037690e+06  -1.7070862e-02
   5.4352860e+05   5.4037690e+06  -2.3763501e-02
   5.4359600e+05   5.4037690e+06   7.3696629e-03
   5.4363410e+05   5.4037690e+06  -1.0887604e-01
   5.4365840e+05   5.4037690e+06   4.2745701e-02
   5.4347110e+05   5.4037700e+06  -3.1139693e-03
   5.4351670e+05   5.4037700e+06   1.4524423e-02
   5.4344330e+05   5.4037710e+06   7.7332909e-03
   5.4360230e+05   5.4037710e+06   3.8533500e-02
   5.4361730e+05   5.4037710e+06  -9.1644500e-02
   5.4364460e+05   5.4037710e+06   2.0528562e-02
   5.4365840e+05   5.4037710e+06   4.2757252e-03
   5.4371120e+05   5.4037710e+06   2.9389080e-01
   5.4339930e+05   5.4037720e+06   1.4507442e-02
   5.4341690e+05   5.4037720e+06   1.4180477e-02
   5.4347550e+05   5.4037720e+06   1.7287002e-02
   5.4355830e+05   5.4037720e+06  -5.5178021e-02
   5.4356580e+05   5.4037720e+06   7.4627614e-02
   5.4358360e+05   5.4037720e+06  -7.2155429e-02
   5.4358920e+05   5.4037720e+06   1.7970400e-02
   5.4359610e+05   5.4037720e+06  -4.9898729e-02
   5.4364550e+05   5.4037720e+06   3.9886254e-02
   5.4368850e+05   5.4037720e+06   8.3749519e-02
   5.4370310e+05   5.4037720e+06   6.0334080e-01
   5.4350320e+05   5.4037730e+06  -5.6258657e-03
   5.4353720e+05   5.4037730e+06   8.8373448e-03
   5.4357780e+05   5.4037730e+06  -4.4775110e-02
   5.4363380e+05   5.4037730e+06   3.7032328e-02
   5.4365850e+05   5.4037730e+06  -5.4568089e-02
   5.4338720e+05   5.4037740e+06   2.7730467e-02
   5.4348870e+05   5.4037740e+06  -5.6313014e-03
   5.4349770e+05   5.4037740e+06   3.1691619e-02
   5.4360230e+05   5.4037740e+06  -5.6854020e-02
   5.4364450e+05   5.4037740e+06   6.2607333e-02
   5.4371930e+05   5.4037740e+06   1.0989048e+00
   5.4380280e+05   5.4037740e+06   7.1538400e-01
   5.4342560e+05   5.4037750e+06  -3.1693878e-03
   5.4343050e+05   5.4037750e+06   2.6868921e-02
   5.4345990e+05   5.4037750e+06   2.2232683e-02
   5.4352830e+05   5.4037750e+06  -4.4225096e-03
   5.4361730e+05   5.4037750e+06   8.0781376e-02
   5.4368820e+05   5.4037750e+06  -1.0505053e-01
   5.4371080e+05   5.4037750e+06  -3.9083223e-01
   5.4373790e+05   5.4037750e+06   1.1005750e+00
   5.4375870e+05   5.4037750e+06   1.0455705e+00
   5.4378300e+05   5.4037750e+06   1.0302100e+00
   5.4346310e+05   5.4037760e+06   1.1150740e-02
   5.4351670e+05   5.4037760e+06   8.4335624e-03
   5.4358880e+05   5.4037760e+06  -1.2768929e-02
   5.4359610e+05   5.4037760e+06  -4.2053677e-02
   5.4364560e+05   5.4037760e+06   1.2036544e-01
   5.4365850e+05   5.4037760e+06  -4.4100641e-02
   5.4375680e+05   5.4037760e+06   1.2587544e+00
   5.4377100e+05   5.4037760e+06   1.1898300e+00
   5.4339890e+05   5.4037770e+06   1.6808128e-02
   5.4344280e+05   5.4037770e+06   3.0341354e-02
   5.4353730e+05   5.4037770e+06   1.3531881e-02
   5.4355800e+05   5.4037770e+06  -3.6985141e-02
   5.4356560e+05   5.4037770e+06   2.8337105e-02
   5.4358370e+05   5.4037770e+06  -3.3626239e-02
   5.4361720e+05   5.4037770e+06   1.2005742e-01
   5.4363340e+05   5.4037770e+06  -3.3485815e-02
   5.4364440e+05   5.4037770e+06   1.2830738e-01
   5.4368800e+05   5.4037770e+06  -9.3199333e-02
   5.4379760e+05   5.4037770e+06   1.2605124e+00
   5.4381810e+05   5.4037770e+06   1.1825716e+00
   5.4347040e+05   5.4037780e+06   7.5234671e-03
   5.4347560e+05   5.4037780e+06   2.1173599e-02
   5.4357740e+05   5.4037780e+06  -1.5373585e-02
   5.4360250e+05   5.4037780e+06  -3.6253394e-02
   5.4371030e+05   5.4037780e+06  -1.3885033e-01
   5.4382510e+05   5.4037780e+06   1.3207376e+00
   5.4349780e+05   5.4037790e+06   5.4151505e-03
   5.4359620e+05   5.4037790e+06  -1.7084741e-02
   5.4365850e+05   5.4037790e+06   7.5655387e-02
   5.4370190e+05   5.4037790e+06  -7.0728191e-02
   5.4372020e+05   5.4037790e+06   2.9658235e-02
   5.4341620e+05   5.4037800e+06   2.5396605e-02
   5.4350310e+05   5.4037800e+06  -1.3281506e-02
   5.4361730e+05   5.4037800e+06   5.7935537e-02
   5.4364420e+05   5.4037800e+06   6.7527219e-02
   5.4375690e+05   5.4037800e+06   9.2482812e-02
   5.4384910e+05   5.4037800e+06   2.0686500e-01
   5.4338660e+05   5.4037810e+06   1.6783705e-02
   5.4342530e+05   5.4037810e+06   1.7820183e-02
   5.4352790e+05   5.4037810e+06  -5.6144585e-03
   5.4364570e+05   5.4037810e+06  -3.3569565e-03
   5.4368740e+05   5.4037810e+06   2.0925081e-03
   5.4370170e+05   5.4037810e+06   9.3587459e-03
   5.4370980e+05   5.4037810e+06   2.4207509e-02
   5.4372050e+05   5.4037810e+06  -2.9239130e-04
   5.4380360e+05   5.4037810e+06  -5.9519412e-02
   5.4383540e+05   5.4037810e+06   2.1024076e+00
   5.4342980e+05   5.4037820e+06   8.1860749e-03
   5.4344240e+05   5.4037820e+06   4.1214225e-03
   5.4345930e+05   5.4037820e+06   2.4112874e-03
   5.4346330e+05   5.4037820e+06   1.2627145e-02
   5.4348860e+05   5.4037820e+06   3.7203867e-02
   5.4351670e+05   5.4037820e+06   1.7886390e-02
   5.4353730e+05   5.4037820e+06   3.8729365e-02
   5.4355780e+05   5.4037820e+06  -9.8585938e-03
   5.4356520e+05   5.4037820e+06   2.6459087e-02
   5.4358840e+05   5.4037820e+06   8.0915942e-03
   5.4360270e+05   5.4037820e+06  -1.7714261e-02
   5.4361720e+05   5.4037820e+06   3.1257855e-03
   5.4363290e+05   5.4037820e+06  -6.2519350e-02
   5.4378370e+05   5.4037820e+06  -1.7277920e-01
   5.4380380e+05   5.4037820e+06  -3.2831090e-02
   5.4385690e+05   5.4037820e+06   6.2956160e-01
   5.4339850e+05   5.4037830e+06   1.3945367e-02
   5.4357680e+05   5.4037830e+06  -7.2266135e-03
   5.4358390e+05   5.4037830e+06  -5.5137800e-03
   5.4359620e+05   5.4037830e+06  -8.0082305e-03
   5.4364410e+05   5.4037830e+06  -2.3903582e-02
   5.4365850e+05   5.4037830e+06   1.3397082e-01
   5.4372090e+05   5.4037830e+06  -6.1529967e-02
   5.4373900e+05   5.4037830e+06  -9.2365441e-02
   5.4375710e+05   5.4037830e+06  -7.4925444e-02
   5.4380390e+05   5.4037830e+06   4.4209565e-02
   5.4381860e+05   5.4037830e+06  -1.3382788e-01
   5.4382550e+05   5.4037830e+06  -1.6077857e-02
   5.4384930e+05   5.4037830e+06  -4.9931867e-01
   5.4370130e+05   5.4037840e+06   8.3054313e-03
   5.4370940e+05   5.4037840e+06   9.8592834e-03
   5.4378390e+05   5.4037840e+06  -1.7558671e-01
   5.4379810e+05   5.4037840e+06   8.4874762e-02
   5.4383560e+05   5.4037840e+06   7.0282845e-03
   5.4387390e+05   5.4037840e+06   1.2825116e+00
   5.4347580e+05   5.4037850e+06   2.4605564e-02
   5.4349790e+05   5.4037850e+06   1.7125671e-02
   5.4361710e+05   5.4037850e+06  -8.4053118e-03
   5.4364570e+05   5.4037850e+06  -5.6635023e-02
   5.4368690e+05   5.4037850e+06   7.4262939e-02
   5.4372130e+05   5.4037850e+06  -5.6866559e-02
   5.4373920e+05   5.4037850e+06  -1.0492997e-01
   5.4377190e+05   5.4037850e+06  -9.3179821e-02
   5.4380410e+05   5.4037850e+06  -2.3350813e-02
   5.4389140e+05   5.4037850e+06   1.5607000e+00
   5.4346940e+05   5.4037860e+06  -4.0802915e-03
   5.4352760e+05   5.4037860e+06  -1.8954412e-02
   5.4360280e+05   5.4037860e+06  -1.9132495e-02
   5.4364400e+05   5.4037860e+06  -3.6670909e-02
   5.4365860e+05   5.4037860e+06  -1.2145592e-02
   5.4375730e+05   5.4037860e+06  -1.1364092e-01
   5.4379830e+05   5.4037860e+06  -6.3644610e-02
   5.4381880e+05   5.4037860e+06  -1.3940248e-01
   5.4382580e+05   5.4037860e+06  -7.4334776e-02
   5.4341550e+05   5.4037870e+06   5.9895570e-03
   5.4342510e+05   5.4037870e+06   1.5698270e-02
   5.4350310e+05   5.4037870e+06  -6.5812918e-03
   5.4355760e+05   5.4037870e+06  -1.1961194e-02
   5.4356490e+05   5.4037870e+06   3.8924020e-02
   5.4358800e+05   5.4037870e+06   3.1297384e-02
   5.4359630e+05   5.4037870e+06   5.6101796e-03
   5.4361700e+05   5.4037870e+06  -7.8283814e-03
   5.4363260e+05   5.4037870e+06  -4.4043412e-02
   5.4370080e+05   5.4037870e+06   5.6537013e-02
   5.4370900e+05   5.4037870e+06   3.8779221e-02
   5.4380430e+05   5.4037870e+06  -9.1789897e-02
   5.4384960e+05   5.4037870e+06  -7.3105062e-02
   5.4387410e+05   5.4037870e+06  -2.5169977e-01
   5.4389130e+05   5.4037870e+06  -2.2792226e-01
   5.4339820e+05   5.4037880e+06   5.9410727e-03
   5.4344180e+05   5.4037880e+06   3.0828458e-03
   5.4351660e+05   5.4037880e+06   4.0941733e-02
   5.4353730e+05   5.4037880e+06   3.2005243e-02
   5.4373950e+05   5.4037880e+06  -6.1936943e-02
   5.4377210e+05   5.4037880e+06  -5.9972262e-02
   5.4378430e+05   5.4037880e+06  -8.0664353e-02
   5.4383580e+05   5.4037880e+06  -8.2267016e-02
   5.4385750e+05   5.4037880e+06  -1.4372789e-01
   5.4342930e+05   5.4037890e+06   4.7517298e-03
   5.4345880e+05   5.4037890e+06   1.3301382e-02
   5.4346350e+05   5.4037890e+06   1.7385479e-02
   5.4357630e+05   5.4037890e+06  -3.2068620e-03
   5.4358400e+05   5.4037890e+06  -1.0459203e-03
   5.4364400e+05   5.4037890e+06  -1.9245259e-02
   5.4364590e+05   5.4037890e+06  -1.5852026e-02
   5.4365860e+05   5.4037890e+06  -5.5358889e-02
   5.4372180e+05   5.4037890e+06  -2.1599000e-02
   5.4379840e+05   5.4037890e+06  -6.9865161e-02
   5.4381910e+05   5.4037890e+06  -5.6139481e-02
   5.4382590e+05   5.4037890e+06  -5.0791770e-02
   5.4338610e+05   5.4037900e+06   1.3626077e-02
   5.4361700e+05   5.4037900e+06   2.4267819e-02
   5.4375760e+05   5.4037900e+06  -2.7383648e-02
   5.4376030e+05   5.4037900e+06  -7.0787781e-03
   5.4380460e+05   5.4037900e+06  -3.7800000e-02
   5.4387420e+05   5.4037900e+06   1.8210159e-02
   5.4347590e+05   5.4037910e+06  -8.7963268e-03
   5.4348860e+05   5.4037910e+06   1.5381209e-02
   5.4349790e+05   5.4037910e+06   9.7166032e-03
   5.4359640e+05   5.4037910e+06  -1.6357828e-02
   5.4360310e+05   5.4037910e+06  -3.9844078e-03
   5.4368640e+05   5.4037910e+06  -1.1361860e-02
   5.4370040e+05   5.4037910e+06   1.0883282e-01
   5.4370840e+05   5.4037910e+06   6.7061567e-02
   5.4377240e+05   5.4037910e+06  -1.6919748e-02
   5.4389110e+05   5.4037910e+06  -2.7015385e-02
   5.4346880e+05   5.4037920e+06   1.7053463e-02
   5.4352730e+05   5.4037920e+06  -9.1299509e-04
   5.4356450e+05   5.4037920e+06   4.6444636e-02
   5.4364380e+05   5.4037920e+06  -8.0917745e-03
   5.4365870e+05   5.4037920e+06  -2.8813983e-02
   5.4372240e+05   5.4037920e+06   8.5167059e-02
   5.4379860e+05   5.4037920e+06  -4.2264596e-02
   5.4381930e+05   5.4037920e+06  -4.1073415e-02
   5.4383610e+05   5.4037920e+06  -6.6982848e-02
   5.4384990e+05   5.4037920e+06   2.4779427e-02
   5.4385770e+05   5.4037920e+06  -1.1771323e-02
   5.4353730e+05   5.4037930e+06   3.0901143e-02
   5.4355720e+05   5.4037930e+06  -1.8431888e-02
   5.4358760e+05   5.4037930e+06   2.4327895e-02
   5.4361710e+05   5.4037930e+06   8.8039381e-03
   5.4363230e+05   5.4037930e+06  -2.4804294e-03
   5.4374010e+05   5.4037930e+06   4.3207385e-03
   5.4377270e+05   5.4037930e+06  -2.4896288e-02
   5.4378480e+05   5.4037930e+06   1.6186834e-02
   5.4380490e+05   5.4037930e+06  -3.6503796e-02
   5.4382630e+05   5.4037930e+06  -2.7867895e-02
   5.4339780e+05   5.4037940e+06   5.9762882e-03
   5.4341490e+05   5.4037940e+06   2.8877882e-02
   5.4342460e+05   5.4037940e+06   1.1251704e-02
   5.4344130e+05   5.4037940e+06   1.2353178e-02
   5.4350290e+05   5.4037940e+06  -2.1618214e-02
   5.4357580e+05   5.4037940e+06  -3.4830880e-03
   5.4358420e+05   5.4037940e+06  -6.8519856e-05
   5.4364590e+05   5.4037940e+06   1.5936160e-02
   5.4369980e+05   5.4037940e+06   5.0449307e-02
   5.4375780e+05   5.4037940e+06   2.6452317e-02
   5.4376070e+05   5.4037940e+06   1.4285363e-02
   5.4351680e+05   5.4037950e+06   1.8494627e-02
   5.4359640e+05   5.4037950e+06   9.1412200e-03
   5.4361690e+05   5.4037950e+06   5.6425553e-03
   5.4365880e+05   5.4037950e+06  -8.8385593e-03
   5.4372290e+05   5.4037950e+06   1.0812657e-01
   5.4381940e+05   5.4037950e+06   1.3568868e-02
   5.4383640e+05   5.4037950e+06  -4.0941493e-02
   5.4385010e+05   5.4037950e+06  -2.0944970e-02
   5.4387440e+05   5.4037950e+06   4.2884273e-03
   5.4342860e+05   5.4037960e+06   1.4920046e-02
   5.4345820e+05   5.4037960e+06   3.1389698e-02
   5.4364380e+05   5.4037960e+06   3.6286992e-03
   5.4368580e+05   5.4037960e+06  -4.0878670e-02
   5.4370780e+05   5.4037960e+06  -2.2255522e-02
   5.4379890e+05   5.4037960e+06   3.8916409e-03
   5.4385800e+05   5.4037960e+06   7.2574850e-04
   5.4389110e+05   5.4037960e+06   1.8452381e-03
   5.4346370e+05   5.4037970e+06   3.1521329e-02
   5.4349810e+05   5.4037970e+06   9.7087347e-03
   5.4360330e+05   5.4037970e+06   1.1012743e-02
   5.4363180e+05   5.4037970e+06  -5.3413780e-03
   5.4376100e+05   5.4037970e+06   4.4110095e-02
   5.4377300e+05   5.4037970e+06   3.2065937e-02
   5.4338560e+05   5.4037980e+06   3.6896729e-03
   5.4347600e+05   5.4037980e+06   8.3702350e-03
   5.4352690e+05   5.4037980e+06   2.8914788e-02
   5.4356410e+05   5.4037980e+06   3.2135142e-02
   5.4358710e+05   5.4037980e+06   2.8098817e-02
   5.4361690e+05   5.4037980e+06   1.5827692e-02
   5.4365870e+05   5.4037980e+06   5.4550308e-04
   5.4369910e+05   5.4037980e+06  -1.1733100e-02
   5.4372330e+05   5.4037980e+06   5.7626307e-02
   5.4375800e+05   5.4037980e+06   7.7206390e-02
   5.4380540e+05   5.4037980e+06   5.7328408e-02
   5.4383660e+05   5.4037980e+06   1.4738909e-02
   5.4346800e+05   5.4037990e+06   9.3250633e-03
   5.4348840e+05   5.4037990e+06   1.4468487e-02
   5.4353740e+05   5.4037990e+06   5.8774281e-02
   5.4355690e+05   5.4037990e+06  -1.5202949e-02
   5.4359650e+05   5.4037990e+06  -7.9219790e-03
   5.4364600e+05   5.4037990e+06   2.7035714e-03
   5.4374080e+05   5.4037990e+06   9.8299250e-02
   5.4378530e+05   5.4037990e+06   1.5237243e-02
   5.4381960e+05   5.4037990e+06   4.8311402e-02
   5.4385830e+05   5.4037990e+06   2.7191522e-02
   5.4339740e+05   5.4038000e+06   4.3356000e-03
   5.4341430e+05   5.4038000e+06   1.5269626e-02
   5.4344070e+05   5.4038000e+06  -1.3682682e-03
   5.4350290e+05   5.4038000e+06  -7.9051746e-03
   5.4357520e+05   5.4038000e+06   8.1290323e-04
   5.4358430e+05   5.4038000e+06  -8.3185497e-03
   5.4361690e+05   5.4038000e+06   1.3844595e-02
   5.4377340e+05   5.4038000e+06   6.8969182e-02
   5.4379910e+05   5.4038000e+06   6.6752978e-02
   5.4385040e+05   5.4038000e+06   2.6623145e-02
   5.4389110e+05   5.4038000e+06   2.0057803e-02
   5.4342430e+05   5.4038010e+06  -2.5677895e-04
   5.4351680e+05   5.4038010e+06  -8.6517269e-03
   5.4364360e+05   5.4038010e+06   1.4671859e-02
   5.4368530e+05   5.4038010e+06  -9.1446888e-03
   5.4370710e+05   5.4038010e+06  -4.1162641e-02
   5.4372380e+05   5.4038010e+06   2.7308177e-02
   5.4376140e+05   5.4038010e+06   1.2386045e-01
   5.4382680e+05   5.4038010e+06   7.1287778e-02
   5.4387460e+05   5.4038010e+06   2.5041473e-02
   5.4345760e+05   5.4038020e+06   1.8168900e-02
   5.4365880e+05   5.4038020e+06   1.5225873e-02
   5.4375830e+05   5.4038020e+06  -4.4165646e-02
   5.4381990e+05   5.4038020e+06   5.3738230e-02
   5.4383680e+05   5.4038020e+06   3.6376647e-02
   5.4342790e+05   5.4038030e+06  -7.9618980e-03
   5.4356380e+05   5.4038030e+06   4.4370403e-02
   5.4359650e+05   5.4038030e+06   5.5675084e-03
   5.4360350e+05   5.4038030e+06   1.9962060e-02
   5.4361680e+05   5.4038030e+06   6.1676580e-03
   5.4363140e+05   5.4038030e+06   1.8290590e-02
   5.4369860e+05   5.4038030e+06  -3.7853419e-03
   5.4379930e+05   5.4038030e+06   5.0762882e-02
   5.4380590e+05   5.4038030e+06   9.2371745e-03
   5.4385850e+05   5.4038030e+06   5.7324855e-02
   5.4346390e+05   5.4038040e+06   4.1805581e-03
   5.4349810e+05   5.4038040e+06   2.6648959e-02
   5.4352670e+05   5.4038040e+06  -1.3827034e-02
   5.4372430e+05   5.4038040e+06  -2.7999632e-02
   5.4377380e+05   5.4038040e+06  -1.5655172e-03
   5.4382000e+05   5.4038040e+06  -1.7301837e-02
   5.4347620e+05   5.4038050e+06   1.4674224e-02
   5.4355660e+05   5.4038050e+06   1.2748466e-03
   5.4358440e+05   5.4038050e+06   2.4640194e-02
   5.4358660e+05   5.4038050e+06   4.1894868e-02
   5.4364340e+05   5.4038050e+06  -1.7077348e-03
   5.4364610e+05   5.4038050e+06   9.8867978e-03
   5.4365880e+05   5.4038050e+06   2.0799242e-03
   5.4374160e+05   5.4038050e+06  -1.2869779e-02
   5.4389100e+05   5.4038050e+06   1.6542553e-02
   5.4338490e+05   5.4038060e+06   1.0833906e-02
   5.4339700e+05   5.4038060e+06   7.1657509e-03
   5.4346720e+05   5.4038060e+06  -1.1096581e-02
   5.4353740e+05   5.4038060e+06   4.9733209e-02
   5.4357480e+05   5.4038060e+06   2.4437901e-02
   5.4361690e+05   5.4038060e+06   2.5829098e-02
   5.4368480e+05   5.4038060e+06  -7.6334118e-03
   5.4375840e+05   5.4038060e+06  -4.2651127e-02
   5.4376190e+05   5.4038060e+06   8.2881096e-02
   5.4378600e+05   5.4038060e+06  -3.9927273e-02
   5.4383720e+05   5.4038060e+06  -8.2387724e-03
   5.4385070e+05   5.4038060e+06   2.6266381e-02
   5.4385870e+05   5.4038060e+06  -1.8811429e-03
   5.4387480e+05   5.4038060e+06  -1.9331859e-02
   5.4341380e+05   5.4038070e+06   2.4893819e-02
   5.4342420e+05   5.4038070e+06  -9.3901533e-03
   5.4344030e+05   5.4038070e+06   1.1815758e-02
   5.4350280e+05   5.4038070e+06  -2.1693222e-03
   5.4369790e+05   5.4038070e+06  -5.2116734e-03
   5.4370630e+05   5.4038070e+06  -2.1222771e-02
   5.4372480e+05   5.4038070e+06  -3.5788718e-02
   5.4377410e+05   5.4038070e+06  -3.6380788e-02
   5.4379960e+05   5.4038070e+06  -5.0843108e-03
   5.4382030e+05   5.4038070e+06   4.9478141e-03
   5.4348830e+05   5.4038080e+06   2.6013486e-02
   5.4356360e+05   5.4038080e+06   8.3495016e-02
   5.4359660e+05   5.4038080e+06   3.5474175e-02
   5.4360370e+05   5.4038080e+06   2.1779371e-02
   5.4363090e+05   5.4038080e+06   4.5732737e-03
   5.4351680e+05   5.4038090e+06   1.2401024e-02
   5.4361680e+05   5.4038090e+06   4.2288364e-02
   5.4364610e+05   5.4038090e+06   2.9679679e-03
   5.4365890e+05   5.4038090e+06   1.5181599e-02
   5.4380640e+05   5.4038090e+06   1.0245868e-02
   5.4382750e+05   5.4038090e+06   1.9288462e-02
   5.4383740e+05   5.4038090e+06   3.6819118e-03
   5.4345690e+05   5.4038100e+06   2.5900322e-02
   5.4349810e+05   5.4038100e+06   1.2788126e-02
   5.4355620e+05   5.4038100e+06  -4.6903935e-02
   5.4358610e+05   5.4038100e+06   1.7892447e-02
   5.4364330e+05   5.4038100e+06   4.1901582e-03
   5.4368420e+05   5.4038100e+06   3.9859583e-03
   5.4372530e+05   5.4038100e+06  -2.0860204e-02
   5.4377440e+05   5.4038100e+06  -2.6877652e-02
   5.4382050e+05   5.4038100e+06  -3.5608899e-03
   5.4385910e+05   5.4038100e+06   1.9677805e-02
   5.4389090e+05   5.4038100e+06   1.6049383e-02
   5.4339660e+05   5.4038110e+06  -4.7331757e-03
   5.4342740e+05   5.4038110e+06   3.2066406e-02
   5.4352630e+05   5.4038110e+06   7.9788945e-04
   5.4358460e+05   5.4038110e+06   3.9432421e-02
   5.4374220e+05   5.4038110e+06   2.6569752e-02
   5.4375880e+05   5.4038110e+06  -3.5007391e-02
   5.4376240e+05   5.4038110e+06   5.2226699e-02
   5.4379990e+05   5.4038110e+06   9.7926824e-03
   5.4347630e+05   5.4038120e+06  -5.4578367e-03
   5.4357410e+05   5.4038120e+06  -3.1655640e-02
   5.4361670e+05   5.4038120e+06   5.6763281e-02
   5.4365890e+05   5.4038120e+06   2.6591005e-02
   5.4369730e+05   5.4038120e+06   2.2588566e-02
   5.4370560e+05   5.4038120e+06   4.3720537e-03
   5.4385110e+05   5.4038120e+06   2.3375625e-02
   5.4387490e+05   5.4038120e+06   1.6013697e-02
   5.4342380e+05   5.4038130e+06  -2.1625079e-02
   5.4343960e+05   5.4038130e+06  -9.7517560e-03
   5.4346410e+05   5.4038130e+06   1.6799793e-02
   5.4346630e+05   5.4038130e+06   4.9684103e-03
   5.4353740e+05   5.4038130e+06   4.3635700e-02
   5.4356310e+05   5.4038130e+06   6.7850499e-02
   5.4359680e+05   5.4038130e+06  -3.5847242e-03
   5.4372590e+05   5.4038130e+06   5.0646465e-03
   5.4378660e+05   5.4038130e+06   5.6456388e-03
   5.4382070e+05   5.4038130e+06  -1.5824694e-02
   5.4383770e+05   5.4038130e+06  -1.2189087e-02
   5.4385930e+05   5.4038130e+06  -8.9809773e-03
   5.4338440e+05   5.4038140e+06  -1.3200813e-02
   5.4341310e+05   5.4038140e+06   4.2494281e-03
   5.4350270e+05   5.4038140e+06  -7.5094828e-04
   5.4360390e+05   5.4038140e+06   3.7010101e-04
   5.4364630e+05   5.4038140e+06   6.4124795e-02
   5.4377480e+05   5.4038140e+06  -1.2178355e-03
   5.4380700e+05   5.4038140e+06   9.2574610e-03
   5.4389080e+05   5.4038140e+06  -2.6216216e-03
   5.4361670e+05   5.4038150e+06   8.1170687e-02
   5.4363040e+05   5.4038150e+06   4.9106557e-02
   5.4364300e+05   5.4038150e+06   6.6534167e-02
   5.4365890e+05   5.4038150e+06   4.2315599e-02
   5.4368360e+05   5.4038150e+06   2.2253501e-02
   5.4375910e+05   5.4038150e+06  -2.9823625e-02
   5.4380010e+05   5.4038150e+06  -3.7841253e-03
   5.4351680e+05   5.4038160e+06  -8.1434011e-03
   5.4358470e+05   5.4038160e+06   1.2555509e-02
   5.4372630e+05   5.4038160e+06   2.1208911e-02
   5.4374280e+05   5.4038160e+06   6.6987654e-03
   5.4376290e+05   5.4038160e+06   3.4806595e-02
   5.4382810e+05   5.4038160e+06   1.9692495e-02
   5.4339620e+05   5.4038170e+06   8.7601266e-04
   5.4348830e+05   5.4038170e+06   3.0413429e-02
   5.4349820e+05   5.4038170e+06   1.7399098e-02
   5.4355600e+05   5.4038170e+06  -1.8590750e-02
   5.4358560e+05   5.4038170e+06   9.8231824e-03
   5.4369640e+05   5.4038170e+06   3.6752941e-02
   5.4377510e+05   5.4038170e+06  -1.8173002e-02
   5.4382090e+05   5.4038170e+06  -7.0818238e-03
   5.4383800e+05   5.4038170e+06  -1.1690722e-02
   5.4387510e+05   5.4038170e+06   2.1850480e-02
   5.4342680e+05   5.4038180e+06   8.2990298e-03
   5.4352590e+05   5.4038180e+06  -6.5338565e-04
   5.4357360e+05   5.4038180e+06  -2.2798242e-02
   5.4359680e+05   5.4038180e+06  -1.9915500e-02
   5.4361660e+05   5.4038180e+06   6.3300961e-02
   5.4375910e+05   5.4038180e+06  -2.7140000e-02
   5.4385140e+05   5.4038180e+06   1.4251814e-02
   5.4385970e+05   5.4038180e+06   1.7491078e-02
   5.4342350e+05   5.4038190e+06  -1.0691864e-02
   5.4345610e+05   5.4038190e+06   1.5490774e-02
   5.4346560e+05   5.4038190e+06  -1.9920515e-02
   5.4356270e+05   5.4038190e+06   2.9678978e-02
   5.4364290e+05   5.4038190e+06  -1.1800725e-02
   5.4364640e+05   5.4038190e+06   4.0357700e-02
   5.4370480e+05   5.4038190e+06   1.9826096e-02
   5.4372690e+05   5.4038190e+06   1.0113636e-02
   5.4380040e+05   5.4038190e+06  -3.1941010e-03
   5.4341250e+05   5.4038200e+06   9.5668016e-03
   5.4347650e+05   5.4038200e+06   8.9869942e-03
   5.4350260e+05   5.4038200e+06   5.0025794e-03
   5.4360420e+05   5.4038200e+06  -7.9382278e-03
   5.4363000e+05   5.4038200e+06  -2.0166205e-02
   5.4365900e+05   5.4038200e+06   1.9472180e-02
   5.4368320e+05   5.4038200e+06   3.8870869e-02
   5.4374320e+05   5.4038200e+06   2.3846337e-02
   5.4378730e+05   5.4038200e+06   7.8806773e-03
   5.4380760e+05   5.4038200e+06   1.3766802e-02
   5.4382120e+05   5.4038200e+06  -8.1719844e-03
   5.4383830e+05   5.4038200e+06   5.0988142e-04
   5.4389080e+05   5.4038200e+06   1.8378378e-02
   5.4343890e+05   5.4038210e+06   2.3439204e-03
   5.4346430e+05   5.4038210e+06   2.1145764e-02
   5.4353740e+05   5.4038210e+06   5.2036406e-02
   5.4361650e+05   5.4038210e+06   1.6938215e-02
   5.4377550e+05   5.4038210e+06   5.2167961e-03
   5.4338390e+05   5.4038220e+06  -1.0382482e-03
   5.4355560e+05   5.4038220e+06  -2.5633326e-02
   5.4369550e+05   5.4038220e+06   5.6821658e-02
   5.4376360e+05   5.4038220e+06   6.9913932e-02
   5.4386000e+05   5.4038220e+06  -8.4038095e-03
   5.4387520e+05   5.4038220e+06  -4.9902534e-05
   5.4339580e+05   5.4038230e+06   2.2187193e-03
   5.4349830e+05   5.4038230e+06   3.0021361e-03
   5.4351680e+05   5.4038230e+06  -1.5529684e-02
   5.4357300e+05   5.4038230e+06  -3.4977765e-02
   5.4358490e+05   5.4038230e+06   4.0475036e-02
   5.4359690e+05   5.4038230e+06  -2.9506136e-02
   5.4372760e+05   5.4038230e+06   6.2425771e-02
   5.4374360e+05   5.4038230e+06   3.7846292e-02
   5.4375950e+05   5.4038230e+06   1.3216029e-02
   5.4380070e+05   5.4038230e+06   1.3580457e-02
   5.4382860e+05   5.4038230e+06   3.1174644e-02
   5.4383840e+05   5.4038230e+06  -6.8095379e-03
   5.4358500e+05   5.4038240e+06   1.8906358e-02
   5.4364270e+05   5.4038240e+06  -1.8288388e-02
   5.4364640e+05   5.4038240e+06  -1.3935326e-02
   5.4365910e+05   5.4038240e+06  -1.0393905e-02
   5.4377580e+05   5.4038240e+06   2.4472000e-03
   5.4382140e+05   5.4038240e+06   1.4755556e-03
   5.4385180e+05   5.4038240e+06   6.8336567e-03
   5.4342610e+05   5.4038250e+06   7.2011453e-03
   5.4348820e+05   5.4038250e+06   8.4722426e-03
   5.4352560e+05   5.4038250e+06  -5.5829830e-03
   5.4360450e+05   5.4038250e+06  -1.3136076e-02
   5.4361660e+05   5.4038250e+06   1.4712020e-02
   5.4370390e+05   5.4038250e+06   6.1964173e-02
   5.4389060e+05   5.4038250e+06   1.1226766e-02
   5.4341180e+05   5.4038260e+06   1.0243826e-02
   5.4342310e+05   5.4038260e+06  -1.4021460e-02
   5.4350260e+05   5.4038260e+06  -1.3505225e-03
   5.4356230e+05   5.4038260e+06   5.2763357e-02
   5.4362950e+05   5.4038260e+06   2.5004988e-03
   5.4368260e+05   5.4038260e+06   3.1313162e-02
   5.4380820e+05   5.4038260e+06   3.6778587e-02
   5.4346490e+05   5.4038270e+06  -1.1614077e-02
   5.4365910e+05   5.4038270e+06  -1.3032012e-02
   5.4372830e+05   5.4038270e+06   5.7402128e-02
   5.4374410e+05   5.4038270e+06   7.4200676e-02
   5.4378800e+05   5.4038270e+06   4.2695153e-02
   5.4380100e+05   5.4038270e+06   2.1078075e-02
   5.4383880e+05   5.4038270e+06   1.5479509e-02
   5.4386040e+05   5.4038270e+06   2.6322378e-03
   5.4343830e+05   5.4038280e+06  -1.7738871e-03
   5.4345530e+05   5.4038280e+06   6.9416556e-03
   5.4347670e+05   5.4038280e+06   2.9512991e-03
   5.4359700e+05   5.4038280e+06  -2.4460587e-02
   5.4364650e+05   5.4038280e+06  -3.5008274e-03
   5.4369460e+05   5.4038280e+06   1.6956429e-02
   5.4375980e+05   5.4038280e+06   2.6928331e-02
   5.4376420e+05   5.4038280e+06   9.7039494e-02
   5.4377620e+05   5.4038280e+06   1.9720821e-02
   5.4382160e+05   5.4038280e+06  -5.2677234e-03
   5.4387540e+05   5.4038280e+06   2.3489716e-02
   5.4353740e+05   5.4038290e+06   2.7609373e-02
   5.4355540e+05   5.4038290e+06  -1.5178550e-02
   5.4357240e+05   5.4038290e+06  -1.8490010e-02
   5.4361640e+05   5.4038290e+06   2.2790810e-02
   5.4364250e+05   5.4038290e+06  -2.4475000e-02
   5.4338340e+05   5.4038300e+06  -4.0820302e-03
   5.4346460e+05   5.4038300e+06   1.0963262e-02
   5.4351690e+05   5.4038300e+06  -1.2179651e-02
   5.4358450e+05   5.4038300e+06   4.2562500e-03
   5.4358510e+05   5.4038300e+06   4.1533838e-02
   5.4370310e+05   5.4038300e+06  -3.2382286e-02
   5.4382920e+05   5.4038300e+06   3.2270748e-02
   5.4385210e+05   5.4038300e+06   1.9859593e-02
   5.4389050e+05   5.4038300e+06   3.7583893e-03
   5.4339530e+05   5.4038310e+06  -1.6137533e-02
   5.4349840e+05   5.4038310e+06   5.4226014e-03
   5.4362910e+05   5.4038310e+06   2.3351676e-02
   5.4368190e+05   5.4038310e+06  -2.5212422e-02
   5.4380130e+05   5.4038310e+06   3.1842322e-02
   5.4383910e+05   5.4038310e+06   2.5520147e-02
   5.4386070e+05   5.4038310e+06   1.2623453e-02
   5.4342560e+05   5.4038320e+06   1.4299596e-02
   5.4352510e+05   5.4038320e+06   1.4584489e-03
   5.4356190e+05   5.4038320e+06   3.5361298e-02
   5.4360470e+05   5.4038320e+06   4.9233891e-03
   5.4365910e+05   5.4038320e+06  -1.0609888e-03
   5.4372910e+05   5.4038320e+06  -1.8058928e-02
   5.4374460e+05   5.4038320e+06   9.4454784e-02
   5.4377660e+05   5.4038320e+06   3.1592012e-02
   5.4380890e+05   5.4038320e+06   4.6763654e-02
   5.4341140e+05   5.4038330e+06   9.8554302e-03
   5.4342280e+05   5.4038330e+06  -1.7906562e-02
   5.4350260e+05   5.4038330e+06  -3.2136885e-03
   5.4359700e+05   5.4038330e+06  -1.9395196e-02
   5.4361640e+05   5.4038330e+06   8.0873880e-03
   5.4364660e+05   5.4038330e+06   1.9972818e-02
   5.4376010e+05   5.4038330e+06  -4.9077070e-02
   5.4378860e+05   5.4038330e+06   5.0002402e-02
   5.4382210e+05   5.4038330e+06   2.9582893e-02
   5.4387560e+05   5.4038330e+06   2.0424961e-02
   5.4346410e+05   5.4038340e+06  -1.0706969e-02
   5.4347670e+05   5.4038340e+06   3.2373522e-04
   5.4348810e+05   5.4038340e+06   7.7403557e-03
   5.4357190e+05   5.4038340e+06  -2.8194125e-02
   5.4369380e+05   5.4038340e+06  -9.9594406e-03
   5.4376480e+05   5.4038340e+06   1.4740720e-01
   5.4380150e+05   5.4038340e+06   9.0421991e-03
   5.4343760e+05   5.4038350e+06  -3.0016153e-03
   5.4355510e+05   5.4038350e+06  -1.7164541e-02
   5.4364240e+05   5.4038350e+06  -1.9403874e-02
   5.4377700e+05   5.4038350e+06  -4.6378947e-02
   5.4383940e+05   5.4038350e+06   7.6694084e-03
   5.4386100e+05   5.4038350e+06   1.8558519e-02
   5.4389040e+05   5.4038350e+06   3.0521148e-02
   5.4358410e+05   5.4038360e+06  -4.9671810e-03
   5.4362860e+05   5.4038360e+06   1.5937952e-03
   5.4382960e+05   5.4038360e+06   2.0108417e-02
   5.4385260e+05   5.4038360e+06   4.7943114e-02
   5.4345460e+05   5.4038370e+06   2.1622670e-02
   5.4349840e+05   5.4038370e+06  -4.9421429e-03
   5.4351680e+05   5.4038370e+06  -7.9085251e-03
   5.4353750e+05   5.4038370e+06   1.3766137e-02
   5.4364670e+05   5.4038370e+06   9.6294964e-03
   5.4368120e+05   5.4038370e+06  -4.0047443e-03
   5.4370240e+05   5.4038370e+06  -1.6006346e-02
   5.4374510e+05   5.4038370e+06   8.7990955e-03
   5.4376030e+05   5.4038370e+06  -7.9217988e-02
   5.4382230e+05   5.4038370e+06  -1.6497043e-02
   5.4338280e+05   5.4038380e+06  -3.2651199e-02
   5.4339460e+05   5.4038380e+06  -1.9125243e-02
   5.4342500e+05   5.4038380e+06   2.8168317e-03
   5.4346480e+05   5.4038380e+06   3.7516355e-03
   5.4356140e+05   5.4038380e+06   3.9130833e-02
   5.4358530e+05   5.4038380e+06   3.9329553e-02
   5.4360490e+05   5.4038380e+06  -2.3178947e-04
   5.4361630e+05   5.4038380e+06   1.7409065e-02
   5.4365920e+05   5.4038380e+06  -4.8587208e-03
   5.4373000e+05   5.4038380e+06  -3.1510158e-02
   5.4380950e+05   5.4038380e+06   4.8247714e-02
   5.4341080e+05   5.4038390e+06  -9.1111536e-03
   5.4350240e+05   5.4038390e+06   6.4831790e-03
   5.4352480e+05   5.4038390e+06   1.3243260e-02
   5.4359710e+05   5.4038390e+06  -1.1078236e-02
   5.4377740e+05   5.4038390e+06  -5.4202523e-02
   5.4380180e+05   5.4038390e+06  -1.7222008e-02
   5.4386130e+05   5.4038390e+06  -1.4183246e-02
   5.4387580e+05   5.4038390e+06   2.2677486e-02
   5.4357130e+05   5.4038400e+06  -1.2705211e-02
   5.4362820e+05   5.4038400e+06  -1.0538050e-02
   5.4376540e+05   5.4038400e+06   5.6195647e-02
   5.4378930e+05   5.4038400e+06  -5.5952323e-03
   5.4383970e+05   5.4038400e+06  -1.9278678e-02
   5.4389030e+05   5.4038400e+06  -2.3828125e-03
   5.4342240e+05   5.4038410e+06  -8.5842199e-03
   5.4347680e+05   5.4038410e+06  -1.0023839e-02
   5.4364220e+05   5.4038410e+06  -1.2443061e-02
   5.4369290e+05   5.4038410e+06   7.8347813e-03
   5.4343710e+05   5.4038420e+06  -1.1075969e-02
   5.4346320e+05   5.4038420e+06  -2.9201144e-03
   5.4355470e+05   5.4038420e+06  -1.6838317e-03
   5.4358360e+05   5.4038420e+06   9.5586750e-03
   5.4361630e+05   5.4038420e+06   1.8757329e-02
   5.4364680e+05   5.4038420e+06   1.1183033e-02
   5.4370160e+05   5.4038420e+06  -1.7803250e-02
   5.4374580e+05   5.4038420e+06  -7.4395495e-03
   5.4376060e+05   5.4038420e+06  -4.2861447e-02
   5.4382260e+05   5.4038420e+06  -3.0531211e-02
   5.4385290e+05   5.4038420e+06   9.8280152e-03
   5.4348790e+05   5.4038430e+06  -1.2216341e-03
   5.4365930e+05   5.4038430e+06  -7.8328113e-03
   5.4368060e+05   5.4038430e+06   6.7668669e-03
   5.4373090e+05   5.4038430e+06  -1.8792605e-02
   5.4377770e+05   5.4038430e+06  -4.5810668e-02
   5.4383030e+05   5.4038430e+06  -5.5511377e-04
   5.4386160e+05   5.4038430e+06  -3.1338487e-02
   5.4339430e+05   5.4038440e+06   5.0672597e-03
   5.4345380e+05   5.4038440e+06  -1.2096669e-02
   5.4349840e+05   5.4038440e+06  -1.4126748e-02
   5.4353750e+05   5.4038440e+06   9.1117747e-03
   5.4380210e+05   5.4038440e+06  -3.1186471e-02
   5.4381010e+05   5.4038440e+06   6.4016366e-03
   5.4384000e+05   5.4038440e+06  -2.1426267e-02
   5.4342460e+05   5.4038450e+06  -1.6103420e-02
   5.4351680e+05   5.4038450e+06  -1.9968018e-02
   5.4356100e+05   5.4038450e+06   3.3852252e-02
   5.4359730e+05   5.4038450e+06  -5.7013640e-03
   5.4360530e+05   5.4038450e+06  -1.4820466e-02
   5.4387610e+05   5.4038450e+06   1.7130881e-02
   5.4389020e+05   5.4038450e+06  -2.5285388e-02
   5.4341010e+05   5.4038460e+06  -3.0280611e-02
   5.4346500e+05   5.4038460e+06  -3.5780708e-03
   5.4357090e+05   5.4038460e+06  -2.2121483e-03
   5.4358550e+05   5.4038460e+06   2.2654663e-02
   5.4362780e+05   5.4038460e+06   7.7753571e-04
   5.4376090e+05   5.4038460e+06  -3.7631613e-02
   5.4376610e+05   5.4038460e+06   2.8718841e-02
   5.4338210e+05   5.4038470e+06  -1.6855433e-02
   5.4350240e+05   5.4038470e+06   1.3375890e-02
   5.4352440e+05   5.4038470e+06   9.0417943e-03
   5.4361620e+05   5.4038470e+06   2.1580325e-02
   5.4364190e+05   5.4038470e+06  -4.6134359e-03
   5.4364680e+05   5.4038470e+06   8.0355396e-03
   5.4365930e+05   5.4038470e+06  -1.3103069e-03
   5.4369190e+05   5.4038470e+06  -1.8324141e-03
   5.4373160e+05   5.4038470e+06  -1.4351935e-03
   5.4374630e+05   5.4038470e+06   6.2432623e-03
   5.4378990e+05   5.4038470e+06   3.9819956e-03
   5.4382290e+05   5.4038470e+06  -2.7488525e-02
   5.4386180e+05   5.4038470e+06  -2.2855700e-02
   5.4347710e+05   5.4038480e+06  -4.9799590e-03
   5.4355430e+05   5.4038480e+06  -1.7424524e-02
   5.4358310e+05   5.4038480e+06   2.5013696e-03
   5.4370080e+05   5.4038480e+06  -7.3972479e-03
   5.4377830e+05   5.4038480e+06  -1.4180840e-02
   5.4380240e+05   5.4038480e+06  -2.7717339e-02
   5.4385330e+05   5.4038480e+06   5.3760987e-03
   5.4343660e+05   5.4038490e+06  -6.9345953e-03
   5.4346240e+05   5.4038490e+06  -4.4983571e-03
   5.4367990e+05   5.4038490e+06   2.3073689e-03
   5.4384040e+05   5.4038490e+06  -3.9992696e-03
   5.4342200e+05   5.4038500e+06   1.5840893e-03
   5.4381080e+05   5.4038500e+06   5.6924064e-03
   5.4383080e+05   5.4038500e+06   7.9099253e-03
   5.4387610e+05   5.4038500e+06  -1.6453863e-03
   5.4339380e+05   5.4038510e+06   2.5311485e-02
   5.4342390e+05   5.4038510e+06  -6.3606676e-03
   5.4348780e+05   5.4038510e+06  -5.0494901e-04
   5.4356060e+05   5.4038510e+06   2.1701370e-02
   5.4359740e+05   5.4038510e+06  -1.8100362e-02
   5.4362740e+05   5.4038510e+06  -1.2699003e-02
   5.4376110e+05   5.4038510e+06  -1.0189036e-02
   5.4382330e+05   5.4038510e+06  -1.6520401e-02
   5.4386230e+05   5.4038510e+06  -5.2756604e-03
   5.4389010e+05   5.4038510e+06  -5.1553702e-03
   5.4349860e+05   5.4038520e+06  -3.9515847e-03
   5.4351690e+05   5.4038520e+06  -1.9031917e-02
   5.4353760e+05   5.4038520e+06   1.9627930e-02
   5.4357030e+05   5.4038520e+06  -1.3656395e-02
   5.4361620e+05   5.4038520e+06   1.7676122e-02
   5.4364180e+05   5.4038520e+06  -1.3849017e-02
   5.4364690e+05   5.4038520e+06   5.2391327e-03
   5.4365930e+05   5.4038520e+06  -3.8925554e-03
   5.4373230e+05   5.4038520e+06  -5.4157500e-03
   5.4374680e+05   5.4038520e+06   1.3590183e-02
   5.4376660e+05   5.4038520e+06   3.0392025e-02
   5.4377870e+05   5.4038520e+06  -1.0824482e-02
   5.4340940e+05   5.4038530e+06   3.2896850e-03
   5.4345310e+05   5.4038530e+06  -2.6607230e-02
   5.4358570e+05   5.4038530e+06   1.4109167e-02
   5.4360550e+05   5.4038530e+06  -2.3727929e-04
   5.4369110e+05   5.4038530e+06  -7.0083422e-03
   5.4380270e+05   5.4038530e+06  -1.8699720e-02
   5.4384060e+05   5.4038530e+06  -2.0979520e-02
   5.4346520e+05   5.4038540e+06  -2.2592438e-02
   5.4347720e+05   5.4038540e+06  -3.0532825e-02
   5.4358270e+05   5.4038540e+06  -1.2252076e-02
   5.4369990e+05   5.4038540e+06  -4.8759355e-03
   5.4386250e+05   5.4038540e+06  -2.1982161e-02
   5.4338160e+05   5.4038550e+06   3.5644178e-02
   5.4343590e+05   5.4038550e+06   5.6072340e-03
   5.4350230e+05   5.4038550e+06   1.1314993e-02
   5.4352390e+05   5.4038550e+06   4.7602354e-03
   5.4355400e+05   5.4038550e+06  -1.5654914e-02
   5.4379060e+05   5.4038550e+06   7.3454271e-03
   5.4385380e+05   5.4038550e+06   2.0301543e-02
   5.4346160e+05   5.4038560e+06  -1.7254506e-02
   5.4362700e+05   5.4038560e+06  -8.1252993e-03
   5.4365940e+05   5.4038560e+06  -1.1512665e-02
   5.4367910e+05   5.4038560e+06  -9.8015919e-03
   5.4374740e+05   5.4038560e+06   1.6012640e-02
   5.4376140e+05   5.4038560e+06  -2.0655214e-02
   5.4381140e+05   5.4038560e+06  -2.9141724e-03
   5.4382360e+05   5.4038560e+06  -1.6808707e-02
   5.4387630e+05   5.4038560e+06  -1.2048016e-03
   5.4342340e+05   5.4038570e+06   6.3509649e-03
   5.4356010e+05   5.4038570e+06   1.0727789e-02
   5.4359740e+05   5.4038570e+06  -9.3902626e-03
   5.4361610e+05   5.4038570e+06   1.0163191e-02
   5.4373320e+05   5.4038570e+06  -5.0338433e-03
   5.4377920e+05   5.4038570e+06  -2.1552758e-02
   5.4380300e+05   5.4038570e+06  -9.3086324e-03
   5.4388990e+05   5.4038570e+06  -8.5890366e-03
   5.4339330e+05   5.4038580e+06   2.2550930e-02
   5.4342170e+05   5.4038580e+06   1.6485190e-02
   5.4348770e+05   5.4038580e+06  -2.2178238e-02
   5.4364160e+05   5.4038580e+06  -7.4573471e-04
   5.4364710e+05   5.4038580e+06   6.4359095e-03
   5.4376720e+05   5.4038580e+06   2.7589520e-02
   5.4384110e+05   5.4038580e+06   2.6840541e-03
   5.4386280e+05   5.4038580e+06  -1.5785806e-02
   5.4340890e+05   5.4038590e+06   2.9177883e-02
   5.4349860e+05   5.4038590e+06  -1.2970580e-02
   5.4356980e+05   5.4038590e+06   3.7252924e-04
   5.4369010e+05   5.4038590e+06  -5.7495165e-03
   5.4383140e+05   5.4038590e+06   6.3517500e-03
   5.4351690e+05   5.4038600e+06  -1.1898425e-02
   5.4353750e+05   5.4038600e+06   1.5826055e-02
   5.4358210e+05   5.4038600e+06  -5.6509078e-03
   5.4358590e+05   5.4038600e+06   1.3430386e-02
   5.4360590e+05   5.4038600e+06  -7.0851271e-03
   5.4362650e+05   5.4038600e+06  -4.4284056e-03
   5.4374780e+05   5.4038600e+06   7.7068674e-03
   5.4343550e+05   5.4038610e+06   1.4399854e-03
   5.4345250e+05   5.4038610e+06   1.3943537e-03
   5.4346540e+05   5.4038610e+06  -6.6842589e-03
   5.4347740e+05   5.4038610e+06   2.4261846e-03
   5.4355370e+05   5.4038610e+06  -1.0272125e-02
   5.4361600e+05   5.4038610e+06   1.0316680e-02
   5.4369910e+05   5.4038610e+06   6.8121964e-03
   5.4379120e+05   5.4038610e+06   7.1883381e-03
   5.4385410e+05   5.4038610e+06   1.7470765e-02
   5.4386300e+05   5.4038610e+06  -1.3180865e-02
   5.4387660e+05   5.4038610e+06   8.3106049e-03
   5.4365940e+05   5.4038620e+06  -9.5259329e-03
   5.4373400e+05   5.4038620e+06  -5.1488909e-03
   5.4376180e+05   5.4038620e+06  -6.2535549e-03
   5.4377960e+05   5.4038620e+06  -5.7746260e-03
   5.4380330e+05   5.4038620e+06  -3.9314632e-03
   5.4381210e+05   5.4038620e+06   1.3643833e-02
   5.4382390e+05   5.4038620e+06  -6.7172274e-03
   5.4338100e+05   5.4038630e+06   8.5597995e-03
   5.4346090e+05   5.4038630e+06   5.6472294e-03
   5.4350220e+05   5.4038630e+06  -2.5415915e-02
   5.4352350e+05   5.4038630e+06  -1.2634269e-03
   5.4355980e+05   5.4038630e+06   9.7358971e-03
   5.4359750e+05   5.4038630e+06  -1.1699249e-02
   5.4364140e+05   5.4038630e+06  -9.9945897e-03
   5.4367850e+05   5.4038630e+06  -5.6764753e-03
   5.4384140e+05   5.4038630e+06  -1.8135104e-02
   5.4342290e+05   5.4038640e+06  -2.0304602e-02
   5.4374830e+05   5.4038640e+06   2.3280364e-03
   5.4376780e+05   5.4038640e+06   3.0017416e-02
   5.4388980e+05   5.4038640e+06  -1.3889892e-02
   5.4339280e+05   5.4038650e+06  -1.4116968e-02
   5.4340830e+05   5.4038650e+06  -8.3205301e-03
   5.4342130e+05   5.4038650e+06  -5.6429389e-03
   5.4356900e+05   5.4038650e+06  -1.1753265e-02
   5.4364720e+05   5.4038650e+06   1.1260451e-02
   5.4386330e+05   5.4038650e+06  -2.3111150e-02
   5.4387660e+05   5.4038650e+06   9.1904022e-03
   5.4343490e+05   5.4038660e+06  -2.4461053e-03
   5.4348770e+05   5.4038660e+06  -2.2976694e-02
   5.4358610e+05   5.4038660e+06   8.3326937e-03
   5.4361590e+05   5.4038660e+06   8.6704854e-03
   5.4362620e+05   5.4038660e+06   1.4964370e-02
   5.4365940e+05   5.4038660e+06  -2.5904086e-03
   5.4368920e+05   5.4038660e+06   3.0064474e-03
   5.4373480e+05   5.4038660e+06  -1.1557077e-02
   5.4347740e+05   5.4038670e+06   2.1086075e-02
   5.4355340e+05   5.4038670e+06  -1.0327148e-02
   5.4358170e+05   5.4038670e+06   2.3750000e-03
   5.4360610e+05   5.4038670e+06   2.2841799e-03
   5.4369830e+05   5.4038670e+06  -2.9700000e-03
   5.4376210e+05   5.4038670e+06  -2.1422105e-02
   5.4378010e+05   5.4038670e+06  -2.0388990e-02
   5.4379180e+05   5.4038670e+06   5.1749865e-03
   5.4380380e+05   5.4038670e+06  -6.5211849e-04
   5.4382440e+05   5.4038670e+06  -1.1764056e-02
   5.4383210e+05   5.4038670e+06   1.7439801e-02
   5.4384180e+05   5.4038670e+06  -2.9854428e-02
   5.4346560e+05   5.4038680e+06   4.4904977e-04
   5.4349880e+05   5.4038680e+06   1.4302900e-03
   5.4351690e+05   5.4038680e+06  -2.2705307e-02
   5.4353760e+05   5.4038680e+06   1.1830041e-02
   5.4359760e+05   5.4038680e+06  -1.2027313e-02
   5.4367780e+05   5.4038680e+06  -2.4873534e-03
   5.4374870e+05   5.4038680e+06   3.6530265e-03
   5.4381270e+05   5.4038680e+06   4.9025045e-03
   5.4385460e+05   5.4038680e+06   1.0691876e-02
   5.4338060e+05   5.4038690e+06  -3.4971474e-02
   5.4342240e+05   5.4038690e+06  -2.7848801e-02
   5.4345180e+05   5.4038690e+06  -7.5877005e-03
   5.4364130e+05   5.4038690e+06  -9.1366960e-03
   5.4376840e+05   5.4038690e+06   2.1027996e-02
   5.4386370e+05   5.4038690e+06  -1.9045243e-02
   5.4387680e+05   5.4038690e+06   6.1622928e-03
   5.4340780e+05   5.4038700e+06  -3.0071224e-02
   5.4346010e+05   5.4038700e+06  -5.8854294e-03
   5.4350210e+05   5.4038700e+06  -4.2327749e-02
   5.4355930e+05   5.4038700e+06   6.6527909e-03
   5.4362580e+05   5.4038700e+06  -2.5880814e-03
   5.4365950e+05   5.4038700e+06  -2.7337368e-03
   5.4352310e+05   5.4038710e+06  -1.5567134e-02
   5.4356840e+05   5.4038710e+06  -7.8902252e-03
   5.4361580e+05   5.4038710e+06   5.9307637e-03
   5.4373560e+05   5.4038710e+06  -8.7488013e-03
   5.4374910e+05   5.4038710e+06   4.6059791e-03
   5.4376230e+05   5.4038710e+06  -1.6435430e-02
   5.4388970e+05   5.4038710e+06  -6.9209192e-03
   5.4339230e+05   5.4038720e+06  -3.5941890e-02
   5.4342100e+05   5.4038720e+06  -5.0859904e-02
   5.4343460e+05   5.4038720e+06  -5.5108162e-02
   5.4348750e+05   5.4038720e+06  -5.0997024e-03
   5.4355310e+05   5.4038720e+06  -7.7945180e-03
   5.4358630e+05   5.4038720e+06   7.6610034e-03
   5.4364730e+05   5.4038720e+06   1.2479895e-02
   5.4368820e+05   5.4038720e+06   2.1288038e-03
   5.4378080e+05   5.4038720e+06  -9.7978621e-03
   5.4380410e+05   5.4038720e+06  -1.1334553e-02
   5.4382460e+05   5.4038720e+06  -2.8357378e-02
   5.4384230e+05   5.4038720e+06  -1.1923619e-02
   5.4387690e+05   5.4038720e+06  -5.0761440e-03
   5.4342210e+05   5.4038730e+06  -3.9460649e-02
   5.4358110e+05   5.4038730e+06  -5.5877651e-03
   5.4367730e+05   5.4038730e+06   6.3686588e-03
   5.4369760e+05   5.4038730e+06   7.7076575e-03
   5.4379240e+05   5.4038730e+06  -7.3070326e-03
   5.4385480e+05   5.4038730e+06   8.0853971e-05
   5.4386400e+05   5.4038730e+06  -1.9988177e-02
   5.4338020e+05   5.4038740e+06  -8.2814120e-02
   5.4346580e+05   5.4038740e+06  -5.4362628e-02
   5.4347760e+05   5.4038740e+06  -3.8467187e-02
   5.4360640e+05   5.4038740e+06  -7.4083516e-03
   5.4362540e+05   5.4038740e+06  -1.6913224e-03
   5.4381330e+05   5.4038740e+06  -4.3712082e-03
   5.4340740e+05   5.4038750e+06  -8.2060522e-02
   5.4345120e+05   5.4038750e+06  -6.6599010e-02
   5.4349880e+05   5.4038750e+06   2.5791445e-02
   5.4359780e+05   5.4038750e+06  -8.0458165e-03
   5.4364100e+05   5.4038750e+06  -1.1027877e-02
   5.4365960e+05   5.4038750e+06  -6.2499628e-03
   5.4376260e+05   5.4038750e+06  -2.5676923e-03
   5.4376900e+05   5.4038750e+06   1.0815265e-03
   5.4383280e+05   5.4038750e+06   1.1559554e-03
   5.4342190e+05   5.4038760e+06  -3.4471434e-02
   5.4343410e+05   5.4038760e+06  -9.1398835e-02
   5.4345930e+05   5.4038760e+06  -5.7943098e-02
   5.4351700e+05   5.4038760e+06   4.6021350e-02
   5.4361580e+05   5.4038760e+06  -9.9000692e-03
   5.4374960e+05   5.4038760e+06   4.2711980e-04
   5.4378110e+05   5.4038760e+06  -1.5037778e-03
   5.4385510e+05   5.4038760e+06   6.2687500e-04
   5.4387700e+05   5.4038760e+06   1.5771380e-03
   5.4348760e+05   5.4038770e+06  -4.9269065e-02
   5.4358640e+05   5.4038770e+06   3.9707527e-03
   5.4373670e+05   5.4038770e+06  -5.2056400e-03
   5.4382500e+05   5.4038770e+06  -9.0008425e-03
   5.4384260e+05   5.4038770e+06  -1.0714933e-02
   5.4386430e+05   5.4038770e+06  -1.2973713e-02
   5.4339190e+05   5.4038780e+06   4.7462170e-02
   5.4342070e+05   5.4038780e+06  -1.0544602e-01
   5.4350200e+05   5.4038780e+06  -8.5124568e-02
   5.4352270e+05   5.4038780e+06  -4.9110313e-02
   5.4353760e+05   5.4038780e+06  -3.3611048e-03
   5.4355280e+05   5.4038780e+06  -1.4608092e-02
   5.4356790e+05   5.4038780e+06  -9.7421762e-03
   5.4362510e+05   5.4038780e+06   5.0652900e-03
   5.4367660e+05   5.4038780e+06   5.2053005e-03
   5.4368720e+05   5.4038780e+06   4.6637198e-03
   5.4369680e+05   5.4038780e+06  -8.3393958e-03
   5.4380450e+05   5.4038780e+06  -1.1648371e-02
   5.4388960e+05   5.4038780e+06  -2.5101595e-03
   5.4337990e+05   5.4038790e+06  -5.4202142e-02
   5.4340710e+05   5.4038790e+06  -6.3516085e-02
   5.4342160e+05   5.4038790e+06   2.3500197e-02
   5.4346580e+05   5.4038790e+06  -3.3573378e-02
   5.4347780e+05   5.4038790e+06  -1.2264828e-02
   5.4355860e+05   5.4038790e+06  -3.6139136e-03
   5.4364750e+05   5.4038790e+06   8.8146930e-03
   5.4376280e+05   5.4038790e+06  -1.5309570e-02
   5.4379290e+05   5.4038790e+06  -4.1432998e-03
   5.4343380e+05   5.4038800e+06  -5.2479833e-02
   5.4345080e+05   5.4038800e+06  -5.6292549e-02
   5.4358060e+05   5.4038800e+06  -3.0079895e-03
   5.4360660e+05   5.4038800e+06   9.2950709e-04
   5.4365970e+05   5.4038800e+06   1.2428677e-03
   5.4378160e+05   5.4038800e+06   1.7419899e-03
   5.4381390e+05   5.4038800e+06   1.8962994e-03
   5.4385520e+05   5.4038800e+06   1.3601998e-03
   5.4387710e+05   5.4038800e+06  -4.3820661e-03
   5.4345880e+05   5.4038810e+06   3.6935927e-02
   5.4361570e+05   5.4038810e+06  -8.0948639e-03
   5.4364090e+05   5.4038810e+06  -1.1718102e-02
   5.4375020e+05   5.4038810e+06   2.4041068e-03
   5.4376960e+05   5.4038810e+06   1.0823381e-02
   5.4386460e+05   5.4038810e+06  -9.9185855e-04
   5.4342050e+05   5.4038820e+06  -1.9195181e-02
   5.4342140e+05   5.4038820e+06   1.4390254e-01
   5.4348740e+05   5.4038820e+06  -4.3385802e-02
   5.4355260e+05   5.4038820e+06  -1.6468034e-02
   5.4383330e+05   5.4038820e+06  -9.9602015e-04
   5.4337960e+05   5.4038830e+06   3.4155303e-02
   5.4339160e+05   5.4038830e+06   1.1521280e-01
   5.4342130e+05   5.4038830e+06   2.4486885e-01
   5.4343340e+05   5.4038830e+06   1.5676000e-01
   5.4346590e+05   5.4038830e+06   4.0959069e-02
   5.4349890e+05   5.4038830e+06   6.2261460e-02
   5.4350190e+05   5.4038830e+06  -9.2221587e-02
   5.4356730e+05   5.4038830e+06  -2.1748035e-02
   5.4358650e+05   5.4038830e+06  -1.9246412e-02
   5.4362480e+05   5.4038830e+06   6.3873020e-03
   5.4367630e+05   5.4038830e+06   8.1171244e-03
   5.4373760e+05   5.4038830e+06   1.0826097e-02
   5.4376300e+05   5.4038830e+06  -9.9739558e-03
   5.4382540e+05   5.4038830e+06   6.4167504e-04
   5.4384300e+05   5.4038830e+06   8.1500845e-03
   5.4385540e+05   5.4038830e+06  -1.1665078e-02
   5.4345040e+05   5.4038840e+06   3.9550424e-02
   5.4347780e+05   5.4038840e+06   4.8256000e-03
   5.4352230e+05   5.4038840e+06  -7.4683537e-02
   5.4359790e+05   5.4038840e+06  -2.7106631e-02
   5.4369610e+05   5.4038840e+06   1.9357631e-04
   5.4378190e+05   5.4038840e+06   2.6934383e-03
   5.4380480e+05   5.4038840e+06   7.0362604e-03
   5.4340640e+05   5.4038850e+06   1.1711006e-02
   5.4342040e+05   5.4038850e+06   7.6859027e-02
   5.4364750e+05   5.4038850e+06   6.2177881e-03
   5.4365970e+05   5.4038850e+06   9.0002926e-03
   5.4368620e+05   5.4038850e+06  -1.5841592e-03
   5.4375070e+05   5.4038850e+06   1.0739386e-02
   5.4379350e+05   5.4038850e+06   7.6071725e-03
   5.4387730e+05   5.4038850e+06   2.4942440e-02
   5.4388940e+05   5.4038850e+06   3.0551280e-02
   5.4337940e+05   5.4038860e+06   2.5757612e-01
   5.4346600e+05   5.4038860e+06   7.5722528e-02
   5.4351690e+05   5.4038860e+06   1.3600900e-01
   5.4353760e+05   5.4038860e+06  -4.9390747e-02
   5.4355240e+05   5.4038860e+06  -2.2567515e-02
   5.4358000e+05   5.4038860e+06  -3.5570118e-02
   5.4360680e+05   5.4038860e+06  -1.6721348e-02
   5.4361570e+05   5.4038860e+06  -2.5625636e-02
   5.4381450e+05   5.4038860e+06   2.1590871e-03
   5.4386490e+05   5.4038860e+06   1.7340633e-03
   5.4342030e+05   5.4038870e+06   9.4314845e-02
   5.4345810e+05   5.4038870e+06   3.1957713e-02
   5.4347790e+05   5.4038870e+06   8.7956612e-03
   5.4348740e+05   5.4038870e+06   2.3807467e-02
   5.4367580e+05   5.4038870e+06   1.1335865e-02
   5.4377030e+05   5.4038870e+06   1.2453115e-02
   5.4350190e+05   5.4038880e+06  -1.5057232e-01
   5.4358670e+05   5.4038880e+06  -2.6575545e-02
   5.4362440e+05   5.4038880e+06   1.3227519e-03
   5.4364060e+05   5.4038880e+06  -5.4863319e-03
   5.4373850e+05   5.4038880e+06   7.1773312e-03
   5.4376340e+05   5.4038880e+06   4.4907341e-03
   5.4382580e+05   5.4038880e+06   3.6132556e-03
   5.4385580e+05   5.4038880e+06   6.1357108e-03
   5.4339110e+05   5.4038890e+06   1.2273158e-01
   5.4346610e+05   5.4038890e+06   1.8308813e-01
   5.4355790e+05   5.4038890e+06  -9.9480489e-02
   5.4356680e+05   5.4038890e+06  -1.3615083e-02
   5.4369540e+05   5.4038890e+06   4.7284564e-03
   5.4378240e+05   5.4038890e+06  -1.1533003e-02
   5.4383390e+05   5.4038890e+06   1.2695607e-02
   5.4384340e+05   5.4038890e+06   1.0918807e-02
   5.4387740e+05   5.4038890e+06   1.5816593e-02
   5.4347800e+05   5.4038900e+06  -1.0789882e-01
   5.4348740e+05   5.4038900e+06   1.0708432e-01
   5.4352190e+05   5.4038900e+06  -5.9382332e-02
   5.4375120e+05   5.4038900e+06   6.0881686e-03
   5.4380530e+05   5.4038900e+06   1.0114286e-04
   5.4386530e+05   5.4038900e+06   6.7073151e-03
   5.4349900e+05   5.4038910e+06   2.1392520e-01
   5.4350180e+05   5.4038910e+06  -1.5249163e-01
   5.4355210e+05   5.4038910e+06   3.0841177e-02
   5.4360700e+05   5.4038910e+06  -2.1904072e-02
   5.4361560e+05   5.4038910e+06  -3.3244660e-02
   5.4364770e+05   5.4038910e+06  -4.4565175e-03
   5.4365970e+05   5.4038910e+06  -7.3395827e-03
   5.4367530e+05   5.4038910e+06   6.2722320e-03
   5.4379410e+05   5.4038910e+06   1.0700252e-02
   5.4388930e+05   5.4038910e+06  -8.0529924e-03
   5.4359800e+05   5.4038920e+06  -2.7897860e-02
   5.4362400e+05   5.4038920e+06  -1.9971890e-03
   5.4368520e+05   5.4038920e+06   7.8939794e-03
   5.4381520e+05   5.4038920e+06   1.7080661e-02
   5.4385600e+05   5.4038920e+06  -1.5009904e-02
   5.4387760e+05   5.4038920e+06  -1.1002715e-02
   5.4337880e+05   5.4038930e+06   1.7847200e+00
   5.4357960e+05   5.4038930e+06  -4.0224960e-02
   5.4358690e+05   5.4038930e+06  -6.2986374e-02
   5.4364040e+05   5.4038930e+06  -1.6677296e-02
   5.4369480e+05   5.4038930e+06   1.2502581e-02
   5.4377080e+05   5.4038930e+06   1.8069700e-02
   5.4351690e+05   5.4038940e+06   2.4160854e-01
   5.4353770e+05   5.4038940e+06  -6.6830720e-02
   5.4356640e+05   5.4038940e+06   3.7759541e-02
   5.4376380e+05   5.4038940e+06  -8.8318069e-03
   5.4378290e+05   5.4038940e+06  -7.5646322e-03
   5.4382620e+05   5.4038940e+06  -3.6985311e-03
   5.4384380e+05   5.4038940e+06   7.3332013e-03
   5.4345730e+05   5.4038950e+06   2.3491195e+00
   5.4360720e+05   5.4038950e+06  -2.2696116e-03
   5.4361560e+05   5.4038950e+06  -5.3408889e-02
   5.4367480e+05   5.4038950e+06  -9.1021429e-03
   5.4373950e+05   5.4038950e+06   5.6162298e-03
   5.4375180e+05   5.4038950e+06   8.8708661e-03
   5.4380560e+05   5.4038950e+06  -5.3955591e-03
   5.4339060e+05   5.4038960e+06   1.3644088e+00
   5.4350180e+05   5.4038960e+06  -2.2367388e-01
   5.4352180e+05   5.4038960e+06  -1.0894102e-01
   5.4355190e+05   5.4038960e+06   1.0112959e-01
   5.4364770e+05   5.4038960e+06  -3.4826776e-02
   5.4383440e+05   5.4038960e+06   1.4146076e-02
   5.4386560e+05   5.4038960e+06   1.8874043e-02
   5.4387760e+05   5.4038960e+06  -4.4751943e-02
   5.4349910e+05   5.4038970e+06   2.1469110e-01
   5.4358690e+05   5.4038970e+06  -4.6660391e-02
   5.4362360e+05   5.4038970e+06  -1.9712887e-02
   5.4365980e+05   5.4038970e+06  -2.6616153e-02
   5.4369410e+05   5.4038970e+06  -7.7389363e-03
   5.4381570e+05   5.4038970e+06   1.2012711e-02
   5.4385630e+05   5.4038970e+06  -1.6518716e-02
   5.4388920e+05   5.4038970e+06  -3.8297899e-02
   5.4341960e+05   5.4038980e+06   9.8915280e-01
   5.4341990e+05   5.4038980e+06   9.5818320e-01
   5.4344930e+05   5.4038980e+06   9.0704520e-01
   5.4346620e+05   5.4038980e+06   1.4781016e+00
   5.4355740e+05   5.4038980e+06  -1.9268113e-01
   5.4356580e+05   5.4038980e+06   1.2222082e-01
   5.4359810e+05   5.4038980e+06  -6.6682161e-03
   5.4361540e+05   5.4038980e+06  -5.9143585e-02
   5.4368410e+05   5.4038980e+06  -3.6028853e-03
   5.4377140e+05   5.4038980e+06   1.8536195e-02
   5.4379480e+05   5.4038980e+06   7.1552201e-03
   5.4340520e+05   5.4038990e+06   1.1029248e+00
   5.4343210e+05   5.4038990e+06   4.2949680e-01
   5.4360740e+05   5.4038990e+06   2.3211385e-02
   5.4367440e+05   5.4038990e+06  -1.3661350e-02
   5.4382660e+05   5.4038990e+06  -9.9232707e-03
   5.4357910e+05   5.4039000e+06  -2.4155009e-02
   5.4364020e+05   5.4039000e+06   3.3290228e-03
   5.4375240e+05   5.4039000e+06   1.3259509e-02
   5.4376410e+05   5.4039000e+06  -5.5633283e-03
   5.4378350e+05   5.4039000e+06  -1.3523036e-02
   5.4384420e+05   5.4039000e+06   4.2608555e-03
   5.4387780e+05   5.4039000e+06  -3.1989722e-02
   5.4351690e+05   5.4039010e+06   4.5434181e-01
   5.4352150e+05   5.4039010e+06  -1.3631294e-01
   5.4353780e+05   5.4039010e+06  -8.3526140e-02
   5.4355170e+05   5.4039010e+06   7.0950703e-02
   5.4358700e+05   5.4039010e+06  -2.8799907e-02
   5.4364790e+05   5.4039010e+06  -3.2582479e-02
   5.4380600e+05   5.4039010e+06  -6.1412037e-03
   5.4386600e+05   5.4039010e+06   2.2425935e-02
   5.4348730e+05   5.4039020e+06   1.7990128e+00
   5.4350180e+05   5.4039020e+06   4.3039071e-01
   5.4362330e+05   5.4039020e+06  -3.5318476e-02
   5.4367410e+05   5.4039020e+06  -2.5119872e-02
   5.4369360e+05   5.4039020e+06  -3.5162476e-02
   5.4374070e+05   5.4039020e+06   2.6529956e-03
   5.4356550e+05   5.4039030e+06   1.1739252e-01
   5.4359810e+05   5.4039030e+06   5.1380176e-02
   5.4360750e+05   5.4039030e+06   4.2440777e-02
   5.4361540e+05   5.4039030e+06  -5.3865278e-02
   5.4365990e+05   5.4039030e+06  -3.3744792e-02
   5.4381630e+05   5.4039030e+06  -1.1003082e-04
   5.4383500e+05   5.4039030e+06   1.4964570e-02
   5.4385670e+05   5.4039030e+06   4.2457407e-03
   5.4388910e+05   5.4039030e+06  -1.8896179e-02
   5.4347830e+05   5.4039040e+06   8.2596420e-01
   5.4349910e+05   5.4039040e+06   2.4178199e-02
   5.4355140e+05   5.4039040e+06   1.3062222e-01
   5.4355700e+05   5.4039040e+06  -2.1891849e-01
   5.4367380e+05   5.4039040e+06  -2.1961608e-02
   5.4377190e+05   5.4039040e+06   5.4001805e-03
   5.4379530e+05   5.4039040e+06   7.9408320e-03
   5.4382690e+05   5.4039040e+06  -1.5096459e-02
   5.4387800e+05   5.4039040e+06  -4.7714007e-02
   5.4357850e+05   5.4039050e+06  -1.4929245e-03
   5.4358710e+05   5.4039050e+06  -2.3204566e-02
   5.4362290e+05   5.4039050e+06  -1.4306208e-02
   5.4368320e+05   5.4039050e+06  -4.3038274e-02
   5.4375300e+05   5.4039050e+06   6.6072218e-03
   5.4376430e+05   5.4039050e+06  -3.0775892e-02
   5.4352120e+05   5.4039060e+06  -7.3153820e-02
   5.4364790e+05   5.4039060e+06  -6.3846697e-02
   5.4369310e+05   5.4039060e+06  -4.8229521e-02
   5.4384480e+05   5.4039060e+06  -9.6064697e-03
   5.4386640e+05   5.4039060e+06   3.0344052e-02
   5.4353770e+05   5.4039070e+06  -1.1423409e-01
   5.4356500e+05   5.4039070e+06   1.6365879e-01
   5.4360770e+05   5.4039070e+06  -4.6891258e-04
   5.4361540e+05   5.4039070e+06  -2.4525961e-02
   5.4363990e+05   5.4039070e+06  -2.0231223e-02
   5.4378410e+05   5.4039070e+06  -1.3350258e-02
   5.4387810e+05   5.4039070e+06  -3.2201014e-02
   5.4355120e+05   5.4039080e+06   2.1645707e-01
   5.4358730e+05   5.4039080e+06   7.7339876e-02
   5.4367350e+05   5.4039080e+06  -1.8263700e-02
   5.4374180e+05   5.4039080e+06  -9.6284760e-03
   5.4380650e+05   5.4039080e+06   6.8825758e-04
   5.4381690e+05   5.4039080e+06  -4.7942686e-03
   5.4385710e+05   5.4039080e+06   2.4291862e-02
   5.4388890e+05   5.4039080e+06  -7.6683284e-03
   5.4349930e+05   5.4039090e+06   1.9685504e+00
   5.4351700e+05   5.4039090e+06   5.0086735e-01
   5.4355660e+05   5.4039090e+06  -2.5256314e-01
   5.4359830e+05   5.4039090e+06   6.3804062e-02
   5.4362270e+05   5.4039090e+06  -1.7515116e-02
   5.4364790e+05   5.4039090e+06  -4.0542428e-02
   5.4365990e+05   5.4039090e+06  -7.9257576e-03
   5.4357820e+05   5.4039100e+06  -4.3951070e-02
   5.4360770e+05   5.4039100e+06  -2.0949706e-02
   5.4369260e+05   5.4039100e+06  -3.9411242e-02
   5.4376460e+05   5.4039100e+06  -2.1971008e-02
   5.4377260e+05   5.4039100e+06   1.5535598e-02
   5.4379590e+05   5.4039100e+06   7.4349470e-03
   5.4382740e+05   5.4039100e+06  -7.4223380e-03
   5.4383550e+05   5.4039100e+06   1.0646089e-02
   5.4352090e+05   5.4039110e+06   1.9104096e-01
   5.4355110e+05   5.4039110e+06   2.6676383e-01
   5.4356470e+05   5.4039110e+06   1.6998197e-01
   5.4367310e+05   5.4039110e+06  -3.2794293e-02
   5.4368230e+05   5.4039110e+06  -3.8604864e-02
   5.4375360e+05   5.4039110e+06   1.5490993e-02
   5.4386680e+05   5.4039110e+06   3.4253900e-02
   5.4387820e+05   5.4039110e+06  -6.6420633e-03
   5.4350160e+05   5.4039120e+06   1.5430560e+00
   5.4358740e+05   5.4039120e+06   3.0970800e-02
   5.4359830e+05   5.4039120e+06   1.9116900e-01
   5.4361530e+05   5.4039120e+06  -6.0822072e-02
   5.4362230e+05   5.4039120e+06   1.6272471e-02
   5.4384510e+05   5.4039120e+06  -8.0005008e-03
   5.4360790e+05   5.4039130e+06  -8.4435034e-03
   5.4363980e+05   5.4039130e+06   1.2552125e-02
   5.4364810e+05   5.4039130e+06  -1.0112721e-02
   5.4369200e+05   5.4039130e+06  -3.3750114e-02
   5.4378470e+05   5.4039130e+06  -1.0509569e-02
   5.4381740e+05   5.4039130e+06  -5.3470274e-03
   5.4385740e+05   5.4039130e+06   2.6236844e-02
   5.4351700e+05   5.4039140e+06   3.4212925e-01
   5.4353770e+05   5.4039140e+06  -1.4603245e-01
   5.4355630e+05   5.4039140e+06  -2.5536775e-01
   5.4357790e+05   5.4039140e+06  -1.1114161e-01
   5.4367270e+05   5.4039140e+06  -1.0779832e-02
   5.4374290e+05   5.4039140e+06  -4.6248955e-02
   5.4380690e+05   5.4039140e+06  -6.7975186e-03
   5.4355090e+05   5.4039150e+06   7.2751480e-01
   5.4366010e+05   5.4039150e+06  -2.6342887e-02
   5.4377320e+05   5.4039150e+06   1.5786461e-02
   5.4379630e+05   5.4039150e+06   2.3707180e-03
   5.4386710e+05   5.4039150e+06   2.9687110e-02
   5.4387840e+05   5.4039150e+06   2.7027309e-02
   5.4388890e+05   5.4039150e+06   3.7597554e-02
   5.4356410e+05   5.4039160e+06   7.2401389e-01
   5.4357760e+05   5.4039160e+06  -6.3703472e-02
   5.4359840e+05   5.4039160e+06   2.1225718e-01
   5.4362210e+05   5.4039160e+06  -1.2189006e-02
   5.4368140e+05   5.4039160e+06  -1.7021039e-02
   5.4376490e+05   5.4039160e+06  -3.2654689e-02
   5.4382770e+05   5.4039160e+06  -1.7540116e-02
   5.4383600e+05   5.4039160e+06   6.5274074e-04
   5.4358750e+05   5.4039170e+06   5.0336220e-01
   5.4360810e+05   5.4039170e+06  -2.5962596e-02
   5.4363960e+05   5.4039170e+06   6.0001451e-02
   5.4364810e+05   5.4039170e+06   2.1570451e-02
   5.4369150e+05   5.4039170e+06  -2.5026098e-02
   5.4375430e+05   5.4039170e+06   1.0811631e-02
   5.4352040e+05   5.4039180e+06   1.2773312e+00
   5.4359840e+05   5.4039180e+06   2.2408082e-01
   5.4367240e+05   5.4039180e+06  -1.7339077e-02
   5.4381790e+05   5.4039180e+06  -9.9293461e-03
   5.4384560e+05   5.4039180e+06  -1.9789297e-02
   5.4385760e+05   5.4039180e+06   1.0020107e-02
   5.4387840e+05   5.4039180e+06   3.1213333e-02
   5.4351710e+05   5.4039190e+06   4.7744070e-01
   5.4353780e+05   5.4039190e+06  -4.0809841e-02
   5.4357750e+05   5.4039190e+06   4.6162351e-02
   5.4361530e+05   5.4039190e+06  -1.4155047e-01
   5.4362180e+05   5.4039190e+06  -1.3955763e-02
   5.4378540e+05   5.4039190e+06  -6.3076364e-03
   5.4380730e+05   5.4039190e+06  -1.5483324e-02
   5.4355590e+05   5.4039200e+06  -3.0786458e-01
   5.4360820e+05   5.4039200e+06   3.5100803e-02
   5.4363940e+05   5.4039200e+06   1.5441711e-01
   5.4364810e+05   5.4039200e+06   1.3801884e-01
   5.4366000e+05   5.4039200e+06  -2.3107914e-02
   5.4367210e+05   5.4039200e+06   1.4688568e-02
   5.4369110e+05   5.4039200e+06   6.4827236e-03
   5.4377360e+05   5.4039200e+06   1.0916618e-02
   5.4379680e+05   5.4039200e+06  -7.1820324e-03
   5.4386740e+05   5.4039200e+06  -3.1622814e-03
   5.4388870e+05   5.4039200e+06   1.0780333e-03
   5.4356370e+05   5.4039210e+06   2.7474804e+00
   5.4358760e+05   5.4039210e+06   1.6514532e+00
   5.4374410e+05   5.4039210e+06  -4.7653943e-02
   5.4382810e+05   5.4039210e+06  -8.2384813e-03
   5.4383640e+05   5.4039210e+06  -2.1825921e-02
   5.4353780e+05   5.4039220e+06   3.0283200e+00
   5.4359840e+05   5.4039220e+06   2.2662080e+00
   5.4363940e+05   5.4039220e+06   9.5012194e-02
   5.4368060e+05   5.4039220e+06  -1.5515939e-02
   5.4387860e+05   5.4039220e+06  -9.9964375e-03
   5.4355050e+05   5.4039230e+06   2.5496275e+00
   5.4357720e+05   5.4039230e+06   1.5520372e+00
   5.4360830e+05   5.4039230e+06  -7.5060000e-03
   5.4364830e+05   5.4039230e+06   1.2240006e-01
   5.4366010e+05   5.4039230e+06   1.2710360e-01
   5.4367170e+05   5.4039230e+06   7.3634905e-02
   5.4369080e+05   5.4039230e+06   5.1212019e-02
   5.4375500e+05   5.4039230e+06  -4.1898305e-02
   5.4376540e+05   5.4039230e+06  -3.8274534e-02
   5.4381840e+05   5.4039230e+06  -1.8918292e-02
   5.4385790e+05   5.4039230e+06  -2.7004583e-02
   5.4361510e+05   5.4039240e+06  -1.6549418e-01
   5.4377410e+05   5.4039240e+06  -3.3014925e-02
   5.4379710e+05   5.4039240e+06  -1.7538285e-02
   5.4384610e+05   5.4039240e+06  -3.3642614e-02
   5.4369040e+05   5.4039250e+06   5.6509337e-02
   5.4380760e+05   5.4039250e+06  -3.4658157e-02
   5.4386790e+05   5.4039250e+06  -6.2795690e-02
   5.4387860e+05   5.4039250e+06  -2.3508652e-02
   5.4355550e+05   5.4039260e+06   1.4614300e+00
   5.4366010e+05   5.4039260e+06   3.4946585e-01
   5.4367150e+05   5.4039260e+06   4.8380460e-02
   5.4378610e+05   5.4039260e+06  -3.5455646e-02
   5.4383680e+05   5.4039260e+06  -5.0407435e-02
   5.4361510e+05   5.4039270e+06  -2.4303835e-01
   5.4363930e+05   5.4039270e+06   2.2014756e+00
   5.4366010e+05   5.4039270e+06   2.7831198e-01
   5.4368010e+05   5.4039270e+06  -4.3231632e-02
   5.4375550e+05   5.4039270e+06  -5.9118519e-02
   5.4381880e+05   5.4039270e+06  -3.1990724e-02
   5.4382840e+05   5.4039270e+06  -2.3336128e-02
   5.4385830e+05   5.4039270e+06  -4.7119668e-02
   5.4388870e+05   5.4039270e+06  -4.0168499e-02
   5.4364830e+05   5.4039280e+06   1.4879818e+00
   5.4367120e+05   5.4039280e+06   2.4436152e-01
   5.4369010e+05   5.4039280e+06   1.2737116e-01
   5.4374510e+05   5.4039280e+06  -6.8552995e-02
   5.4379760e+05   5.4039280e+06  -1.4344566e-02
   5.4387870e+05   5.4039280e+06  -1.9175055e-02
   5.4376580e+05   5.4039290e+06   5.4347170e-02
   5.4377460e+05   5.4039290e+06  -5.7093104e-02
   5.4383700e+05   5.4039290e+06  -3.4732012e-02
   5.4360860e+05   5.4039300e+06   2.3866720e+00
   5.4367950e+05   5.4039300e+06   2.5194553e-02
   5.4386830e+05   5.4039300e+06  -4.2399410e-02
   5.4362090e+05   5.4039310e+06   2.1566574e+00
   5.4375590e+05   5.4039310e+06  -7.1285851e-02
   5.4379790e+05   5.4039310e+06   2.0802292e-02
   5.4381930e+05   5.4039310e+06  -2.0993275e-02
   5.4385840e+05   5.4039310e+06  -3.8317713e-02
   5.4387890e+05   5.4039310e+06  -2.1905342e-02
   5.4366020e+05   5.4039320e+06   2.1026192e+00
   5.4367910e+05   5.4039320e+06   1.1135401e-01
   5.4377490e+05   5.4039320e+06  -9.7257892e-02
   5.4380810e+05   5.4039320e+06  -4.4885774e-02
   5.4383730e+05   5.4039320e+06  -5.2999497e-02
   5.4384660e+05   5.4039320e+06  -2.6981480e-02
   5.4361510e+05   5.4039330e+06   1.8206888e+00
   5.4367060e+05   5.4039330e+06   2.5373460e+00
   5.4374590e+05   5.4039330e+06  -4.3541583e-03
   5.4378680e+05   5.4039330e+06  -5.4552031e-02
   5.4382890e+05   5.4039330e+06  -3.3092142e-02
   5.4388860e+05   5.4039330e+06  -9.0953917e-02
   5.4375630e+05   5.4039340e+06  -1.1567512e-01
   5.4381960e+05   5.4039340e+06  -2.5501108e-02
   5.4383740e+05   5.4039340e+06  -5.6722272e-02
   5.4385860e+05   5.4039340e+06  -5.9464919e-02
   5.4387900e+05   5.4039340e+06  -4.6500627e-02
   5.4376610e+05   5.4039350e+06   1.2056689e-01
   5.4379830e+05   5.4039350e+06   8.5291829e-03
   5.4368910e+05   5.4039360e+06   2.2949828e+00
   5.4377530e+05   5.4039360e+06  -1.4944130e-01
   5.4386880e+05   5.4039360e+06  -8.8159313e-02
   5.4367850e+05   5.4039370e+06   1.5254100e+00
   5.4374660e+05   5.4039370e+06   9.3417077e-02
   5.4375660e+05   5.4039370e+06  -1.3101674e-01
   5.4381990e+05   5.4039370e+06  -2.9254618e-02
   5.4383760e+05   5.4039370e+06  -6.7153603e-02
   5.4385880e+05   5.4039370e+06  -5.6204292e-02
   5.4387900e+05   5.4039370e+06  -4.4072470e-02
   5.4388840e+05   5.4039370e+06  -5.7435194e-02
   5.4380860e+05   5.4039380e+06  -2.9602908e-02
   5.4384710e+05   5.4039380e+06  -1.8782922e-02
   5.4376630e+05   5.4039390e+06   2.7847220e-01
   5.4377570e+05   5.4039390e+06  -1.4490151e-01
   5.4378730e+05   5.4039390e+06  -2.5293371e-02
   5.4383780e+05   5.4039390e+06  -4.7249209e-02
   5.4375690e+05   5.4039400e+06  -1.5432682e-01
   5.4379880e+05   5.4039400e+06  -1.4355401e-04
   5.4382940e+05   5.4039400e+06   3.1983471e-03
   5.4385910e+05   5.4039400e+06  -3.3671859e-02
   5.4387910e+05   5.4039400e+06   2.8752000e-02
   5.4374730e+05   5.4039410e+06   9.3195836e-02
   5.4382030e+05   5.4039410e+06   2.8809804e-03
   5.4388840e+05   5.4039410e+06   3.3213265e-03
   5.4375720e+05   5.4039420e+06  -9.6152425e-02
   5.4376650e+05   5.4039420e+06   5.0643550e-01
   5.4377590e+05   5.4039420e+06  -1.5462555e-01
   5.4383810e+05   5.4039420e+06   1.5274214e-02
   5.4386920e+05   5.4039420e+06   3.9709988e-03
   5.4379900e+05   5.4039430e+06   7.6605362e-02
   5.4380890e+05   5.4039430e+06   1.6857656e-03
   5.4387930e+05   5.4039430e+06   1.2008597e-01
   5.4374780e+05   5.4039440e+06   7.5651858e-02
   5.4384760e+05   5.4039440e+06   7.7049128e-03
   5.4388830e+05   5.4039440e+06   3.5601721e-02
   5.4375760e+05   5.4039450e+06   4.2698113e-02
   5.4376680e+05   5.4039450e+06   6.5562333e-01
   5.4377620e+05   5.4039450e+06  -1.4565675e-01
   5.4378800e+05   5.4039450e+06   3.6912351e-02
   5.4382060e+05   5.4039450e+06   4.9154502e-02
   5.4382980e+05   5.4039450e+06   1.6681691e-01
   5.4383830e+05   5.4039450e+06   4.1539695e-02
   5.4385930e+05   5.4039450e+06   1.3470120e-01
   5.4374810e+05   5.4039460e+06   1.9549668e-02
   5.4379930e+05   5.4039460e+06   1.4105901e-01
   5.4380920e+05   5.4039470e+06   6.4750655e-02
   5.4386960e+05   5.4039470e+06   1.1562989e-01
   5.4376680e+05   5.4039480e+06   5.5571168e-01
   5.4377660e+05   5.4039480e+06  -6.5080847e-02
   5.4382090e+05   5.4039480e+06   1.1019193e-01
   5.4384790e+05   5.4039480e+06   1.6573383e-01
   5.4387940e+05   5.4039480e+06   2.7469646e-01
   5.4378840e+05   5.4039490e+06   1.5193157e-01
   5.4382990e+05   5.4039490e+06   2.5341832e-01
   5.4383860e+05   5.4039490e+06   1.7403165e-01
   5.4385960e+05   5.4039490e+06   2.6261426e-01
   5.4376700e+05   5.4039500e+06   1.1135511e-01
   5.4376710e+05   5.4039500e+06   1.4476122e-01
   5.4379970e+05   5.4039500e+06   2.0887513e-01
   5.4380940e+05   5.4039500e+06   1.8589320e-01
   5.4382120e+05   5.4039500e+06   1.5373695e-01
   5.4374910e+05   5.4039520e+06   1.7743296e+00
   5.4375840e+05   5.4039520e+06   2.2338144e+00
   5.4380950e+05   5.4039520e+06   1.1418803e-01
   5.4382130e+05   5.4039520e+06   1.4460012e-01
   5.4383020e+05   5.4039520e+06   5.6994243e-01
   5.4383880e+05   5.4039520e+06   3.7550156e-01
   5.4384830e+05   5.4039520e+06   2.6168078e-01
   5.4378880e+05   5.4039530e+06   1.9629576e-01
   5.4385980e+05   5.4039530e+06   4.0831308e-01
   5.4387010e+05   5.4039530e+06  -4.4129251e-02
   5.4388810e+05   5.4039530e+06   2.3879471e+00
   5.4380970e+05   5.4039540e+06   1.6981833e-01
   5.4376730e+05   5.4039550e+06   1.9778265e+00
   5.4378910e+05   5.4039550e+06   2.2528603e-01
   5.4380010e+05   5.4039550e+06   2.3211100e+00
   5.4384840e+05   5.4039550e+06   1.1823761e-01
   5.4387960e+05   5.4039550e+06   1.7517120e+00
   5.4382180e+05   5.4039570e+06   1.3951374e+00
   5.4383040e+05   5.4039570e+06   1.2628476e+00
   5.4386000e+05   5.4039570e+06   1.4480400e+00
   5.4377760e+05   5.4039580e+06   1.1902368e+00
   5.4383930e+05   5.4039580e+06   9.2997280e-01
   5.4384860e+05   5.4039580e+06   9.7601280e-01
   5.4387040e+05   5.4039580e+06   9.0549520e-01
   5.4378940e+05   5.4039590e+06   5.5839400e-01
   5.4381000e+05   5.4039590e+06   4.9016000e-01
