   5.4339240e+05   5.4037000e+06   1.2666920e+00
   5.4340400e+05   5.4037050e+06   1.5569000e+00
   5.4339210e+05   5.4037060e+06  -5.0224380e-01
   5.4340370e+05   5.4037090e+06  -3.3654350e-01
   5.4339170e+05   5.4037100e+06  -4.0179500e-01
   5.4342260e+05   5.4037110e+06   1.4696540e+00
   5.4340360e+05   5.4037130e+06  -1.1046320e-01
   5.4342860e+05   5.4037130e+06   1.2304340e+00
   5.4339140e+05   5.4037140e+06  -1.7029880e-01
   5.4343560e+05   5.4037140e+06   1.1830512e+00
   5.4342210e+05   5.4037160e+06  -5.2316600e-01
   5.4344790e+05   5.4037180e+06   1.2296584e+00
   5.4340300e+05   5.4037190e+06  -1.1502300e-01
   5.4342840e+05   5.4037190e+06  -1.7081400e-01
   5.4339100e+05   5.4037200e+06   1.2397000e-01
   5.4342170e+05   5.4037200e+06  -2.6702200e-01
   5.4343500e+05   5.4037200e+06  -9.1500000e-03
   5.4346180e+05   5.4037220e+06   1.0902792e+00
   5.4343480e+05   5.4037230e+06  -1.7239720e-01
   5.4344750e+05   5.4037230e+06  -1.5267000e-01
   5.4340270e+05   5.4037240e+06   5.4980000e-02
   5.4342140e+05   5.4037240e+06  -2.9121520e-01
   5.4346430e+05   5.4037240e+06   1.3401984e+00
   5.4339060e+05   5.4037250e+06   2.8370000e-02
   5.4342810e+05   5.4037250e+06  -6.9645000e-03
   5.4343440e+05   5.4037270e+06  -2.9232640e-01
   5.4344700e+05   5.4037270e+06  -3.7400000e-02
   5.4346400e+05   5.4037280e+06   4.9584000e-02
   5.4340240e+05   5.4037290e+06   8.1010000e-02
   5.4342090e+05   5.4037290e+06  -5.6277700e-02
   5.4342790e+05   5.4037290e+06   2.6251300e-02
   5.4347470e+05   5.4037290e+06   1.1950281e+00
   5.4346390e+05   5.4037300e+06   3.3754800e-01
   5.4347580e+05   5.4037300e+06   1.0522260e+00
   5.4343410e+05   5.4037310e+06  -1.6566800e-01
   5.4344680e+05   5.4037310e+06  -1.5527960e-01
   5.4346200e+05   5.4037310e+06  -3.6286600e-01
   5.4339020e+05   5.4037320e+06  -3.5782800e-02
   5.4340210e+05   5.4037330e+06  -1.0158700e-02
   5.4346200e+05   5.4037330e+06  -5.4607800e-01
   5.4347540e+05   5.4037330e+06  -4.9093580e-01
   5.4342760e+05   5.4037340e+06   2.3571200e-02
   5.4346350e+05   5.4037340e+06   3.2958800e-01
   5.4347480e+05   5.4037340e+06  -2.9726480e-01
   5.4348930e+05   5.4037340e+06   1.4645016e+00
   5.4343380e+05   5.4037350e+06  -1.4085000e-01
   5.4344650e+05   5.4037350e+06  -9.3960000e-02
   5.4347510e+05   5.4037350e+06  -1.6897750e-01
   5.4342030e+05   5.4037360e+06  -3.5022600e-02
   5.4347470e+05   5.4037360e+06  -1.3360280e-01
   5.4346220e+05   5.4037370e+06  -3.8155320e-01
   5.4349730e+05   5.4037370e+06   1.9398022e+00
   5.4350360e+05   5.4037370e+06   1.4967988e+00
   5.4338970e+05   5.4037380e+06   3.2936800e-02
   5.4340180e+05   5.4037380e+06   4.8514400e-02
   5.4344610e+05   5.4037380e+06  -1.3317260e-01
   5.4346310e+05   5.4037380e+06  -6.7594400e-02
   5.4347480e+05   5.4037390e+06   3.5209200e-02
   5.4348910e+05   5.4037390e+06  -4.4745180e-01
   5.4342730e+05   5.4037400e+06   9.9865000e-02
   5.4343340e+05   5.4037400e+06  -2.9960000e-02
   5.4347450e+05   5.4037400e+06   2.4096000e-01
   5.4351660e+05   5.4037400e+06   1.3713360e+00
   5.4346220e+05   5.4037410e+06  -1.8848180e-01
   5.4353010e+05   5.4037410e+06   3.0561760e-01
   5.4344580e+05   5.4037420e+06  -3.1039600e-02
   5.4340130e+05   5.4037430e+06   1.2323630e-01
   5.4341960e+05   5.4037430e+06   1.4118760e-01
   5.4346270e+05   5.4037430e+06  -8.1104900e-02
   5.4347490e+05   5.4037430e+06  -5.4477300e-02
   5.4349740e+05   5.4037430e+06   8.5869800e-02
   5.4350360e+05   5.4037430e+06  -6.7352880e-01
   5.4351660e+05   5.4037430e+06  -5.4568040e-01
   5.4348900e+05   5.4037440e+06  -4.6650400e-01
   5.4353720e+05   5.4037440e+06   9.9174880e-01
   5.4338930e+05   5.4037450e+06  -1.0072750e-01
   5.4346230e+05   5.4037450e+06  -1.4263150e-01
   5.4342700e+05   5.4037460e+06   1.3688400e-01
   5.4344540e+05   5.4037460e+06   8.7695600e-02
   5.4347390e+05   5.4037460e+06  -7.2672600e-02
   5.4347490e+05   5.4037460e+06  -9.8906600e-02
   5.4352980e+05   5.4037460e+06  -7.2885440e-01
   5.4343280e+05   5.4037470e+06   6.2114800e-02
   5.4349740e+05   5.4037470e+06   1.3123220e-01
   5.4340100e+05   5.4037480e+06   1.6702600e-01
   5.4350340e+05   5.4037480e+06  -4.7464920e-01
   5.4352980e+05   5.4037480e+06  -2.9023320e-01
   5.4355940e+05   5.4037480e+06   1.5148736e+00
   5.4346210e+05   5.4037490e+06  -1.6806100e-02
   5.4351660e+05   5.4037490e+06  -1.7971320e-01
   5.4341890e+05   5.4037500e+06   4.4832000e-02
   5.4346240e+05   5.4037500e+06  -3.3380000e-02
   5.4347500e+05   5.4037500e+06  -2.3500000e-03
   5.4344500e+05   5.4037510e+06   3.0385000e-02
   5.4347330e+05   5.4037510e+06   8.2240000e-04
   5.4349750e+05   5.4037510e+06  -2.5747500e-02
   5.4338880e+05   5.4037520e+06   3.5125600e-02
   5.4342680e+05   5.4037520e+06   1.0505120e-01
   5.4348900e+05   5.4037520e+06  -1.9377400e-01
   5.4350350e+05   5.4037520e+06  -3.8217400e-01
   5.4355930e+05   5.4037520e+06  -5.1646260e-01
   5.4357980e+05   5.4037520e+06   6.3023400e-01
   5.4358300e+05   5.4037520e+06   6.0642200e-01
   5.4340080e+05   5.4037530e+06  -6.0982800e-02
   5.4343220e+05   5.4037530e+06   1.4440320e-01
   5.4351660e+05   5.4037530e+06  -2.7167300e-01
   5.4352940e+05   5.4037530e+06   7.4903800e-02
   5.4356730e+05   5.4037530e+06   1.3081659e+00
   5.4347510e+05   5.4037550e+06   3.7148000e-02
   5.4349760e+05   5.4037550e+06  -1.0241800e-01
   5.4353720e+05   5.4037550e+06   8.1865000e-01
   5.4355910e+05   5.4037550e+06  -3.9577250e-01
   5.4360160e+05   5.4037550e+06   1.0857480e+00
   5.4344460e+05   5.4037560e+06   1.4256720e-01
   5.4346160e+05   5.4037560e+06   1.3017200e-01
   5.4346260e+05   5.4037560e+06   1.2842000e-02
   5.4350340e+05   5.4037560e+06  -2.6874480e-01
   5.4357950e+05   5.4037560e+06  -9.3968500e-01
   5.4359030e+05   5.4037560e+06   1.6443786e+00
   5.4359580e+05   5.4037560e+06   1.5050196e+00
   5.4341830e+05   5.4037570e+06  -8.4316500e-02
   5.4342640e+05   5.4037570e+06  -2.1288400e-02
   5.4347280e+05   5.4037570e+06   1.3593680e-01
   5.4340030e+05   5.4037580e+06  -2.9552800e-02
   5.4348880e+05   5.4037580e+06  -6.7751200e-02
   5.4351660e+05   5.4037580e+06  -2.2770800e-01
   5.4352910e+05   5.4037580e+06  -2.9270480e-01
   5.4353720e+05   5.4037580e+06   4.8421680e-01
   5.4355900e+05   5.4037580e+06  -4.1583200e-01
   5.4358320e+05   5.4037580e+06  -5.9068480e-01
   5.4338830e+05   5.4037590e+06   3.8923200e-02
   5.4349760e+05   5.4037590e+06   3.5730800e-02
   5.4357910e+05   5.4037590e+06  -1.7530150e-01
   5.4343160e+05   5.4037600e+06   3.8040000e-02
   5.4344420e+05   5.4037600e+06   6.8552000e-02
   5.4360180e+05   5.4037600e+06  -2.5844200e-01
   5.4363480e+05   5.4037600e+06   4.6467200e-01
   5.4347530e+05   5.4037610e+06   5.2781200e-02
   5.4350340e+05   5.4037610e+06  -5.8101400e-02
   5.4353720e+05   5.4037610e+06   4.4274520e-01
   5.4358330e+05   5.4037610e+06   6.8617100e-02
   5.4359010e+05   5.4037610e+06   2.7044760e-01
   5.4359590e+05   5.4037610e+06  -3.6749160e-01
   5.4346100e+05   5.4037620e+06   4.0120000e-02
   5.4355870e+05   5.4037620e+06  -5.9436360e-01
   5.4356660e+05   5.4037620e+06   5.0463280e-01
   5.4361740e+05   5.4037620e+06   1.1924892e+00
   5.4364540e+05   5.4037620e+06   5.7363960e-01
   5.4340010e+05   5.4037630e+06   1.5081490e-01
   5.4342630e+05   5.4037630e+06   1.0803230e-01
   5.4346280e+05   5.4037630e+06   7.4356000e-02
   5.4347190e+05   5.4037630e+06   1.8139680e-01
   5.4349770e+05   5.4037630e+06   1.7167820e-01
   5.4357880e+05   5.4037630e+06   1.3247200e-02
   5.4351660e+05   5.4037640e+06   9.0348000e-03
   5.4352890e+05   5.4037640e+06  -2.2452700e-01
   5.4358340e+05   5.4037640e+06  -1.5983080e-01
   5.4358980e+05   5.4037640e+06   1.9593240e-01
   5.4359600e+05   5.4037640e+06  -1.0613600e-01
   5.4363450e+05   5.4037640e+06  -7.1549200e-01
   5.4365840e+05   5.4037640e+06   9.9550240e-01
   5.4341760e+05   5.4037650e+06   5.8576000e-02
   5.4353730e+05   5.4037650e+06   4.0597600e-01
   5.4360190e+05   5.4037650e+06  -2.6326250e-01
   5.4364470e+05   5.4037650e+06   1.4428945e+00
   5.4338780e+05   5.4037660e+06   1.6776360e-01
   5.4344380e+05   5.4037660e+06  -1.1065440e-01
   5.4347540e+05   5.4037660e+06   1.8787960e-01
   5.4348890e+05   5.4037660e+06   1.5074800e-02
   5.4350330e+05   5.4037660e+06   4.2934200e-02
   5.4355850e+05   5.4037670e+06  -5.1017050e-01
   5.4368890e+05   5.4037670e+06   1.2049338e+00
   5.4339980e+05   5.4037680e+06   1.3196800e-01
   5.4343100e+05   5.4037680e+06   2.0752800e-01
   5.4346040e+05   5.4037680e+06   1.7696800e-01
   5.4349760e+05   5.4037680e+06   8.5137600e-02
   5.4353720e+05   5.4037680e+06   9.6465600e-02
   5.4356620e+05   5.4037680e+06   6.3849040e-01
   5.4357830e+05   5.4037680e+06  -2.2190780e-01
   5.4358350e+05   5.4037680e+06  -3.5948900e-01
   5.4358940e+05   5.4037680e+06   2.8519640e-01
   5.4360210e+05   5.4037680e+06   6.6389400e-02
   5.4364540e+05   5.4037680e+06  -3.1544160e-01
   5.4342600e+05   5.4037690e+06  -4.8200000e-04
   5.4346290e+05   5.4037690e+06  -7.8398500e-02
   5.4352860e+05   5.4037690e+06  -1.2710300e-01
   5.4359600e+05   5.4037690e+06  -8.3706000e-02
   5.4363410e+05   5.4037690e+06  -3.9740460e-01
   5.4365840e+05   5.4037690e+06   2.9880400e-02
   5.4347110e+05   5.4037700e+06   8.5110000e-03
   5.4351670e+05   5.4037700e+06   7.1815000e-02
   5.4344330e+05   5.4037710e+06   6.2164800e-02
   5.4360230e+05   5.4037710e+06   3.7297300e-02
   5.4361730e+05   5.4037710e+06  -2.5362470e-01
   5.4364460e+05   5.4037710e+06   3.7487600e-02
   5.4365840e+05   5.4037710e+06  -5.7698800e-02
   5.4371120e+05   5.4037710e+06   2.8864360e-01
   5.4339930e+05   5.4037720e+06   1.3413100e-01
   5.4341690e+05   5.4037720e+06   1.0285740e-01
   5.4347550e+05   5.4037720e+06   1.2149800e-01
   5.4355830e+05   5.4037720e+06  -2.8025980e-01
   5.4356580e+05   5.4037720e+06   2.8962440e-01
   5.4358360e+05   5.4037720e+06  -3.9332240e-01
   5.4358920e+05   5.4037720e+06  -1.9632800e-02
   5.4359610e+05   5.4037720e+06  -3.0531500e-01
   5.4364550e+05   5.4037720e+06   9.2771000e-02
   5.4368850e+05   5.4037720e+06  -1.1983500e-01
   5.4370310e+05   5.4037720e+06   5.9788220e-01
   5.4350320e+05   5.4037730e+06  -7.7000000e-03
   5.4353720e+05   5.4037730e+06   5.7094800e-02
   5.4357780e+05   5.4037730e+06  -2.3751900e-01
   5.4363380e+05   5.4037730e+06   5.5450600e-02
   5.4365850e+05   5.4037730e+06  -2.2345600e-01
   5.4338720e+05   5.4037740e+06   2.2717040e-01
   5.4348870e+05   5.4037740e+06  -3.3454800e-02
   5.4349770e+05   5.4037740e+06   1.9950960e-01
   5.4360230e+05   5.4037740e+06  -3.1559680e-01
   5.4364450e+05   5.4037740e+06   1.6784300e-01
   5.4371930e+05   5.4037740e+06   1.0663816e+00
   5.4380280e+05   5.4037740e+06   6.7998720e-01
   5.4342560e+05   5.4037750e+06   2.2920000e-03
   5.4343050e+05   5.4037750e+06   2.1280000e-01
   5.4345990e+05   5.4037750e+06   1.5601750e-01
   5.4352830e+05   5.4037750e+06  -3.0902000e-02
   5.4361730e+05   5.4037750e+06   2.5388850e-01
   5.4368820e+05   5.4037750e+06  -5.1414300e-01
   5.4371080e+05   5.4037750e+06  -9.7133800e-01
   5.4373790e+05   5.4037750e+06   1.0357485e+00
   5.4375870e+05   5.4037750e+06   9.5694900e-01
   5.4378300e+05   5.4037750e+06   9.4330500e-01
   5.4346310e+05   5.4037760e+06   8.7434800e-02
   5.4351670e+05   5.4037760e+06   4.4995000e-02
   5.4358880e+05   5.4037760e+06  -1.1830160e-01
   5.4359610e+05   5.4037760e+06  -2.6947100e-01
   5.4364560e+05   5.4037760e+06   3.3400160e-01
   5.4365850e+05   5.4037760e+06  -1.9252700e-01
   5.4375680e+05   5.4037760e+06   1.1557032e+00
   5.4377100e+05   5.4037760e+06   1.1113740e+00
   5.4339890e+05   5.4037770e+06   1.4980300e-01
   5.4344280e+05   5.4037770e+06   2.1934360e-01
   5.4353730e+05   5.4037770e+06   7.4663300e-02
   5.4355800e+05   5.4037770e+06  -1.9686800e-01
   5.4356560e+05   5.4037770e+06   1.1832280e-01
   5.4358370e+05   5.4037770e+06  -1.9879280e-01
   5.4361720e+05   5.4037770e+06   3.8086640e-01
   5.4363340e+05   5.4037770e+06  -1.6882980e-01
   5.4364440e+05   5.4037770e+06   3.6862680e-01
   5.4368800e+05   5.4037770e+06  -4.4673000e-01
   5.4379760e+05   5.4037770e+06   1.2061756e+00
   5.4381810e+05   5.4037770e+06   1.0226055e+00
   5.4347040e+05   5.4037780e+06   6.0501600e-02
   5.4347560e+05   5.4037780e+06   1.4898240e-01
   5.4357740e+05   5.4037780e+06  -9.3702000e-02
   5.4360250e+05   5.4037780e+06  -2.2901000e-01
   5.4371030e+05   5.4037780e+06  -4.2125280e-01
   5.4382510e+05   5.4037780e+06   9.2938240e-01
   5.4349780e+05   5.4037790e+06   5.2492400e-02
   5.4359620e+05   5.4037790e+06  -1.4710600e-01
   5.4365850e+05   5.4037790e+06   1.7840200e-01
   5.4370190e+05   5.4037790e+06  -2.2852490e-01
   5.4372020e+05   5.4037790e+06  -5.2222000e-03
   5.4341620e+05   5.4037800e+06   2.0051400e-01
   5.4350310e+05   5.4037800e+06  -6.3720000e-02
   5.4361730e+05   5.4037800e+06   2.1328000e-01
   5.4364420e+05   5.4037800e+06   2.1306600e-01
   5.4375690e+05   5.4037800e+06   5.5260000e-03
   5.4384910e+05   5.4037800e+06   8.6778000e-02
   5.4338660e+05   5.4037810e+06   1.5350780e-01
   5.4342530e+05   5.4037810e+06   1.5651900e-01
   5.4352790e+05   5.4037810e+06  -3.3549500e-02
   5.4364570e+05   5.4037810e+06  -3.1435800e-02
   5.4368740e+05   5.4037810e+06  -7.6664600e-02
   5.4370170e+05   5.4037810e+06   6.7006000e-03
   5.4370980e+05   5.4037810e+06   2.7466400e-02
   5.4372050e+05   5.4037810e+06  -7.8043000e-02
   5.4380360e+05   5.4037810e+06  -2.1566080e-01
   5.4383540e+05   5.4037810e+06   1.1327530e+00
   5.4342980e+05   5.4037820e+06   9.5374000e-02
   5.4344240e+05   5.4037820e+06   5.3068800e-02
   5.4345930e+05   5.4037820e+06   3.6132000e-02
   5.4346330e+05   5.4037820e+06   9.9714600e-02
   5.4348860e+05   5.4037820e+06   2.3577320e-01
   5.4351670e+05   5.4037820e+06   1.0670280e-01
   5.4353730e+05   5.4037820e+06   2.0102460e-01
   5.4355780e+05   5.4037820e+06  -5.6822000e-02
   5.4356520e+05   5.4037820e+06   1.2095120e-01
   5.4358840e+05   5.4037820e+06   1.4956000e-02
   5.4360270e+05   5.4037820e+06  -1.3302480e-01
   5.4361720e+05   5.4037820e+06   9.0584000e-03
   5.4363290e+05   5.4037820e+06  -3.0733360e-01
   5.4378370e+05   5.4037820e+06  -6.3205780e-01
   5.4380380e+05   5.4037820e+06  -1.6111080e-01
   5.4385690e+05   5.4037820e+06   6.2264560e-01
   5.4339850e+05   5.4037830e+06   1.3126850e-01
   5.4357680e+05   5.4037830e+06  -4.5719600e-02
   5.4358390e+05   5.4037830e+06  -4.2802500e-02
   5.4359620e+05   5.4037830e+06  -8.3522200e-02
   5.4364410e+05   5.4037830e+06  -1.2052220e-01
   5.4365850e+05   5.4037830e+06   4.0183750e-01
   5.4372090e+05   5.4037830e+06  -2.4959820e-01
   5.4373900e+05   5.4037830e+06  -3.7367700e-01
   5.4375710e+05   5.4037830e+06  -3.4710840e-01
   5.4380390e+05   5.4037830e+06   3.4744000e-03
   5.4381860e+05   5.4037830e+06  -5.2402320e-01
   5.4382550e+05   5.4037830e+06  -4.4262000e-01
   5.4384930e+05   5.4037830e+06  -1.1436541e+00
   5.4370130e+05   5.4037840e+06   9.1946000e-03
   5.4370940e+05   5.4037840e+06  -1.2520000e-04
   5.4378390e+05   5.4037840e+06  -6.7338620e-01
   5.4379810e+05   5.4037840e+06   1.1219720e-01
   5.4383560e+05   5.4037840e+06  -7.0135600e-01
   5.4387390e+05   5.4037840e+06   1.2701324e+00
   5.4347580e+05   5.4037850e+06   1.7761800e-01
   5.4349790e+05   5.4037850e+06   1.1444250e-01
   5.4361710e+05   5.4037850e+06  -4.9312000e-02
   5.4364570e+05   5.4037850e+06  -2.7582300e-01
   5.4368690e+05   5.4037850e+06   1.9230350e-01
   5.4372130e+05   5.4037850e+06  -2.2641100e-01
   5.4373920e+05   5.4037850e+06  -4.2779000e-01
   5.4377190e+05   5.4037850e+06  -3.8720400e-01
   5.4380410e+05   5.4037850e+06  -1.3725800e-01
   5.4389140e+05   5.4037850e+06   1.6044500e+00
   5.4346940e+05   5.4037860e+06  -1.4735600e-02
   5.4352760e+05   5.4037860e+06  -1.0458800e-01
   5.4360280e+05   5.4037860e+06  -1.2390160e-01
   5.4364400e+05   5.4037860e+06  -1.9517600e-01
   5.4365860e+05   5.4037860e+06  -5.0176000e-02
   5.4375730e+05   5.4037860e+06  -4.7980040e-01
   5.4379830e+05   5.4037860e+06  -2.3247760e-01
   5.4381880e+05   5.4037860e+06  -5.7717120e-01
   5.4382580e+05   5.4037860e+06  -5.1514000e-01
   5.4341550e+05   5.4037870e+06   7.6534000e-02
   5.4342510e+05   5.4037870e+06   1.5541300e-01
   5.4350310e+05   5.4037870e+06  -4.3939100e-02
   5.4355760e+05   5.4037870e+06  -6.3544000e-02
   5.4356490e+05   5.4037870e+06   1.9911040e-01
   5.4358800e+05   5.4037870e+06   1.5061000e-01
   5.4359630e+05   5.4037870e+06   7.8573000e-03
   5.4361700e+05   5.4037870e+06  -5.4376000e-02
   5.4363260e+05   5.4037870e+06  -2.4855940e-01
   5.4370080e+05   5.4037870e+06   1.6144280e-01
   5.4370900e+05   5.4037870e+06   1.0130400e-01
   5.4380430e+05   5.4037870e+06  -3.3786080e-01
   5.4384960e+05   5.4037870e+06  -2.4752280e-01
   5.4387410e+05   5.4037870e+06  -7.7680770e-01
   5.4389130e+05   5.4037870e+06  -5.8377000e-01
   5.4339820e+05   5.4037880e+06   6.8537200e-02
   5.4344180e+05   5.4037880e+06   3.9210400e-02
   5.4351660e+05   5.4037880e+06   2.5888760e-01
   5.4353730e+05   5.4037880e+06   1.8604140e-01
   5.4373950e+05   5.4037880e+06  -3.0141100e-01
   5.4377210e+05   5.4037880e+06  -3.0347700e-01
   5.4378430e+05   5.4037880e+06  -3.7371980e-01
   5.4383580e+05   5.4037880e+06  -6.2139000e-01
   5.4385750e+05   5.4037880e+06  -4.4744000e-01
   5.4342930e+05   5.4037890e+06   7.2399000e-02
   5.4345880e+05   5.4037890e+06   1.2765000e-01
   5.4346350e+05   5.4037890e+06   1.4958650e-01
   5.4357630e+05   5.4037890e+06  -1.3556300e-02
   5.4358400e+05   5.4037890e+06  -5.0300000e-03
   5.4364400e+05   5.4037890e+06  -1.3252400e-01
   5.4364590e+05   5.4037890e+06  -1.1346740e-01
   5.4365860e+05   5.4037890e+06  -2.3020500e-01
   5.4372180e+05   5.4037890e+06  -9.1425200e-02
   5.4379840e+05   5.4037890e+06  -2.7268320e-01
   5.4381910e+05   5.4037890e+06  -3.1811760e-01
   5.4382590e+05   5.4037890e+06  -3.6811600e-01
   5.4338610e+05   5.4037900e+06   1.2537900e-01
   5.4361700e+05   5.4037900e+06   8.4020000e-02
   5.4375760e+05   5.4037900e+06  -1.9704400e-01
   5.4376030e+05   5.4037900e+06  -1.4425200e-01
   5.4380460e+05   5.4037900e+06  -1.7352200e-01
   5.4387420e+05   5.4037900e+06   2.6318000e-02
   5.4347590e+05   5.4037910e+06  -4.6758600e-02
   5.4348860e+05   5.4037910e+06   1.2360920e-01
   5.4349790e+05   5.4037910e+06   5.9984400e-02
   5.4359640e+05   5.4037910e+06  -8.6352400e-02
   5.4360310e+05   5.4037910e+06  -2.6334000e-02
   5.4368640e+05   5.4037910e+06  -3.8236000e-02
   5.4370040e+05   5.4037910e+06   3.2936080e-01
   5.4370840e+05   5.4037910e+06   2.0517680e-01
   5.4377240e+05   5.4037910e+06  -1.5737000e-01
   5.4389110e+05   5.4037910e+06  -9.9100000e-03
   5.4346880e+05   5.4037920e+06   1.4076800e-01
   5.4352730e+05   5.4037920e+06   9.9288000e-03
   5.4356450e+05   5.4037920e+06   2.5959900e-01
   5.4364380e+05   5.4037920e+06  -7.5370800e-02
   5.4365870e+05   5.4037920e+06  -1.1159500e-01
   5.4372240e+05   5.4037920e+06   2.5183440e-01
   5.4379860e+05   5.4037920e+06  -1.8260240e-01
   5.4381930e+05   5.4037920e+06  -2.4628920e-01
   5.4383610e+05   5.4037920e+06  -3.7808880e-01
   5.4384990e+05   5.4037920e+06   7.8070000e-03
   5.4385770e+05   5.4037920e+06  -6.8578000e-02
   5.4353730e+05   5.4037930e+06   1.9535540e-01
   5.4355720e+05   5.4037930e+06  -9.4728000e-02
   5.4358760e+05   5.4037930e+06   1.3875320e-01
   5.4361710e+05   5.4037930e+06   2.3366300e-02
   5.4363230e+05   5.4037930e+06  -4.2799500e-02
   5.4374010e+05   5.4037930e+06  -6.4766200e-02
   5.4377270e+05   5.4037930e+06  -1.6017850e-01
   5.4378480e+05   5.4037930e+06  -2.2793600e-02
   5.4380490e+05   5.4037930e+06  -1.6291790e-01
   5.4382630e+05   5.4037930e+06  -2.1869530e-01
   5.4339780e+05   5.4037940e+06   7.3361600e-02
   5.4341490e+05   5.4037940e+06   2.8243820e-01
   5.4342460e+05   5.4037940e+06   1.2160200e-01
   5.4344130e+05   5.4037940e+06   1.2339880e-01
   5.4350290e+05   5.4037940e+06  -1.6503580e-01
   5.4357580e+05   5.4037940e+06  -4.3564000e-03
   5.4358420e+05   5.4037940e+06   7.2812000e-03
   5.4364590e+05   5.4037940e+06   5.2750200e-02
   5.4369980e+05   5.4037940e+06   1.7036520e-01
   5.4375780e+05   5.4037940e+06   1.2968000e-03
   5.4376070e+05   5.4037940e+06  -4.4320400e-02
   5.4351680e+05   5.4037950e+06   1.2973800e-01
   5.4359640e+05   5.4037950e+06   6.1902000e-02
   5.4361690e+05   5.4037950e+06   1.5343500e-02
   5.4365880e+05   5.4037950e+06  -2.7524000e-02
   5.4372290e+05   5.4037950e+06   3.4793350e-01
   5.4381940e+05   5.4037950e+06  -3.4085000e-02
   5.4383640e+05   5.4037950e+06  -2.4101600e-01
   5.4385010e+05   5.4037950e+06  -1.3140300e-01
   5.4387440e+05   5.4037950e+06  -1.5564000e-02
   5.4342860e+05   5.4037960e+06   1.3665400e-01
   5.4345820e+05   5.4037960e+06   2.6904440e-01
   5.4364380e+05   5.4037960e+06   1.3636000e-03
   5.4368580e+05   5.4037960e+06  -1.9949200e-01
   5.4370780e+05   5.4037960e+06  -1.0776640e-01
   5.4379890e+05   5.4037960e+06  -1.9750800e-02
   5.4385800e+05   5.4037960e+06  -2.7600000e-02
   5.4389110e+05   5.4037960e+06   3.6040000e-02
   5.4346370e+05   5.4037970e+06   2.6542200e-01
   5.4349810e+05   5.4037970e+06   7.1063200e-02
   5.4360330e+05   5.4037970e+06   7.6122000e-02
   5.4363180e+05   5.4037970e+06  -4.0111000e-02
   5.4376100e+05   5.4037970e+06   7.5769000e-02
   5.4377300e+05   5.4037970e+06   7.2085000e-02
   5.4338560e+05   5.4037980e+06   4.2781600e-02
   5.4347600e+05   5.4037980e+06   8.7108000e-02
   5.4352690e+05   5.4037980e+06   2.0271660e-01
   5.4356410e+05   5.4037980e+06   2.1708380e-01
   5.4358710e+05   5.4037980e+06   1.7135420e-01
   5.4361690e+05   5.4037980e+06   7.6815200e-02
   5.4365870e+05   5.4037980e+06   8.9680000e-03
   5.4369910e+05   5.4037980e+06  -6.5034200e-02
   5.4372330e+05   5.4037980e+06   2.2157420e-01
   5.4375800e+05   5.4037980e+06   1.8795600e-01
   5.4380540e+05   5.4037980e+06   1.5488760e-01
   5.4383660e+05   5.4037980e+06  -2.6152000e-03
   5.4346800e+05   5.4037990e+06   9.6120000e-02
   5.4348840e+05   5.4037990e+06   1.2866720e-01
   5.4353740e+05   5.4037990e+06   3.6964360e-01
   5.4355690e+05   5.4037990e+06  -7.0080500e-02
   5.4359650e+05   5.4037990e+06  -2.1248500e-02
   5.4364600e+05   5.4037990e+06   1.6808000e-02
   5.4374080e+05   5.4037990e+06   2.8277720e-01
   5.4378530e+05   5.4037990e+06   3.8678700e-02
   5.4381960e+05   5.4037990e+06   1.2584320e-01
   5.4385830e+05   5.4037990e+06   6.0875000e-02
   5.4339740e+05   5.4038000e+06   6.4336000e-02
   5.4341430e+05   5.4038000e+06   1.8930400e-01
   5.4344070e+05   5.4038000e+06   2.5628000e-02
   5.4350290e+05   5.4038000e+06  -6.7069000e-02
   5.4357520e+05   5.4038000e+06   3.5544000e-02
   5.4358430e+05   5.4038000e+06  -3.5002000e-02
   5.4361690e+05   5.4038000e+06   7.4463000e-02
   5.4377340e+05   5.4038000e+06   2.2455600e-01
   5.4379910e+05   5.4038000e+06   1.9305400e-01
   5.4385040e+05   5.4038000e+06   4.3128000e-02
   5.4389110e+05   5.4038000e+06   6.0800000e-02
   5.4342430e+05   5.4038010e+06   3.6612000e-03
   5.4351680e+05   5.4038010e+06  -7.1376400e-02
   5.4364360e+05   5.4038010e+06   8.4601200e-02
   5.4368530e+05   5.4038010e+06  -7.0908800e-02
   5.4370710e+05   5.4038010e+06  -2.1276720e-01
   5.4372380e+05   5.4038010e+06   1.2820220e-01
   5.4376140e+05   5.4038010e+06   3.4945540e-01
   5.4382680e+05   5.4038010e+06   2.2435720e-01
   5.4387460e+05   5.4038010e+06   6.2941200e-02
   5.4345760e+05   5.4038020e+06   1.7288320e-01
   5.4365880e+05   5.4038020e+06   8.4601600e-02
   5.4375830e+05   5.4038020e+06  -2.0552160e-01
   5.4381990e+05   5.4038020e+06   1.6327740e-01
   5.4383680e+05   5.4038020e+06   1.1201280e-01
   5.4342790e+05   5.4038030e+06  -9.7303200e-02
   5.4356380e+05   5.4038030e+06   3.1004280e-01
   5.4359650e+05   5.4038030e+06   5.7685500e-02
   5.4360350e+05   5.4038030e+06   1.4105800e-01
   5.4361680e+05   5.4038030e+06   5.5778800e-02
   5.4363140e+05   5.4038030e+06   1.2291760e-01
   5.4369860e+05   5.4038030e+06  -2.6151800e-02
   5.4379930e+05   5.4038030e+06   1.5908370e-01
   5.4380590e+05   5.4038030e+06   1.8914600e-02
   5.4385850e+05   5.4038030e+06   1.7570550e-01
   5.4346390e+05   5.4038040e+06   4.5285000e-02
   5.4349810e+05   5.4038040e+06   2.2191420e-01
   5.4352670e+05   5.4038040e+06  -9.1072400e-02
   5.4372430e+05   5.4038040e+06  -1.1620520e-01
   5.4377380e+05   5.4038040e+06  -6.3928000e-03
   5.4382000e+05   5.4038040e+06  -8.6640000e-02
   5.4347620e+05   5.4038050e+06   1.4258600e-01
   5.4355660e+05   5.4038050e+06   2.6721000e-02
   5.4358440e+05   5.4038050e+06   1.6785200e-01
   5.4358660e+05   5.4038050e+06   2.7465300e-01
   5.4364340e+05   5.4038050e+06   2.5933000e-02
   5.4364610e+05   5.4038050e+06   8.9594500e-02
   5.4365880e+05   5.4038050e+06   2.9050000e-02
   5.4374160e+05   5.4038050e+06  -8.5540000e-02
   5.4389100e+05   5.4038050e+06   4.6500000e-02
   5.4338490e+05   5.4038060e+06   1.0973900e-01
   5.4339700e+05   5.4038060e+06   8.3872000e-02
   5.4346720e+05   5.4038060e+06  -9.5904000e-02
   5.4353740e+05   5.4038060e+06   3.5525920e-01
   5.4357480e+05   5.4038060e+06   1.9067040e-01
   5.4361690e+05   5.4038060e+06   1.8233780e-01
   5.4368480e+05   5.4038060e+06  -4.4244800e-02
   5.4375840e+05   5.4038060e+06  -2.1243040e-01
   5.4376190e+05   5.4038060e+06   2.7543040e-01
   5.4378600e+05   5.4038060e+06  -1.8011200e-01
   5.4383720e+05   5.4038060e+06  -4.1142400e-02
   5.4385070e+05   5.4038060e+06   8.8090200e-02
   5.4385870e+05   5.4038060e+06  -2.2421800e-02
   5.4387480e+05   5.4038060e+06  -8.5026400e-02
   5.4341380e+05   5.4038070e+06   2.7670740e-01
   5.4342420e+05   5.4038070e+06  -1.1406640e-01
   5.4344030e+05   5.4038070e+06   1.1769800e-01
   5.4350280e+05   5.4038070e+06  -1.2464000e-02
   5.4369790e+05   5.4038070e+06  -2.2820300e-02
   5.4370630e+05   5.4038070e+06  -1.1297920e-01
   5.4372480e+05   5.4038070e+06  -1.7944560e-01
   5.4377410e+05   5.4038070e+06  -1.5778480e-01
   5.4379960e+05   5.4038070e+06  -3.3230400e-02
   5.4382030e+05   5.4038070e+06  -2.9171000e-03
   5.4348830e+05   5.4038080e+06   2.6028780e-01
   5.4356360e+05   5.4038080e+06   5.6745760e-01
   5.4359660e+05   5.4038080e+06   2.3982520e-01
   5.4360370e+05   5.4038080e+06   1.5868560e-01
   5.4363090e+05   5.4038080e+06   9.7946600e-02
   5.4351680e+05   5.4038090e+06   8.3132400e-02
   5.4361680e+05   5.4038090e+06   2.9426440e-01
   5.4364610e+05   5.4038090e+06   7.6045300e-02
   5.4365890e+05   5.4038090e+06   1.1397610e-01
   5.4380640e+05   5.4038090e+06   3.1906800e-02
   5.4382750e+05   5.4038090e+06   7.3417500e-02
   5.4383740e+05   5.4038090e+06   1.0160800e-02
   5.4345690e+05   5.4038100e+06   2.3580900e-01
   5.4349810e+05   5.4038100e+06   1.3503700e-01
   5.4355620e+05   5.4038100e+06  -3.3514600e-01
   5.4358610e+05   5.4038100e+06   1.4310500e-01
   5.4364330e+05   5.4038100e+06   9.1574000e-02
   5.4368420e+05   5.4038100e+06   3.3052000e-02
   5.4372530e+05   5.4038100e+06  -1.3151900e-01
   5.4377440e+05   5.4038100e+06  -1.2976000e-01
   5.4382050e+05   5.4038100e+06  -3.9750000e-02
   5.4385910e+05   5.4038100e+06   7.2513000e-02
   5.4389090e+05   5.4038100e+06   4.2200000e-02
   5.4339660e+05   5.4038110e+06  -6.2085200e-02
   5.4342740e+05   5.4038110e+06   2.9296420e-01
   5.4352630e+05   5.4038110e+06   9.7890000e-04
   5.4358460e+05   5.4038110e+06   2.7707980e-01
   5.4374220e+05   5.4038110e+06   8.2768600e-02
   5.4375880e+05   5.4038110e+06  -1.8552840e-01
   5.4376240e+05   5.4038110e+06   2.0291280e-01
   5.4379990e+05   5.4038110e+06   3.4537200e-02
   5.4347630e+05   5.4038120e+06  -3.5583200e-02
   5.4357410e+05   5.4038120e+06  -1.9508260e-01
   5.4361670e+05   5.4038120e+06   3.9346340e-01
   5.4365890e+05   5.4038120e+06   1.7790080e-01
   5.4369730e+05   5.4038120e+06   1.4482600e-01
   5.4370560e+05   5.4038120e+06   4.0413600e-02
   5.4385110e+05   5.4038120e+06   1.0818180e-01
   5.4387490e+05   5.4038120e+06   7.6171200e-02
   5.4342380e+05   5.4038130e+06  -2.7951580e-01
   5.4343960e+05   5.4038130e+06  -1.2379080e-01
   5.4346410e+05   5.4038130e+06   1.4931230e-01
   5.4346630e+05   5.4038130e+06   4.0718900e-02
   5.4353740e+05   5.4038130e+06   3.5351780e-01
   5.4356310e+05   5.4038130e+06   5.1392620e-01
   5.4359680e+05   5.4038130e+06  -2.5151200e-02
   5.4372590e+05   5.4038130e+06   3.0721700e-02
   5.4378660e+05   5.4038130e+06   2.0173800e-02
   5.4382070e+05   5.4038130e+06  -8.8351500e-02
   5.4383770e+05   5.4038130e+06  -5.9593900e-02
   5.4385930e+05   5.4038130e+06  -4.5839400e-02
   5.4338440e+05   5.4038140e+06  -2.0146400e-01
   5.4341310e+05   5.4038140e+06   4.9865400e-02
   5.4350270e+05   5.4038140e+06  -5.8782000e-03
   5.4360390e+05   5.4038140e+06   1.1073200e-02
   5.4364630e+05   5.4038140e+06   4.2630720e-01
   5.4377480e+05   5.4038140e+06  -9.3600000e-04
   5.4380700e+05   5.4038140e+06   4.1660000e-02
   5.4389080e+05   5.4038140e+06  -3.6600000e-02
   5.4361670e+05   5.4038150e+06   5.5300400e-01
   5.4363040e+05   5.4038150e+06   3.9477200e-01
   5.4364300e+05   5.4038150e+06   4.5865500e-01
   5.4365890e+05   5.4038150e+06   2.6658900e-01
   5.4368360e+05   5.4038150e+06   1.6482600e-01
   5.4375910e+05   5.4038150e+06  -1.4746250e-01
   5.4380010e+05   5.4038150e+06  -1.4873500e-02
   5.4351680e+05   5.4038160e+06  -1.0744560e-01
   5.4358470e+05   5.4038160e+06   9.3891600e-02
   5.4372630e+05   5.4038160e+06   1.4764280e-01
   5.4374280e+05   5.4038160e+06   3.5618400e-02
   5.4376290e+05   5.4038160e+06   1.7256280e-01
   5.4382810e+05   5.4038160e+06   9.4141000e-02
   5.4339620e+05   5.4038170e+06  -1.7348000e-03
   5.4348830e+05   5.4038170e+06   3.2149730e-01
   5.4349820e+05   5.4038170e+06   1.7275220e-01
   5.4355600e+05   5.4038170e+06  -1.1856400e-01
   5.4358560e+05   5.4038170e+06   7.3269600e-02
   5.4369640e+05   5.4038170e+06   2.6727800e-01
   5.4377510e+05   5.4038170e+06  -7.2931000e-02
   5.4382090e+05   5.4038170e+06  -3.9394500e-02
   5.4383800e+05   5.4038170e+06  -6.3664000e-02
   5.4387510e+05   5.4038170e+06   1.1552830e-01
   5.4342680e+05   5.4038180e+06   5.2803200e-02
   5.4352590e+05   5.4038180e+06  -4.6394000e-03
   5.4357360e+05   5.4038180e+06  -1.7213840e-01
   5.4359680e+05   5.4038180e+06  -1.8932320e-01
   5.4361660e+05   5.4038180e+06   4.7651080e-01
   5.4375910e+05   5.4038180e+06  -1.2347840e-01
   5.4385140e+05   5.4038180e+06   7.1346800e-02
   5.4385970e+05   5.4038180e+06   7.6881400e-02
   5.4342350e+05   5.4038190e+06  -1.7500050e-01
   5.4345610e+05   5.4038190e+06   1.4382280e-01
   5.4346560e+05   5.4038190e+06  -2.2203760e-01
   5.4356270e+05   5.4038190e+06   2.8319820e-01
   5.4364290e+05   5.4038190e+06  -2.9847900e-02
   5.4364640e+05   5.4038190e+06   3.0177360e-01
   5.4370480e+05   5.4038190e+06   1.8859760e-01
   5.4372690e+05   5.4038190e+06   1.2942810e-01
   5.4380040e+05   5.4038190e+06  -3.4720000e-03
   5.4341250e+05   5.4038200e+06   1.0725000e-01
   5.4347650e+05   5.4038200e+06   1.1450000e-01
   5.4350260e+05   5.4038200e+06   3.6890000e-02
   5.4360420e+05   5.4038200e+06  -8.0438000e-02
   5.4363000e+05   5.4038200e+06  -4.5300000e-02
   5.4365900e+05   5.4038200e+06   1.2586000e-01
   5.4368320e+05   5.4038200e+06   2.9743200e-01
   5.4374320e+05   5.4038200e+06   1.5339600e-01
   5.4378730e+05   5.4038200e+06   6.5395000e-02
   5.4380760e+05   5.4038200e+06   8.2124000e-02
   5.4382120e+05   5.4038200e+06  -3.8720000e-02
   5.4383830e+05   5.4038200e+06  -6.3010000e-03
   5.4389080e+05   5.4038200e+06   6.0200000e-02
   5.4343890e+05   5.4038210e+06   3.6734000e-03
   5.4346430e+05   5.4038210e+06   2.1649080e-01
   5.4353740e+05   5.4038210e+06   4.6202220e-01
   5.4361650e+05   5.4038210e+06   1.8261550e-01
   5.4377550e+05   5.4038210e+06   5.6873000e-02
   5.4338390e+05   5.4038220e+06  -6.6776600e-02
   5.4355560e+05   5.4038220e+06  -1.9172480e-01
   5.4369550e+05   5.4038220e+06   4.1512200e-01
   5.4376360e+05   5.4038220e+06   3.8049120e-01
   5.4386000e+05   5.4038220e+06  -4.1440000e-02
   5.4387520e+05   5.4038220e+06   2.0940000e-02
   5.4339580e+05   5.4038230e+06  -4.8670000e-03
   5.4349830e+05   5.4038230e+06   2.4604800e-02
   5.4351680e+05   5.4038230e+06  -1.9917320e-01
   5.4357300e+05   5.4038230e+06  -3.1070500e-01
   5.4358490e+05   5.4038230e+06   3.3368070e-01
   5.4359690e+05   5.4038230e+06  -3.0083460e-01
   5.4372760e+05   5.4038230e+06   4.1563440e-01
   5.4374360e+05   5.4038230e+06   2.4080600e-01
   5.4375950e+05   5.4038230e+06   8.8716500e-02
   5.4380070e+05   5.4038230e+06   9.1153600e-02
   5.4382860e+05   5.4038230e+06   1.6925940e-01
   5.4383840e+05   5.4038230e+06  -4.0846800e-02
   5.4358500e+05   5.4038240e+06   1.6304000e-01
   5.4364270e+05   5.4038240e+06  -1.2943300e-01
   5.4364640e+05   5.4038240e+06  -1.0597600e-01
   5.4365910e+05   5.4038240e+06  -9.3678800e-02
   5.4377580e+05   5.4038240e+06   4.5523200e-02
   5.4382140e+05   5.4038240e+06   1.5910800e-02
   5.4385180e+05   5.4038240e+06   5.3262800e-02
   5.4342610e+05   5.4038250e+06   6.1916000e-02
   5.4348820e+05   5.4038250e+06   1.1267700e-01
   5.4352560e+05   5.4038250e+06  -5.8082000e-02
   5.4360450e+05   5.4038250e+06  -1.3494250e-01
   5.4361660e+05   5.4038250e+06   1.4984100e-01
   5.4370390e+05   5.4038250e+06   4.5477400e-01
   5.4389060e+05   5.4038250e+06   6.6200000e-02
   5.4341180e+05   5.4038260e+06   1.3215640e-01
   5.4342310e+05   5.4038260e+06  -2.1302880e-01
   5.4350260e+05   5.4038260e+06  -3.9330400e-02
   5.4356230e+05   5.4038260e+06   4.8042420e-01
   5.4362950e+05   5.4038260e+06   6.2863000e-02
   5.4368260e+05   5.4038260e+06   2.6566880e-01
   5.4380820e+05   5.4038260e+06   2.2900920e-01
   5.4346490e+05   5.4038270e+06  -1.3750920e-01
   5.4365910e+05   5.4038270e+06  -1.2942590e-01
   5.4372830e+05   5.4038270e+06   4.0075930e-01
   5.4374410e+05   5.4038270e+06   4.6253250e-01
   5.4378800e+05   5.4038270e+06   2.6889600e-01
   5.4380100e+05   5.4038270e+06   1.4522200e-01
   5.4383880e+05   5.4038270e+06   9.0813600e-02
   5.4386040e+05   5.4038270e+06   3.8548800e-02
   5.4343830e+05   5.4038280e+06  -3.2590600e-02
   5.4345530e+05   5.4038280e+06   8.5879000e-02
   5.4347670e+05   5.4038280e+06   4.7157600e-02
   5.4359700e+05   5.4038280e+06  -2.6889800e-01
   5.4364650e+05   5.4038280e+06  -5.5165000e-02
   5.4369460e+05   5.4038280e+06   1.7080960e-01
   5.4375980e+05   5.4038280e+06   1.5834360e-01
   5.4376420e+05   5.4038280e+06   5.6786960e-01
   5.4377620e+05   5.4038280e+06   1.4796960e-01
   5.4382160e+05   5.4038280e+06  -1.9149600e-02
   5.4387540e+05   5.4038280e+06   1.5874000e-01
   5.4353740e+05   5.4038290e+06   2.7725580e-01
   5.4355540e+05   5.4038290e+06  -1.3495440e-01
   5.4357240e+05   5.4038290e+06  -1.8212400e-01
   5.4361640e+05   5.4038290e+06   1.9943720e-01
   5.4364250e+05   5.4038290e+06  -2.4791750e-01
   5.4338340e+05   5.4038300e+06  -1.4015400e-01
   5.4346460e+05   5.4038300e+06   1.3849600e-01
   5.4351690e+05   5.4038300e+06  -1.7172200e-01
   5.4358450e+05   5.4038300e+06   6.1605000e-02
   5.4358510e+05   5.4038300e+06   4.0373900e-01
   5.4370310e+05   5.4038300e+06  -2.1948500e-01
   5.4382920e+05   5.4038300e+06   1.9653600e-01
   5.4385210e+05   5.4038300e+06   1.5648600e-01
   5.4389050e+05   5.4038300e+06   6.2200000e-02
   5.4339530e+05   5.4038310e+06  -3.1456900e-01
   5.4349840e+05   5.4038310e+06   4.1219600e-02
   5.4362910e+05   5.4038310e+06   2.0793070e-01
   5.4368190e+05   5.4038310e+06  -1.8425530e-01
   5.4380130e+05   5.4038310e+06   2.1956570e-01
   5.4383910e+05   5.4038310e+06   1.6471440e-01
   5.4386070e+05   5.4038310e+06   1.1062820e-01
   5.4342560e+05   5.4038320e+06   1.6732240e-01
   5.4352510e+05   5.4038320e+06   9.7130000e-03
   5.4356190e+05   5.4038320e+06   3.5572060e-01
   5.4360470e+05   5.4038320e+06   2.4051000e-02
   5.4365910e+05   5.4038320e+06  -3.5923800e-02
   5.4372910e+05   5.4038320e+06  -1.1652220e-01
   5.4374460e+05   5.4038320e+06   6.2461120e-01
   5.4377660e+05   5.4038320e+06   2.2536680e-01
   5.4380890e+05   5.4038320e+06   3.1901920e-01
   5.4341140e+05   5.4038330e+06   1.0990540e-01
   5.4342280e+05   5.4038330e+06  -2.8354120e-01
   5.4350260e+05   5.4038330e+06  -7.2681000e-02
   5.4359700e+05   5.4038330e+06  -2.2905300e-01
   5.4361640e+05   5.4038330e+06   7.7870400e-02
   5.4364660e+05   5.4038330e+06   1.5646880e-01
   5.4376010e+05   5.4038330e+06  -3.7830860e-01
   5.4378860e+05   5.4038330e+06   3.4425420e-01
   5.4382210e+05   5.4038330e+06   1.9896530e-01
   5.4387560e+05   5.4038330e+06   1.5703440e-01
   5.4346410e+05   5.4038340e+06  -1.4892720e-01
   5.4347670e+05   5.4038340e+06   2.9040000e-04
   5.4348810e+05   5.4038340e+06   9.9170600e-02
   5.4357190e+05   5.4038340e+06  -2.9345600e-01
   5.4369380e+05   5.4038340e+06  -7.5809600e-02
   5.4376480e+05   5.4038340e+06   9.4745760e-01
   5.4380150e+05   5.4038340e+06   7.3609000e-02
   5.4343760e+05   5.4038350e+06  -7.1578000e-02
   5.4355510e+05   5.4038350e+06  -1.6689900e-01
   5.4364240e+05   5.4038350e+06  -2.0581200e-01
   5.4377700e+05   5.4038350e+06  -3.4541500e-01
   5.4383940e+05   5.4038350e+06   6.4314000e-02
   5.4386100e+05   5.4038350e+06   1.4967000e-01
   5.4389040e+05   5.4038350e+06   2.2090000e-01
   5.4358410e+05   5.4038360e+06  -4.8855000e-02
   5.4362860e+05   5.4038360e+06   2.6863200e-02
   5.4382960e+05   5.4038360e+06   1.3425760e-01
   5.4385260e+05   5.4038360e+06   3.5549520e-01
   5.4345460e+05   5.4038370e+06   2.7495880e-01
   5.4349840e+05   5.4038370e+06  -9.4150800e-02
   5.4351680e+05   5.4038370e+06  -1.2252600e-01
   5.4353750e+05   5.4038370e+06   1.4899500e-01
   5.4364670e+05   5.4038370e+06   9.0052400e-02
   5.4368120e+05   5.4038370e+06  -3.4498800e-02
   5.4370240e+05   5.4038370e+06  -1.5639000e-01
   5.4374510e+05   5.4038370e+06   6.3882700e-02
   5.4376030e+05   5.4038370e+06  -6.8910820e-01
   5.4382230e+05   5.4038370e+06  -1.2094290e-01
   5.4338280e+05   5.4038380e+06  -5.5460720e-01
   5.4339460e+05   5.4038380e+06  -3.7185000e-01
   5.4342500e+05   5.4038380e+06  -1.6780000e-02
   5.4346480e+05   5.4038380e+06   2.5648800e-02
   5.4356140e+05   5.4038380e+06   4.3536440e-01
   5.4358530e+05   5.4038380e+06   4.0030100e-01
   5.4360490e+05   5.4038380e+06  -1.7054000e-02
   5.4361630e+05   5.4038380e+06   1.7924480e-01
   5.4365920e+05   5.4038380e+06  -5.9334400e-02
   5.4373000e+05   5.4038380e+06  -3.0882000e-01
   5.4380950e+05   5.4038380e+06   3.5933900e-01
   5.4341080e+05   5.4038390e+06  -2.2035960e-01
   5.4350240e+05   5.4038390e+06   4.6630000e-02
   5.4352480e+05   5.4038390e+06   1.5411000e-01
   5.4359710e+05   5.4038390e+06  -1.4767670e-01
   5.4377740e+05   5.4038390e+06  -4.7829060e-01
   5.4380180e+05   5.4038390e+06  -1.4684820e-01
   5.4386130e+05   5.4038390e+06  -9.2401800e-02
   5.4387580e+05   5.4038390e+06   1.9184760e-01
   5.4357130e+05   5.4038400e+06  -1.2413400e-01
   5.4362820e+05   5.4038400e+06  -9.4320000e-02
   5.4376540e+05   5.4038400e+06   4.8454000e-01
   5.4378930e+05   5.4038400e+06  -4.5735000e-02
   5.4383970e+05   5.4038400e+06  -1.3938400e-01
   5.4389030e+05   5.4038400e+06  -2.0400000e-02
   5.4342240e+05   5.4038410e+06  -1.9505280e-01
   5.4347680e+05   5.4038410e+06  -1.7255360e-01
   5.4364220e+05   5.4038410e+06  -1.2480240e-01
   5.4369290e+05   5.4038410e+06   4.6749800e-02
   5.4343710e+05   5.4038420e+06  -2.1305200e-01
   5.4346320e+05   5.4038420e+06  -8.3630400e-02
   5.4355470e+05   5.4038420e+06  -1.1536200e-02
   5.4358360e+05   5.4038420e+06   9.7476000e-02
   5.4361630e+05   5.4038420e+06   2.0541920e-01
   5.4364680e+05   5.4038420e+06   1.2484880e-01
   5.4370160e+05   5.4038420e+06  -2.0714480e-01
   5.4374580e+05   5.4038420e+06  -9.1316400e-02
   5.4376060e+05   5.4038420e+06  -4.0866360e-01
   5.4382260e+05   5.4038420e+06  -2.7181960e-01
   5.4385290e+05   5.4038420e+06   9.9060800e-02
   5.4348790e+05   5.4038430e+06  -4.5972800e-02
   5.4365930e+05   5.4038430e+06  -9.7905700e-02
   5.4368060e+05   5.4038430e+06   5.5169800e-02
   5.4373090e+05   5.4038430e+06  -2.1492710e-01
   5.4377770e+05   5.4038430e+06  -4.4402470e-01
   5.4383030e+05   5.4038430e+06  -3.5683600e-02
   5.4386160e+05   5.4038430e+06  -2.6818880e-01
   5.4339430e+05   5.4038440e+06   3.2978600e-02
   5.4345380e+05   5.4038440e+06  -2.2040160e-01
   5.4349840e+05   5.4038440e+06  -2.1894160e-01
   5.4353750e+05   5.4038440e+06   1.0891000e-01
   5.4380210e+05   5.4038440e+06  -3.0759960e-01
   5.4381010e+05   5.4038440e+06   3.9596000e-02
   5.4384000e+05   5.4038440e+06  -1.9046000e-01
   5.4342460e+05   5.4038450e+06  -2.9967700e-01
   5.4351680e+05   5.4038450e+06  -3.0020200e-01
   5.4356100e+05   5.4038450e+06   4.0362500e-01
   5.4359730e+05   5.4038450e+06  -9.3525000e-02
   5.4360530e+05   5.4038450e+06  -1.8084200e-01
   5.4387610e+05   5.4038450e+06   1.4660500e-01
   5.4389020e+05   5.4038450e+06  -2.5025000e-01
   5.4341010e+05   5.4038460e+06  -5.3827040e-01
   5.4346500e+05   5.4038460e+06  -1.2144000e-01
   5.4357090e+05   5.4038460e+06  -1.1931600e-02
   5.4358550e+05   5.4038460e+06   2.4894000e-01
   5.4362780e+05   5.4038460e+06   1.0160400e-02
   5.4376090e+05   5.4038460e+06  -3.9492620e-01
   5.4376610e+05   5.4038460e+06   2.5534020e-01
   5.4338210e+05   5.4038470e+06  -1.9535110e-01
   5.4350240e+05   5.4038470e+06   1.7203160e-01
   5.4352440e+05   5.4038470e+06   1.0686760e-01
   5.4361620e+05   5.4038470e+06   2.5052280e-01
   5.4364190e+05   5.4038470e+06  -4.8073600e-02
   5.4364680e+05   5.4038470e+06   8.8720800e-02
   5.4365930e+05   5.4038470e+06  -4.0285300e-02
   5.4369190e+05   5.4038470e+06  -4.3045400e-02
   5.4373160e+05   5.4038470e+06  -3.8823600e-02
   5.4374630e+05   5.4038470e+06   4.3036100e-02
   5.4378990e+05   5.4038470e+06   3.3622700e-02
   5.4382290e+05   5.4038470e+06  -2.9614940e-01
   5.4386180e+05   5.4038470e+06  -2.3289060e-01
   5.4347710e+05   5.4038480e+06  -1.6303160e-01
   5.4355430e+05   5.4038480e+06  -2.2700020e-01
   5.4358310e+05   5.4038480e+06   1.7627000e-02
   5.4370080e+05   5.4038480e+06  -1.0764960e-01
   5.4377830e+05   5.4038480e+06  -1.6807180e-01
   5.4380240e+05   5.4038480e+06  -3.1114080e-01
   5.4385330e+05   5.4038480e+06   3.6644400e-02
   5.4343660e+05   5.4038490e+06  -1.4704300e-01
   5.4346240e+05   5.4038490e+06  -1.5557960e-01
   5.4367990e+05   5.4038490e+06   5.8254000e-03
   5.4384040e+05   5.4038490e+06  -6.6567200e-02
   5.4342200e+05   5.4038500e+06  -4.3260000e-02
   5.4381080e+05   5.4038500e+06  -7.1200000e-03
   5.4383080e+05   5.4038500e+06   7.6120000e-03
   5.4387610e+05   5.4038500e+06  -3.4308000e-02
   5.4339380e+05   5.4038510e+06   3.6324840e-01
   5.4342390e+05   5.4038510e+06  -1.4812770e-01
   5.4348780e+05   5.4038510e+06  -8.3936400e-02
   5.4356060e+05   5.4038510e+06   2.6607740e-01
   5.4359740e+05   5.4038510e+06  -2.5848380e-01
   5.4362740e+05   5.4038510e+06  -1.5890560e-01
   5.4376110e+05   5.4038510e+06  -1.4980010e-01
   5.4382330e+05   5.4038510e+06  -2.1620310e-01
   5.4386230e+05   5.4038510e+06  -9.1402700e-02
   5.4389010e+05   5.4038510e+06  -1.0321000e-01
   5.4349860e+05   5.4038520e+06  -6.3102000e-02
   5.4351690e+05   5.4038520e+06  -3.1507340e-01
   5.4353760e+05   5.4038520e+06   2.5928400e-01
   5.4357030e+05   5.4038520e+06  -1.7148420e-01
   5.4361620e+05   5.4038520e+06   2.2141680e-01
   5.4364180e+05   5.4038520e+06  -1.6727960e-01
   5.4364690e+05   5.4038520e+06   5.5108200e-02
   5.4365930e+05   5.4038520e+06  -7.9073400e-02
   5.4373230e+05   5.4038520e+06  -7.4812000e-02
   5.4374680e+05   5.4038520e+06   1.2598960e-01
   5.4376660e+05   5.4038520e+06   2.6333680e-01
   5.4377870e+05   5.4038520e+06  -1.4222100e-01
   5.4340940e+05   5.4038530e+06  -1.4612400e-02
   5.4345310e+05   5.4038530e+06  -4.8116730e-01
   5.4358570e+05   5.4038530e+06   1.6787560e-01
   5.4360550e+05   5.4038530e+06  -1.1820500e-02
   5.4369110e+05   5.4038530e+06  -9.6400600e-02
   5.4380270e+05   5.4038530e+06  -2.3009340e-01
   5.4384060e+05   5.4038530e+06  -2.5314620e-01
   5.4346520e+05   5.4038540e+06  -4.1889280e-01
   5.4347720e+05   5.4038540e+06  -5.6195840e-01
   5.4358270e+05   5.4038540e+06  -1.6633720e-01
   5.4369990e+05   5.4038540e+06  -8.1983200e-02
   5.4386250e+05   5.4038540e+06  -2.6012000e-01
   5.4338160e+05   5.4038550e+06   4.9788400e-01
   5.4343590e+05   5.4038550e+06   5.1617500e-02
   5.4350230e+05   5.4038550e+06   1.5618850e-01
   5.4352390e+05   5.4038550e+06   5.0207500e-02
   5.4355400e+05   5.4038550e+06  -2.3832000e-01
   5.4379060e+05   5.4038550e+06   7.1740000e-02
   5.4385380e+05   5.4038550e+06   1.7867100e-01
   5.4346160e+05   5.4038560e+06  -3.3146960e-01
   5.4362700e+05   5.4038560e+06  -1.0163800e-01
   5.4365940e+05   5.4038560e+06  -1.7377160e-01
   5.4367910e+05   5.4038560e+06  -1.4676940e-01
   5.4374740e+05   5.4038560e+06   1.5809840e-01
   5.4376140e+05   5.4038560e+06  -2.5057440e-01
   5.4381140e+05   5.4038560e+06  -6.7821600e-02
   5.4382360e+05   5.4038560e+06  -2.0827120e-01
   5.4387630e+05   5.4038560e+06  -2.7938600e-02
   5.4342340e+05   5.4038570e+06   6.2978600e-02
   5.4356010e+05   5.4038570e+06   1.1361230e-01
   5.4359740e+05   5.4038570e+06  -1.5714660e-01
   5.4361610e+05   5.4038570e+06   1.4240140e-01
   5.4373320e+05   5.4038570e+06  -7.5908000e-02
   5.4377920e+05   5.4038570e+06  -2.6511600e-01
   5.4380300e+05   5.4038570e+06  -1.1992400e-01
   5.4388990e+05   5.4038570e+06  -1.3277690e-01
   5.4339330e+05   5.4038580e+06   2.9226420e-01
   5.4342170e+05   5.4038580e+06   2.0323720e-01
   5.4348770e+05   5.4038580e+06  -4.4395880e-01
   5.4364160e+05   5.4038580e+06  -1.6784800e-02
   5.4364710e+05   5.4038580e+06   7.2161200e-02
   5.4376720e+05   5.4038580e+06   2.6711040e-01
   5.4384110e+05   5.4038580e+06  -2.8144200e-02
   5.4386280e+05   5.4038580e+06  -2.0112160e-01
   5.4340890e+05   5.4038590e+06   3.5159980e-01
   5.4349860e+05   5.4038590e+06  -2.1345900e-01
   5.4356980e+05   5.4038590e+06  -2.3814200e-02
   5.4369010e+05   5.4038590e+06  -7.8767800e-02
   5.4383140e+05   5.4038590e+06   3.2070000e-02
   5.4351690e+05   5.4038600e+06  -2.3434700e-01
   5.4353750e+05   5.4038600e+06   2.2957500e-01
   5.4358210e+05   5.4038600e+06  -7.0610000e-02
   5.4358590e+05   5.4038600e+06   1.8201000e-01
   5.4360590e+05   5.4038600e+06  -1.0654400e-01
   5.4362650e+05   5.4038600e+06  -5.1665000e-02
   5.4374780e+05   5.4038600e+06   8.0288000e-02
   5.4343550e+05   5.4038610e+06  -7.6240000e-03
   5.4345250e+05   5.4038610e+06  -4.3375000e-02
   5.4346540e+05   5.4038610e+06  -1.6248000e-01
   5.4347740e+05   5.4038610e+06  -5.1370200e-02
   5.4355370e+05   5.4038610e+06  -1.8666450e-01
   5.4361600e+05   5.4038610e+06   1.4803400e-01
   5.4369910e+05   5.4038610e+06   5.8836700e-02
   5.4379120e+05   5.4038610e+06   7.7700400e-02
   5.4385410e+05   5.4038610e+06   1.6596150e-01
   5.4386300e+05   5.4038610e+06  -1.7723900e-01
   5.4387660e+05   5.4038610e+06   7.4865000e-02
   5.4365940e+05   5.4038620e+06  -1.5075720e-01
   5.4373400e+05   5.4038620e+06  -8.1448000e-02
   5.4376180e+05   5.4038620e+06  -8.5329600e-02
   5.4377960e+05   5.4038620e+06  -9.8489600e-02
   5.4380330e+05   5.4038620e+06  -5.3281400e-02
   5.4381210e+05   5.4038620e+06   1.2256400e-01
   5.4382390e+05   5.4038620e+06  -9.1064200e-02
   5.4338100e+05   5.4038630e+06   1.5597200e-01
   5.4346090e+05   5.4038630e+06  -1.2853000e-02
   5.4350220e+05   5.4038630e+06  -3.8894660e-01
   5.4352350e+05   5.4038630e+06  -2.5874000e-02
   5.4355980e+05   5.4038630e+06   8.1455000e-02
   5.4359750e+05   5.4038630e+06  -1.9720000e-01
   5.4364140e+05   5.4038630e+06  -1.4217720e-01
   5.4367850e+05   5.4038630e+06  -9.7008500e-02
   5.4384140e+05   5.4038630e+06  -2.6019900e-01
   5.4342290e+05   5.4038640e+06  -3.3004100e-01
   5.4374830e+05   5.4038640e+06   1.9117600e-02
   5.4376780e+05   5.4038640e+06   3.0828880e-01
   5.4388980e+05   5.4038640e+06  -1.8799040e-01
   5.4339280e+05   5.4038650e+06  -2.1483800e-01
   5.4340830e+05   5.4038650e+06  -1.9491000e-01
   5.4342130e+05   5.4038650e+06  -1.3540800e-01
   5.4356900e+05   5.4038650e+06  -2.2403500e-01
   5.4364720e+05   5.4038650e+06   1.4138800e-01
   5.4386330e+05   5.4038650e+06  -3.0103450e-01
   5.4387660e+05   5.4038650e+06   8.8365000e-02
   5.4343490e+05   5.4038660e+06  -1.4923220e-01
   5.4348770e+05   5.4038660e+06  -4.3714980e-01
   5.4358610e+05   5.4038660e+06   1.1525340e-01
   5.4361590e+05   5.4038660e+06   1.1966060e-01
   5.4362620e+05   5.4038660e+06   1.9762280e-01
   5.4365940e+05   5.4038660e+06  -5.6979600e-02
   5.4368920e+05   5.4038660e+06   3.5400000e-02
   5.4373480e+05   5.4038660e+06  -1.6021280e-01
   5.4347740e+05   5.4038670e+06   1.7879260e-01
   5.4355340e+05   5.4038670e+06  -2.0971700e-01
   5.4358170e+05   5.4038670e+06   3.8168100e-02
   5.4360610e+05   5.4038670e+06   1.1078100e-02
   5.4369830e+05   5.4038670e+06  -3.8770300e-02
   5.4376210e+05   5.4038670e+06  -2.5093420e-01
   5.4378010e+05   5.4038670e+06  -2.5663480e-01
   5.4379180e+05   5.4038670e+06   4.2906200e-02
   5.4380380e+05   5.4038670e+06  -2.0756400e-02
   5.4382440e+05   5.4038670e+06  -1.4995120e-01
   5.4383210e+05   5.4038670e+06   1.6873440e-01
   5.4384180e+05   5.4038670e+06  -4.0288500e-01
   5.4346560e+05   5.4038680e+06  -1.0821200e-01
   5.4349880e+05   5.4038680e+06   8.0011200e-02
   5.4351690e+05   5.4038680e+06  -3.6284780e-01
   5.4353760e+05   5.4038680e+06   1.5592720e-01
   5.4359760e+05   5.4038680e+06  -2.0635360e-01
   5.4367780e+05   5.4038680e+06  -4.0686800e-02
   5.4374870e+05   5.4038680e+06   3.0330800e-02
   5.4381270e+05   5.4038680e+06   3.9496000e-02
   5.4385460e+05   5.4038680e+06   8.8702000e-02
   5.4338060e+05   5.4038690e+06  -3.7582640e-01
   5.4342240e+05   5.4038690e+06  -4.8078600e-01
   5.4345180e+05   5.4038690e+06  -2.2452080e-01
   5.4364130e+05   5.4038690e+06  -1.3621420e-01
   5.4376840e+05   5.4038690e+06   2.1979440e-01
   5.4386370e+05   5.4038690e+06  -2.6551290e-01
   5.4387680e+05   5.4038690e+06   5.9460000e-02
   5.4340780e+05   5.4038700e+06  -5.4906600e-01
   5.4346010e+05   5.4038700e+06  -2.3636900e-01
   5.4350210e+05   5.4038700e+06  -5.9919500e-01
   5.4355930e+05   5.4038700e+06   1.7478000e-02
   5.4362580e+05   5.4038700e+06  -3.8826000e-02
   5.4365950e+05   5.4038700e+06  -5.4435000e-02
   5.4352310e+05   5.4038710e+06  -2.2042330e-01
   5.4356840e+05   5.4038710e+06  -1.9575360e-01
   5.4361580e+05   5.4038710e+06   7.1468200e-02
   5.4373560e+05   5.4038710e+06  -1.2992560e-01
   5.4374910e+05   5.4038710e+06   4.3706700e-02
   5.4376230e+05   5.4038710e+06  -1.9141140e-01
   5.4388970e+05   5.4038710e+06  -9.4057700e-02
   5.4339230e+05   5.4038720e+06  -4.8362380e-01
   5.4342100e+05   5.4038720e+06  -7.3964400e-01
   5.4343460e+05   5.4038720e+06  -8.6466400e-01
   5.4348750e+05   5.4038720e+06  -1.5819000e-01
   5.4355310e+05   5.4038720e+06  -1.9489960e-01
   5.4358630e+05   5.4038720e+06   9.2690600e-02
   5.4364730e+05   5.4038720e+06   1.6718580e-01
   5.4368820e+05   5.4038720e+06   2.9761200e-02
   5.4378080e+05   5.4038720e+06  -1.2465440e-01
   5.4380410e+05   5.4038720e+06  -1.4664020e-01
   5.4382460e+05   5.4038720e+06  -3.5092240e-01
   5.4384230e+05   5.4038720e+06  -1.8329200e-01
   5.4387690e+05   5.4038720e+06  -5.9243200e-02
   5.4342210e+05   5.4038730e+06  -5.7481410e-01
   5.4358110e+05   5.4038730e+06  -1.0855720e-01
   5.4367730e+05   5.4038730e+06   8.5906900e-02
   5.4369760e+05   5.4038730e+06   1.0046720e-01
   5.4379240e+05   5.4038730e+06  -1.0404640e-01
   5.4385480e+05   5.4038730e+06  -2.6361200e-02
   5.4386400e+05   5.4038730e+06  -2.7464000e-01
   5.4338020e+05   5.4038740e+06  -7.9125040e-01
   5.4346580e+05   5.4038740e+06  -8.0615240e-01
   5.4347760e+05   5.4038740e+06  -5.7628000e-01
   5.4360640e+05   5.4038740e+06  -1.5513680e-01
   5.4362540e+05   5.4038740e+06  -3.7068400e-02
   5.4381330e+05   5.4038740e+06  -6.4685200e-02
   5.4340740e+05   5.4038750e+06  -1.1331170e+00
   5.4345120e+05   5.4038750e+06  -9.1444000e-01
   5.4349880e+05   5.4038750e+06   4.2675200e-01
   5.4359780e+05   5.4038750e+06  -1.7748600e-01
   5.4364100e+05   5.4038750e+06  -1.6365000e-01
   5.4365960e+05   5.4038750e+06  -8.6436000e-02
   5.4376260e+05   5.4038750e+06  -2.7954000e-02
   5.4376900e+05   5.4038750e+06  -1.0210000e-02
   5.4383280e+05   5.4038750e+06   2.4000000e-05
   5.4342190e+05   5.4038760e+06  -4.4943080e-01
   5.4343410e+05   5.4038760e+06  -1.1562480e+00
   5.4345930e+05   5.4038760e+06  -8.6327840e-01
   5.4351700e+05   5.4038760e+06   7.2985600e-01
   5.4361580e+05   5.4038760e+06  -1.7962080e-01
   5.4374960e+05   5.4038760e+06   1.3631200e-02
   5.4378110e+05   5.4038760e+06  -1.6596400e-02
   5.4385510e+05   5.4038760e+06  -1.2313800e-02
   5.4387700e+05   5.4038760e+06   3.8532000e-02
   5.4348760e+05   5.4038770e+06  -7.1199920e-01
   5.4358640e+05   5.4038770e+06   4.0888000e-03
   5.4373670e+05   5.4038770e+06  -6.2495400e-02
   5.4382500e+05   5.4038770e+06  -1.1603500e-01
   5.4384260e+05   5.4038770e+06  -1.4376900e-01
   5.4386430e+05   5.4038770e+06  -1.8050050e-01
   5.4339190e+05   5.4038780e+06   3.0338640e-01
   5.4342070e+05   5.4038780e+06  -1.2145442e+00
   5.4350200e+05   5.4038780e+06  -1.2018880e+00
   5.4352270e+05   5.4038780e+06  -7.5974480e-01
   5.4353760e+05   5.4038780e+06  -1.8695200e-01
   5.4355280e+05   5.4038780e+06  -3.4442320e-01
   5.4356790e+05   5.4038780e+06  -2.5523280e-01
   5.4362510e+05   5.4038780e+06   4.7167800e-02
   5.4367660e+05   5.4038780e+06   8.4732800e-02
   5.4368720e+05   5.4038780e+06   5.8176800e-02
   5.4369680e+05   5.4038780e+06  -1.0487440e-01
   5.4380450e+05   5.4038780e+06  -1.5539100e-01
   5.4388960e+05   5.4038780e+06   3.3443200e-02
   5.4337990e+05   5.4038790e+06  -3.7740000e-01
   5.4340710e+05   5.4038790e+06  -8.2683530e-01
   5.4342160e+05   5.4038790e+06   1.5847120e-01
   5.4346580e+05   5.4038790e+06  -4.9509040e-01
   5.4347780e+05   5.4038790e+06  -2.0052500e-01
   5.4355860e+05   5.4038790e+06  -1.4931520e-01
   5.4364750e+05   5.4038790e+06   1.2358500e-01
   5.4376280e+05   5.4038790e+06  -1.8115360e-01
   5.4379290e+05   5.4038790e+06  -6.2169700e-02
   5.4343380e+05   5.4038800e+06  -5.1993600e-01
   5.4345080e+05   5.4038800e+06  -6.5251200e-01
   5.4358060e+05   5.4038800e+06  -1.3985000e-01
   5.4360660e+05   5.4038800e+06  -6.7806000e-02
   5.4365970e+05   5.4038800e+06   3.0697000e-02
   5.4378160e+05   5.4038800e+06   3.2712000e-02
   5.4381390e+05   5.4038800e+06   9.7750000e-03
   5.4385520e+05   5.4038800e+06   7.1840000e-03
   5.4387710e+05   5.4038800e+06  -1.3104000e-02
   5.4345880e+05   5.4038810e+06   1.4258800e-01
   5.4361570e+05   5.4038810e+06  -1.8259900e-01
   5.4364090e+05   5.4038810e+06  -1.7968810e-01
   5.4375020e+05   5.4038810e+06   5.2003000e-02
   5.4376960e+05   5.4038810e+06   9.5949600e-02
   5.4386460e+05   5.4038810e+06  -2.5955400e-02
   5.4342050e+05   5.4038820e+06  -2.0671100e-01
   5.4342140e+05   5.4038820e+06   9.8635720e-01
   5.4348740e+05   5.4038820e+06  -5.0141480e-01
   5.4355260e+05   5.4038820e+06  -3.4689480e-01
   5.4383330e+05   5.4038820e+06  -9.4312000e-03
   5.4337960e+05   5.4038830e+06   2.4205000e-01
   5.4339160e+05   5.4038830e+06   6.0560560e-01
   5.4342130e+05   5.4038830e+06   1.4843631e+00
   5.4343340e+05   5.4038830e+06   1.0828870e+00
   5.4346590e+05   5.4038830e+06   2.3984700e-01
   5.4349890e+05   5.4038830e+06   6.5914500e-01
   5.4350190e+05   5.4038830e+06  -1.3143740e+00
   5.4356730e+05   5.4038830e+06  -3.9890210e-01
   5.4358650e+05   5.4038830e+06  -4.0126800e-01
   5.4362480e+05   5.4038830e+06   4.9542400e-02
   5.4367630e+05   5.4038830e+06   1.2208090e-01
   5.4373760e+05   5.4038830e+06   1.5175920e-01
   5.4376300e+05   5.4038830e+06  -1.1465600e-01
   5.4382540e+05   5.4038830e+06   9.5546000e-03
   5.4384300e+05   5.4038830e+06   1.0466900e-01
   5.4385540e+05   5.4038830e+06  -1.5412560e-01
   5.4345040e+05   5.4038840e+06   2.6506400e-01
   5.4347780e+05   5.4038840e+06   6.5951200e-02
   5.4352230e+05   5.4038840e+06  -1.1028530e+00
   5.4359790e+05   5.4038840e+06  -5.1976500e-01
   5.4369610e+05   5.4038840e+06   1.0148400e-02
   5.4378190e+05   5.4038840e+06   4.3464400e-02
   5.4380480e+05   5.4038840e+06   7.9755200e-02
   5.4340640e+05   5.4038850e+06   5.4380000e-03
   5.4342040e+05   5.4038850e+06   4.6092600e-01
   5.4364750e+05   5.4038850e+06   5.5062500e-02
   5.4365970e+05   5.4038850e+06   1.1214300e-01
   5.4368620e+05   5.4038850e+06  -1.7131000e-02
   5.4375070e+05   5.4038850e+06   1.5523150e-01
   5.4379350e+05   5.4038850e+06   8.9227500e-02
   5.4387730e+05   5.4038850e+06   3.1237800e-01
   5.4388940e+05   5.4038850e+06   4.2218700e-01
   5.4337940e+05   5.4038860e+06   9.5540000e-01
   5.4346600e+05   5.4038860e+06   4.5416000e-01
   5.4351690e+05   5.4038860e+06   1.7206452e+00
   5.4353760e+05   5.4038860e+06  -1.0153488e+00
   5.4355240e+05   5.4038860e+06  -3.5628960e-01
   5.4358000e+05   5.4038860e+06  -6.7312000e-01
   5.4360680e+05   5.4038860e+06  -3.6194400e-01
   5.4361570e+05   5.4038860e+06  -4.7700400e-01
   5.4381450e+05   5.4038860e+06   3.1101000e-02
   5.4386490e+05   5.4038860e+06   1.0114400e-02
   5.4342030e+05   5.4038870e+06   5.0056290e-01
   5.4345810e+05   5.4038870e+06   1.4392850e-01
   5.4347790e+05   5.4038870e+06   1.5344230e-01
   5.4348740e+05   5.4038870e+06   2.6910820e-01
   5.4367580e+05   5.4038870e+06   1.5588660e-01
   5.4377030e+05   5.4038870e+06   1.5078070e-01
   5.4350190e+05   5.4038880e+06  -2.1840940e+00
   5.4358670e+05   5.4038880e+06  -5.6107340e-01
   5.4362440e+05   5.4038880e+06  -4.3640800e-02
   5.4364060e+05   5.4038880e+06  -1.3346120e-01
   5.4373850e+05   5.4038880e+06   1.2037700e-01
   5.4376340e+05   5.4038880e+06   6.8311200e-02
   5.4382580e+05   5.4038880e+06   5.9591200e-02
   5.4385580e+05   5.4038880e+06   6.0206800e-02
   5.4339110e+05   5.4038890e+06   4.2369830e-01
   5.4346610e+05   5.4038890e+06   8.4606100e-01
   5.4355790e+05   5.4038890e+06  -1.4386709e+00
   5.4356680e+05   5.4038890e+06  -1.6028680e-01
   5.4369540e+05   5.4038890e+06   7.8789600e-02
   5.4378240e+05   5.4038890e+06  -1.3437960e-01
   5.4383390e+05   5.4038890e+06   1.7621930e-01
   5.4384340e+05   5.4038890e+06   1.5281060e-01
   5.4387740e+05   5.4038890e+06   1.8233600e-01
   5.4347800e+05   5.4038900e+06  -4.7744000e-01
   5.4348740e+05   5.4038900e+06   7.7342200e-01
   5.4352190e+05   5.4038900e+06  -7.0563100e-01
   5.4375120e+05   5.4038900e+06   1.0342400e-01
   5.4380530e+05   5.4038900e+06   1.4326000e-02
   5.4386530e+05   5.4038900e+06   7.4814000e-02
   5.4349900e+05   5.4038910e+06   1.2344250e+00
   5.4350180e+05   5.4038910e+06  -2.0893592e+00
   5.4355210e+05   5.4038910e+06   4.6636710e-01
   5.4360700e+05   5.4038910e+06  -4.4208400e-01
   5.4361560e+05   5.4038910e+06  -6.1168240e-01
   5.4364770e+05   5.4038910e+06  -1.4452470e-01
   5.4365970e+05   5.4038910e+06  -1.5082590e-01
   5.4367530e+05   5.4038910e+06   7.2848200e-02
   5.4379410e+05   5.4038910e+06   1.3723890e-01
   5.4388930e+05   5.4038910e+06  -9.5103800e-02
   5.4359800e+05   5.4038920e+06  -5.1576000e-01
   5.4362400e+05   5.4038920e+06  -1.1490400e-01
   5.4368520e+05   5.4038920e+06   9.5168000e-02
   5.4381520e+05   5.4038920e+06   2.1953600e-01
   5.4385600e+05   5.4038920e+06  -1.9423600e-01
   5.4387760e+05   5.4038920e+06  -1.9969760e-01
   5.4337880e+05   5.4038930e+06   1.8782400e+00
   5.4357960e+05   5.4038930e+06  -6.6491800e-01
   5.4358690e+05   5.4038930e+06  -1.0653104e+00
   5.4364040e+05   5.4038930e+06  -3.4493320e-01
   5.4369480e+05   5.4038930e+06   1.5394720e-01
   5.4377080e+05   5.4038930e+06   2.2801880e-01
   5.4351690e+05   5.4038940e+06   2.2552144e+00
   5.4353770e+05   5.4038940e+06  -1.2419510e+00
   5.4356640e+05   5.4038940e+06   5.8062320e-01
   5.4376380e+05   5.4038940e+06  -1.1918720e-01
   5.4378290e+05   5.4038940e+06  -9.5551400e-02
   5.4382620e+05   5.4038940e+06  -3.6086800e-02
   5.4384380e+05   5.4038940e+06   1.0827320e-01
   5.4345730e+05   5.4038950e+06   2.3582015e+00
   5.4360720e+05   5.4038950e+06  -1.1208400e-01
   5.4361560e+05   5.4038950e+06  -8.8351600e-01
   5.4367480e+05   5.4038950e+06  -1.7411200e-01
   5.4373950e+05   5.4038950e+06   9.5175000e-02
   5.4375180e+05   5.4038950e+06   1.2458100e-01
   5.4380560e+05   5.4038950e+06  -6.2512000e-02
   5.4339060e+05   5.4038960e+06   1.3689792e+00
   5.4350180e+05   5.4038960e+06  -2.3851352e+00
   5.4352180e+05   5.4038960e+06  -1.2981512e+00
   5.4355190e+05   5.4038960e+06   1.1789764e+00
   5.4364770e+05   5.4038960e+06  -6.5959820e-01
   5.4383440e+05   5.4038960e+06   1.8739760e-01
   5.4386560e+05   5.4038960e+06   2.3390320e-01
   5.4387760e+05   5.4038960e+06  -7.4548480e-01
   5.4349910e+05   5.4038970e+06   6.0245550e-01
   5.4358690e+05   5.4038970e+06  -7.2610960e-01
   5.4362360e+05   5.4038970e+06  -3.9501160e-01
   5.4365980e+05   5.4038970e+06  -4.9807020e-01
   5.4369410e+05   5.4038970e+06  -1.7160540e-01
   5.4381570e+05   5.4038970e+06   1.5105100e-01
   5.4385630e+05   5.4038970e+06  -1.9032830e-01
   5.4388920e+05   5.4038970e+06  -5.8513640e-01
   5.4341960e+05   5.4038980e+06   1.0010960e+00
   5.4341990e+05   5.4038980e+06   9.6050900e-01
   5.4344930e+05   5.4038980e+06   9.1810100e-01
   5.4346620e+05   5.4038980e+06   1.5673300e+00
   5.4355740e+05   5.4038980e+06  -2.6386228e+00
   5.4356580e+05   5.4038980e+06   1.4098348e+00
   5.4359810e+05   5.4038980e+06  -1.2807700e-01
   5.4361540e+05   5.4038980e+06  -9.3146080e-01
   5.4368410e+05   5.4038980e+06  -1.2242000e-01
   5.4377140e+05   5.4038980e+06   2.2104440e-01
   5.4379480e+05   5.4038980e+06   8.4241600e-02
   5.4340520e+05   5.4038990e+06   1.2834520e+00
   5.4343210e+05   5.4038990e+06   4.4998130e-01
   5.4360740e+05   5.4038990e+06   2.3252080e-01
   5.4367440e+05   5.4038990e+06  -2.7420560e-01
   5.4382660e+05   5.4038990e+06  -1.3222540e-01
   5.4357910e+05   5.4039000e+06  -2.6923600e-01
   5.4364020e+05   5.4039000e+06  -1.5058200e-01
   5.4375240e+05   5.4039000e+06   1.6606800e-01
   5.4376410e+05   5.4039000e+06  -1.1233300e-01
   5.4378350e+05   5.4039000e+06  -1.9135500e-01
   5.4384420e+05   5.4039000e+06   6.4888000e-02
   5.4387780e+05   5.4039000e+06  -6.3481600e-01
   5.4351690e+05   5.4039010e+06   2.6590283e+00
   5.4352150e+05   5.4039010e+06  -1.4497950e+00
   5.4353780e+05   5.4039010e+06  -1.3241986e+00
   5.4355170e+05   5.4039010e+06   7.5972960e-01
   5.4358700e+05   5.4039010e+06  -4.2154600e-01
   5.4364790e+05   5.4039010e+06  -6.6738880e-01
   5.4380600e+05   5.4039010e+06  -8.2258000e-02
   5.4386600e+05   5.4039010e+06   2.8902200e-01
   5.4348730e+05   5.4039020e+06   1.8636320e+00
   5.4350180e+05   5.4039020e+06   8.9613760e-01
   5.4362330e+05   5.4039020e+06  -5.9387480e-01
   5.4367410e+05   5.4039020e+06  -4.3876500e-01
   5.4369360e+05   5.4039020e+06  -6.3544640e-01
   5.4374070e+05   5.4039020e+06   2.2583000e-02
   5.4356550e+05   5.4039030e+06   1.1480245e+00
   5.4359810e+05   5.4039030e+06   4.5814210e-01
   5.4360750e+05   5.4039030e+06   4.0865000e-01
   5.4361540e+05   5.4039030e+06  -7.6376780e-01
   5.4365990e+05   5.4039030e+06  -6.0141480e-01
   5.4381630e+05   5.4039030e+06  -1.8426500e-02
   5.4383500e+05   5.4039030e+06   1.8981000e-01
   5.4385670e+05   5.4039030e+06   1.0167980e-01
   5.4388910e+05   5.4039030e+06  -2.8774290e-01
   5.4347830e+05   5.4039040e+06   9.2354940e-01
   5.4349910e+05   5.4039040e+06  -3.6778100e-01
   5.4355140e+05   5.4039040e+06   1.1083328e+00
   5.4355700e+05   5.4039040e+06  -2.5816960e+00
   5.4367380e+05   5.4039040e+06  -3.8206400e-01
   5.4377190e+05   5.4039040e+06   3.4165400e-02
   5.4379530e+05   5.4039040e+06   9.8606000e-02
   5.4382690e+05   5.4039040e+06  -2.1665080e-01
   5.4387800e+05   5.4039040e+06  -7.9398400e-01
   5.4357850e+05   5.4039050e+06  -2.7882500e-02
   5.4358710e+05   5.4039050e+06  -2.7399500e-01
   5.4362290e+05   5.4039050e+06  -2.8468300e-01
   5.4368320e+05   5.4039050e+06  -7.2410000e-01
   5.4375300e+05   5.4039050e+06   6.2560000e-02
   5.4376430e+05   5.4039050e+06  -4.9628200e-01
   5.4352120e+05   5.4039060e+06  -6.4182400e-01
   5.4364790e+05   5.4039060e+06  -1.0396378e+00
   5.4369310e+05   5.4039060e+06  -8.6504320e-01
   5.4384480e+05   5.4039060e+06  -1.1436880e-01
   5.4386640e+05   5.4039060e+06   4.2240880e-01
   5.4353770e+05   5.4039070e+06  -1.5015183e+00
   5.4356500e+05   5.4039070e+06   1.1961350e+00
   5.4360770e+05   5.4039070e+06  -3.1418800e-02
   5.4361540e+05   5.4039070e+06  -3.4056220e-01
   5.4363990e+05   5.4039070e+06  -4.0934030e-01
   5.4378410e+05   5.4039070e+06  -1.8144550e-01
   5.4387810e+05   5.4039070e+06  -5.0678140e-01
   5.4355120e+05   5.4039080e+06   1.3607648e+00
   5.4358730e+05   5.4039080e+06   4.5823580e-01
   5.4367350e+05   5.4039080e+06  -3.1027000e-01
   5.4374180e+05   5.4039080e+06  -2.1336600e-01
   5.4380650e+05   5.4039080e+06   1.0840000e-03
   5.4381690e+05   5.4039080e+06  -1.0050700e-01
   5.4385710e+05   5.4039080e+06   3.7163640e-01
   5.4388890e+05   5.4039080e+06  -5.6872600e-02
   5.4349930e+05   5.4039090e+06   1.5720745e+00
   5.4351700e+05   5.4039090e+06   1.6983210e+00
   5.4355660e+05   5.4039090e+06  -2.5342328e+00
   5.4359830e+05   5.4039090e+06   4.3919090e-01
   5.4362270e+05   5.4039090e+06  -2.7767940e-01
   5.4364790e+05   5.4039090e+06  -6.7698720e-01
   5.4365990e+05   5.4039090e+06  -2.1200440e-01
   5.4357820e+05   5.4039100e+06  -3.2150600e-01
   5.4360770e+05   5.4039100e+06  -2.0332000e-01
   5.4369260e+05   5.4039100e+06  -7.5599200e-01
   5.4376460e+05   5.4039100e+06  -4.0471000e-01
   5.4377260e+05   5.4039100e+06   1.5538800e-01
   5.4379590e+05   5.4039100e+06   1.0291400e-01
   5.4382740e+05   5.4039100e+06  -1.3037200e-01
   5.4383550e+05   5.4039100e+06   1.2952500e-01
   5.4352090e+05   5.4039110e+06   7.3258570e-01
   5.4355110e+05   5.4039110e+06   1.3315323e+00
   5.4356470e+05   5.4039110e+06   9.4280400e-01
   5.4367310e+05   5.4039110e+06  -4.7587720e-01
   5.4368230e+05   5.4039110e+06  -6.2153150e-01
   5.4375360e+05   5.4039110e+06   1.5418640e-01
   5.4386680e+05   5.4039110e+06   4.8652440e-01
   5.4387820e+05   5.4039110e+06  -9.5787600e-02
   5.4350160e+05   5.4039120e+06   1.2869952e+00
   5.4358740e+05   5.4039120e+06   1.5120160e-01
   5.4359830e+05   5.4039120e+06   9.6724680e-01
   5.4361530e+05   5.4039120e+06  -7.0514040e-01
   5.4362230e+05   5.4039120e+06   3.2583600e-02
   5.4384510e+05   5.4039120e+06  -1.1914440e-01
   5.4360790e+05   5.4039130e+06  -1.7881220e-01
   5.4363980e+05   5.4039130e+06  -3.7956000e-03
   5.4364810e+05   5.4039130e+06  -2.5195000e-01
   5.4369200e+05   5.4039130e+06  -5.9871600e-01
   5.4378470e+05   5.4039130e+06  -1.5385720e-01
   5.4381740e+05   5.4039130e+06  -1.2555120e-01
   5.4385740e+05   5.4039130e+06   3.6487720e-01
   5.4351700e+05   5.4039140e+06   7.0924000e-01
   5.4353770e+05   5.4039140e+06  -1.3642428e+00
   5.4355630e+05   5.4039140e+06  -2.0646084e+00
   5.4357790e+05   5.4039140e+06  -6.3068460e-01
   5.4367270e+05   5.4039140e+06  -1.9695260e-01
   5.4374290e+05   5.4039140e+06  -8.5374420e-01
   5.4380690e+05   5.4039140e+06  -1.2793800e-01
   5.4355090e+05   5.4039150e+06   2.0537205e+00
   5.4366010e+05   5.4039150e+06  -2.8004300e-01
   5.4377320e+05   5.4039150e+06   1.5190800e-01
   5.4379630e+05   5.4039150e+06  -7.2315000e-03
   5.4386710e+05   5.4039150e+06   3.8209100e-01
   5.4387840e+05   5.4039150e+06   3.3863800e-01
   5.4388890e+05   5.4039150e+06   5.2474650e-01
   5.4356410e+05   5.4039160e+06   1.8507120e+00
   5.4357760e+05   5.4039160e+06  -3.1398960e-01
   5.4359840e+05   5.4039160e+06   8.2942320e-01
   5.4362210e+05   5.4039160e+06  -2.9699640e-01
   5.4368140e+05   5.4039160e+06  -2.7238200e-01
   5.4376490e+05   5.4039160e+06  -5.8359700e-01
   5.4382770e+05   5.4039160e+06  -3.1250940e-01
   5.4383600e+05   5.4039160e+06  -6.4616000e-02
   5.4358750e+05   5.4039170e+06   1.0719725e+00
   5.4360810e+05   5.4039170e+06  -4.0607020e-01
   5.4363960e+05   5.4039170e+06   3.8262120e-01
   5.4364810e+05   5.4039170e+06   8.2574000e-02
   5.4369150e+05   5.4039170e+06  -3.9978300e-01
   5.4375430e+05   5.4039170e+06   1.8328900e-02
   5.4352040e+05   5.4039180e+06   1.2446576e+00
   5.4359840e+05   5.4039180e+06   7.4610160e-01
   5.4367240e+05   5.4039180e+06  -2.5255440e-01
   5.4381790e+05   5.4039180e+06  -2.0175720e-01
   5.4384560e+05   5.4039180e+06  -3.5202960e-01
   5.4385760e+05   5.4039180e+06   8.8760800e-02
   5.4387840e+05   5.4039180e+06   3.8972240e-01
   5.4351710e+05   5.4039190e+06   4.7448000e-01
   5.4353780e+05   5.4039190e+06  -4.0547820e-01
   5.4357750e+05   5.4039190e+06   4.9445000e-02
   5.4361530e+05   5.4039190e+06  -1.4445233e+00
   5.4362180e+05   5.4039190e+06  -3.6522280e-01
   5.4378540e+05   5.4039190e+06  -1.2796720e-01
   5.4380730e+05   5.4039190e+06  -2.7949600e-01
   5.4355590e+05   5.4039200e+06  -1.8728210e+00
   5.4360820e+05   5.4039200e+06  -1.6571200e-01
   5.4363940e+05   5.4039200e+06   8.9209200e-01
   5.4364810e+05   5.4039200e+06   8.3846700e-01
   5.4366000e+05   5.4039200e+06  -1.0960000e-01
   5.4367210e+05   5.4039200e+06   1.4121000e-02
   5.4369110e+05   5.4039200e+06  -2.0998000e-02
   5.4377360e+05   5.4039200e+06   7.8000000e-02
   5.4379680e+05   5.4039200e+06  -1.8119600e-01
   5.4386740e+05   5.4039200e+06  -9.8540000e-02
   5.4388870e+05   5.4039200e+06   4.9501000e-02
   5.4356370e+05   5.4039210e+06   2.6511336e+00
   5.4358760e+05   5.4039210e+06   1.7131572e+00
   5.4374410e+05   5.4039210e+06  -9.4281640e-01
   5.4382810e+05   5.4039210e+06  -2.2004590e-01
   5.4383640e+05   5.4039210e+06  -4.3028120e-01
   5.4353780e+05   5.4039220e+06   2.8558416e+00
   5.4359840e+05   5.4039220e+06   2.3542240e+00
   5.4363940e+05   5.4039220e+06   4.5248720e-01
   5.4368060e+05   5.4039220e+06  -2.0514160e-01
   5.4387860e+05   5.4039220e+06  -1.6921400e-01
   5.4355050e+05   5.4039230e+06   2.4008635e+00
   5.4357720e+05   5.4039230e+06   1.5088024e+00
   5.4360830e+05   5.4039230e+06  -4.8217700e-01
   5.4364830e+05   5.4039230e+06   5.2381670e-01
   5.4366010e+05   5.4039230e+06   7.0739590e-01
   5.4367170e+05   5.4039230e+06   3.6149940e-01
   5.4369080e+05   5.4039230e+06   3.6653000e-01
   5.4375500e+05   5.4039230e+06  -7.6576000e-01
   5.4376540e+05   5.4039230e+06  -6.7433100e-01
   5.4381840e+05   5.4039230e+06  -3.3074240e-01
   5.4385790e+05   5.4039230e+06  -4.9153120e-01
   5.4361510e+05   5.4039240e+06  -1.4591644e+00
   5.4377410e+05   5.4039240e+06  -6.0170000e-01
   5.4379710e+05   5.4039240e+06  -3.1054420e-01
   5.4384610e+05   5.4039240e+06  -5.9743240e-01
   5.4369040e+05   5.4039250e+06   3.8094800e-01
   5.4380760e+05   5.4039250e+06  -5.4762000e-01
   5.4386790e+05   5.4039250e+06  -1.0341695e+00
   5.4387860e+05   5.4039250e+06  -4.1095700e-01
   5.4355550e+05   5.4039260e+06   1.3635420e+00
   5.4366010e+05   5.4039260e+06   1.2260158e+00
   5.4367150e+05   5.4039260e+06   1.5153100e-01
   5.4378610e+05   5.4039260e+06  -6.3051840e-01
   5.4383680e+05   5.4039260e+06  -8.6684640e-01
   5.4361510e+05   5.4039270e+06  -1.7842432e+00
   5.4363930e+05   5.4039270e+06   2.1901694e+00
   5.4366010e+05   5.4039270e+06   9.6888910e-01
   5.4368010e+05   5.4039270e+06  -3.6896510e-01
   5.4375550e+05   5.4039270e+06  -9.7578600e-01
   5.4381880e+05   5.4039270e+06  -5.0138720e-01
   5.4382840e+05   5.4039270e+06  -4.6013320e-01
   5.4385830e+05   5.4039270e+06  -8.4254560e-01
   5.4388870e+05   5.4039270e+06  -6.5432930e-01
   5.4364830e+05   5.4039280e+06   1.4753762e+00
   5.4367120e+05   5.4039280e+06   7.9880240e-01
   5.4369010e+05   5.4039280e+06   7.3381000e-01
   5.4374510e+05   5.4039280e+06  -1.0668112e+00
   5.4379760e+05   5.4039280e+06  -2.5181840e-01
   5.4387870e+05   5.4039280e+06  -4.1887000e-01
   5.4376580e+05   5.4039290e+06   4.8202900e-01
   5.4377460e+05   5.4039290e+06  -1.0317000e+00
   5.4383700e+05   5.4039290e+06  -6.5621900e-01
   5.4360860e+05   5.4039300e+06   1.6704640e+00
   5.4367950e+05   5.4039300e+06   5.0875000e-02
   5.4386830e+05   5.4039300e+06  -8.3967300e-01
   5.4362090e+05   5.4039310e+06   1.7073756e+00
   5.4375590e+05   5.4039310e+06  -1.0537144e+00
   5.4379790e+05   5.4039310e+06   1.8699220e-01
   5.4381930e+05   5.4039310e+06  -3.3802270e-01
   5.4385840e+05   5.4039310e+06  -7.2560400e-01
   5.4387890e+05   5.4039310e+06  -4.7473900e-01
   5.4366020e+05   5.4039320e+06   2.2271344e+00
   5.4367910e+05   5.4039320e+06   3.5278000e-01
   5.4377490e+05   5.4039320e+06  -1.5916610e+00
   5.4380810e+05   5.4039320e+06  -6.3022280e-01
   5.4383730e+05   5.4039320e+06  -8.5250460e-01
   5.4384660e+05   5.4039320e+06  -5.0568320e-01
   5.4361510e+05   5.4039330e+06   1.3374746e+00
   5.4367060e+05   5.4039330e+06   2.4670450e+00
   5.4374590e+05   5.4039330e+06  -2.1384490e-01
   5.4378680e+05   5.4039330e+06  -9.0486280e-01
   5.4382890e+05   5.4039330e+06  -5.1251720e-01
   5.4388860e+05   5.4039330e+06  -1.3367874e+00
   5.4375630e+05   5.4039340e+06  -1.4387632e+00
   5.4381960e+05   5.4039340e+06  -3.4683760e-01
   5.4383740e+05   5.4039340e+06  -8.3490360e-01
   5.4385860e+05   5.4039340e+06  -8.8319600e-01
   5.4387900e+05   5.4039340e+06  -6.9157000e-01
   5.4376610e+05   5.4039350e+06   1.0589975e+00
   5.4379830e+05   5.4039350e+06   9.3057000e-02
   5.4368910e+05   5.4039360e+06   2.2950720e+00
   5.4377530e+05   5.4039360e+06  -2.2187510e+00
   5.4386880e+05   5.4039360e+06  -1.1659280e+00
   5.4367850e+05   5.4039370e+06   1.5010875e+00
   5.4374660e+05   5.4039370e+06   5.1536060e-01
   5.4375660e+05   5.4039370e+06  -1.3684992e+00
   5.4381990e+05   5.4039370e+06  -3.3788270e-01
   5.4383760e+05   5.4039370e+06  -8.5511320e-01
   5.4385880e+05   5.4039370e+06  -7.0075800e-01
   5.4387900e+05   5.4039370e+06  -5.7115000e-01
   5.4388840e+05   5.4039370e+06  -8.3840840e-01
   5.4380860e+05   5.4039380e+06  -3.4590920e-01
   5.4384710e+05   5.4039380e+06  -3.2353680e-01
   5.4376630e+05   5.4039390e+06   1.9060945e+00
   5.4377570e+05   5.4039390e+06  -2.0203035e+00
   5.4378730e+05   5.4039390e+06  -4.8358590e-01
   5.4383780e+05   5.4039390e+06  -5.7097320e-01
   5.4375690e+05   5.4039400e+06  -1.3203440e+00
   5.4379880e+05   5.4039400e+06   8.1544000e-02
   5.4382940e+05   5.4039400e+06   3.1660000e-02
   5.4385910e+05   5.4039400e+06  -3.2706100e-01
   5.4387910e+05   5.4039400e+06   1.3036300e-01
   5.4374730e+05   5.4039410e+06   3.5350760e-01
   5.4382030e+05   5.4039410e+06  -1.3619000e-03
   5.4388840e+05   5.4039410e+06  -2.3571960e-01
   5.4375720e+05   5.4039420e+06  -6.6218880e-01
   5.4376650e+05   5.4039420e+06   2.5006720e+00
   5.4377590e+05   5.4039420e+06  -1.9368840e+00
   5.4383810e+05   5.4039420e+06   4.9287200e-02
   5.4386920e+05   5.4039420e+06  -3.3288000e-03
   5.4379900e+05   5.4039430e+06   6.3607900e-01
   5.4380890e+05   5.4039430e+06  -2.5670500e-02
   5.4387930e+05   5.4039430e+06   6.9526690e-01
   5.4374780e+05   5.4039440e+06   1.9443240e-01
   5.4384760e+05   5.4039440e+06  -3.1032800e-02
   5.4388830e+05   5.4039440e+06   1.1112200e-02
   5.4375760e+05   5.4039450e+06   2.2873800e-01
   5.4376680e+05   5.4039450e+06   2.4384360e+00
   5.4377620e+05   5.4039450e+06  -1.5889950e+00
   5.4378800e+05   5.4039450e+06   1.3665000e-01
   5.4382060e+05   5.4039450e+06   3.0102100e-01
   5.4382980e+05   5.4039450e+06   9.9814300e-01
   5.4383830e+05   5.4039450e+06   2.3342150e-01
   5.4385930e+05   5.4039450e+06   9.0322100e-01
   5.4374810e+05   5.4039460e+06  -4.8471800e-02
   5.4379930e+05   5.4039460e+06   9.0612960e-01
   5.4380920e+05   5.4039470e+06   3.4204400e-01
   5.4386960e+05   5.4039470e+06   6.3231960e-01
   5.4376680e+05   5.4039480e+06   1.7509056e+00
   5.4377660e+05   5.4039480e+06  -6.8783400e-01
   5.4382090e+05   5.4039480e+06   5.4766440e-01
   5.4384790e+05   5.4039480e+06   7.6001160e-01
   5.4387940e+05   5.4039480e+06   1.0363572e+00
   5.4378840e+05   5.4039490e+06   7.1095920e-01
   5.4382990e+05   5.4039490e+06   1.0951957e+00
   5.4383860e+05   5.4039490e+06   7.5579940e-01
   5.4385960e+05   5.4039490e+06   1.2187244e+00
   5.4376700e+05   5.4039500e+06   4.5168000e-01
   5.4376710e+05   5.4039500e+06   5.5624400e-01
   5.4379970e+05   5.4039500e+06   9.7739000e-01
   5.4380940e+05   5.4039500e+06   7.5313000e-01
   5.4382120e+05   5.4039500e+06   6.4160400e-01
   5.4374910e+05   5.4039520e+06   1.7229720e+00
   5.4375840e+05   5.4039520e+06   2.2657344e+00
   5.4380950e+05   5.4039520e+06   3.8898000e-01
   5.4382130e+05   5.4039520e+06   4.8825680e-01
   5.4383020e+05   5.4039520e+06   1.3598816e+00
   5.4383880e+05   5.4039520e+06   1.0215104e+00
   5.4384830e+05   5.4039520e+06   7.7434480e-01
   5.4378880e+05   5.4039530e+06   5.9676560e-01
   5.4385980e+05   5.4039530e+06   1.0764590e+00
   5.4387010e+05   5.4039530e+06  -1.1139420e-01
   5.4388810e+05   5.4039530e+06   2.3180353e+00
   5.4380970e+05   5.4039540e+06   4.1494900e-01
   5.4376730e+05   5.4039550e+06   2.0076860e+00
   5.4378910e+05   5.4039550e+06   4.8382800e-01
   5.4380010e+05   5.4039550e+06   2.4088975e+00
   5.4384840e+05   5.4039550e+06   2.3614400e-01
   5.4387960e+05   5.4039550e+06   1.8118620e+00
   5.4382180e+05   5.4039570e+06   1.4036718e+00
   5.4383040e+05   5.4039570e+06   1.3143012e+00
   5.4386000e+05   5.4039570e+06   1.4905500e+00
   5.4377760e+05   5.4039580e+06   1.1431600e+00
   5.4383930e+05   5.4039580e+06   9.3095360e-01
   5.4384860e+05   5.4039580e+06   9.6720040e-01
   5.4387040e+05   5.4039580e+06   9.1621520e-01
   5.4378940e+05   5.4039590e+06   5.5285040e-01
   5.4381000e+05   5.4039590e+06   4.8767000e-01
