  0.000000
  0.000000
  0.000000
  0.000000
  0.000000
  0.000000
 -0.000000
 -0.000000
 -0.000000
 -0.000000
 -0.000000
 -0.000000
  0.000000
  0.000000
  0.000000
 -0.000000
 -0.000000
 -0.000000
  0.000000
  0.000000
 -0.000000
  0.000000
  0.000000
  0.000000
 -0.000000
 -0.000000
 -0.000000
 -0.000000
 -0.000000
  0.000000
  0.000000
  0.000000
  0.000000
 -0.000000
  0.000000
  0.000000
  0.000000
 -0.000000
 -0.000000
  0.000000
  0.000000
  0.000000
  0.000000
  0.000000
  0.000000
  0.000000
 -0.000000
 -0.000000
 -0.000000
 -0.000000
 -0.000000
  0.000000
  0.000000
 -0.000000
 -0.000000
 -0.000000
 -0.000000
  0.000000
  0.000000
  0.000000
 -0.000000
 -0.000000
 -0.000000
 -0.000000
  0.000000
  0.000000
  0.000000
 -0.000000
  0.000000
  0.000000
  0.000000
 -0.000000
 -0.000000
  0.000000
 -0.000000
 -0.000000
 -0.000000
  0.000000
 -0.000000
 -0.000000
  0.000000
  0.000000
 -0.000000
  0.000000
  0.000000
 -0.000000
  0.000000
  0.000000
  0.000000
 -0.000000
 -0.000000
  0.000000
  0.000000
  0.000000
  0.000000
  0.000000
  0.000000
  0.000000
  0.000000
 -0.000000
 -0.000000
 -0.000000
 -0.000000
 -0.000000
  0.000000
 -0.000000
 -0.000000
 -0.000000
 -0.000000
 -0.000000
 -0.000000
  0.000000
 -0.000000
 -0.000000
  0.000000
 -0.000000
  0.000000
  0.000000
  0.000000
 -0.000000
  0.000000
  0.000000
 -0.000000
 -0.000000
 -0.000000
  0.000000
 -0.000000
  0.000000
 -0.000000
  0.000000
  0.000000
  0.000000
  0.000000
 -0.000000
 -0.000000
  0.000000
  0.000000
 -0.000000
  0.000000
  0.000000
  0.000000
  0.000000
 -0.000000
 -0.000000
 -0.000000
 -0.000000
  0.000000
  0.000000
  0.000000
  0.000000
  0.000000
 -0.000000
 -0.000000
 -0.000000
 -0.000000
 -0.000000
  0.476523
 -0.000000
 -0.000000
 -0.000000
 -0.000000
 -0.000000
 -0.000000
  0.000000
  0.000000
  0.000000
  0.000000
  0.000000
  0.000000
  0.000000
  0.000000
  0.000000
  0.000000
 -0.000000
 -0.000000
 -0.000000
 -0.000000
 -0.000000
  0.000000
  0.000000
  0.000000
  0.000000
  0.000000
  0.000000
  0.000000
  0.000000
  0.000000
  0.000000
 -0.000000
 -0.000000
  0.000000
  0.000000
  0.000000
 -0.000000
 -0.000000
  0.000000
  0.000000
 -0.000000
  0.000000
 -0.000000
  0.000000
  0.000000
  0.000000
  0.000000
 -0.000000
 -0.000000
 -0.000000
  0.000000
  1.704241
  2.002911
  0.000000
 -0.000000
 -0.000000
 -0.000000
  0.000000
  0.000000
 -0.000000
  0.000000
  0.000000
  0.000000
  0.000000
  0.000000
  0.000000
  0.000000
  0.000000
 -0.000000
  0.000000
 -0.000000
 -0.000000
  0.000000
  0.000000
  0.000000
  0.000000
  0.000000
  0.000000
  0.000000
  0.000000
  0.000000
 -0.000000
 -0.000000
 -0.000000
  0.000000
  0.000000
  0.000000
  0.000000
  0.000000
  0.000000
 -0.000000
  0.000000
  0.000000
 -0.000000
 -0.000000
 -0.000000
  0.000000
 -0.000000
  0.000000
 -0.000000
 -0.000000
  0.000000
  0.000000
  3.769912
  3.719471
  3.735941
  2.662864
  2.034242
  0.000000
  0.000000
 -0.000000
 -0.000000
 -0.000000
  0.000000
  0.000000
  0.000000
  0.000000
  0.000000
 -0.000000
  0.000000
  0.000000
  0.000000
  0.000000
  0.000000
  0.000000
 -0.000000
  0.000000
  0.000000
  0.000000
  0.000000
 -0.000000
  0.000000
  0.000000
 -0.000000
  0.000000
  0.000000
  0.000000
  0.000000
  0.000000
 -0.000000
  0.000000
  0.000000
  0.000000
 -0.000000
  0.000000
  0.000000
  0.000000
 -0.000000
  0.000000
  0.000000
  0.000000
  0.000000
 -0.000000
 -0.000000
 -0.000000
  4.776357
  4.627598
  4.474361
  4.210054
  3.836434
  3.668679
  2.660941
  1.393288
  0.771276
 -0.000000
 -0.000000
  0.000000
  0.000000
  0.000000
 -0.000000
 -0.000000
  0.000000
 -0.000000
 -0.000000
  0.000000
  0.000000
  0.000000
  0.000000
 -0.000000
  0.000000
  0.000000
  0.000000
 -0.000000
  0.000000
 -0.000000
 -0.000000
 -0.000000
  0.000000
  0.000000
 -0.000000
  0.000000
 -0.000000
  0.000000
  0.000000
 -0.000000
 -0.000000
  0.000000
  0.000000
  0.000000
 -0.000000
  0.000000
  0.000000
  0.000000
  0.000000
  0.000000
  0.000000
  0.000000
  5.492112
  5.357229
  5.134101
  4.939363
  4.762110
  4.500399
  4.094594
  3.497733
  2.716077
  1.875932
  1.347475
  0.000000
 -0.000000
 -0.000000
 -0.000000
 -0.000000
 -0.000000
 -0.000000
 -0.000000
  0.000000
  0.000000
 -0.000000
  0.000000
 -0.000000
  0.000000
 -0.000000
 -0.000000
  0.000000
  0.000000
  0.000000
  0.000000
 -0.000000
 -0.000000
 -0.000000
 -0.000000
 -0.000000
  0.000000
  0.000000
 -0.000000
  0.000000
  0.000000
 -0.000000
  0.000000
  0.000000
  0.000000
 -0.000000
  0.000000
 -0.000000
  0.000000
  0.000000
  0.000000
  0.000000
  6.053656
  5.925247
  5.638649
  5.414661
  5.223467
  5.072650
  4.926934
  4.688536
  4.411064
  3.901602
  3.664527
  3.676866
  2.564089
  1.751083
  1.590189
  0.000000
  0.000000
  0.000000
 -0.000000
  0.000000
  0.000000
 -0.000000
  0.000000
 -0.000000
  0.000000
 -0.000000
  0.000000
  0.000000
  0.000000
  0.000000
  0.000000
  0.000000
  0.000000
 -0.000000
 -0.000000
  0.000000
  0.000000
 -0.000000
 -0.000000
  0.000000
  0.000000
 -0.000000
  0.000000
  0.000000
  0.000000
  0.000000
  0.000000
 -0.000000
 -0.000000
 -0.000000
  0.000000
  0.000000
  6.434782
  6.346383
  6.123240
  5.928863
  5.730679
  5.507481
  5.353274
  5.220893
  5.090391
  4.920554
  4.851270
  4.700215
  4.285203
  4.028397
  3.541047
  3.051978
  2.143130
  2.119740
  2.323664
  0.000000
  0.000000
 -0.000000
  0.000000
  0.000000
  0.000000
 -0.000000
  0.000000
  0.000000
  0.000000
  0.000000
  0.000000
  0.000000
 -0.000000
 -0.000000
 -0.000000
  0.000000
  0.000000
 -0.000000
 -0.000000
  0.000000
  0.000000
  0.000000
 -0.000000
  0.000000
  0.000000
  0.000000
  0.000000
 -0.000000
 -0.000000
 -0.000000
 -0.000000
  0.000000
  6.694793
  6.600740
  6.519864
  6.427750
  6.278919
  6.032174
  5.863908
  5.684941
  5.506205
  5.353261
  5.274581
  5.188658
  5.038847
  4.947956
  4.680682
  4.010409
  3.153542
  3.494774
  3.444466
  3.078146
  3.195935
  2.839203
  2.442922
  1.364846
  0.568079
  1.133942
  0.000000
  0.000000
  0.000000
  0.000000
  0.000000
 -0.000000
 -0.000000
 -0.000000
 -0.000000
  0.000000
 -0.000000
  0.000000
  0.000000
 -0.000000
  0.000000
  0.000000
 -0.000000
  0.000000
  0.000000
 -0.000000
 -0.000000
 -0.000000
 -0.000000
 -0.000000
 -0.000000
  0.000000
  7.072175
  6.922861
  6.835108
  6.753042
  6.671171
  6.455987
  6.326954
  6.185532
  6.022647
  5.871378
  5.692473
  5.616123
  5.484988
  5.397410
  5.215511
  4.889321
  4.382797
  4.512013
  4.336535
  3.899297
  4.178528
  3.876248
  3.575270
  2.923268
  2.482029
  2.778022
  3.017728
  2.786903
  2.517439
  2.178067
  1.961808
  2.086794
  0.000000
  0.000000
  0.000000
  0.000000
  0.000000
  0.000000
  0.000000
 -0.000000
  0.000000
 -0.000000
 -0.000000
  0.000000
 -0.000000
 -0.000000
 -0.000000
 -0.000000
  0.000000
  0.000000
 -0.000000
  0.000000
  7.857433
  7.663897
  7.524331
  7.338367
  7.195054
  7.071352
  6.924278
  6.740644
  6.547255
  6.389673
  6.147879
  6.068389
  6.067607
  5.942649
  5.695982
  5.398495
  5.048930
  5.069306
  4.954663
  4.754279
  4.875956
  4.747637
  4.602285
  4.079643
  3.751806
  3.914934
  3.740471
  3.425603
  3.237180
  3.137584
  3.064455
  2.987211
  3.038856
  2.967287
  2.730686
  2.339368
  2.164389
  2.122170
  2.086521
  1.969278
  2.106776
  1.952237
  1.752851
  1.879875
  1.644668
  1.656938
  2.298542
  0.000000
  0.000000
  0.000000
  0.000000
  0.000000
  9.082814
  8.848997
  8.621476
  8.344782
  8.158023
  8.047372
  7.853726
  7.521718
  7.215795
  7.114502
  6.932498
  6.776105
  6.817832
  6.613105
  6.232751
  5.862374
  5.506821
  5.519720
  5.402060
  5.274384
  5.350245
  5.258070
  5.168767
  4.883153
  4.681969
  4.756185
  4.719025
  4.558323
  4.328361
  4.133425
  3.922971
  3.619711
  3.353975
  3.289446
  3.194950
  3.129319
  3.139096
  3.106567
  3.088552
  3.068105
  3.145294
  3.116187
  2.984404
  3.022778
  3.047203
  3.023465
  2.968496
  3.159392
  3.142576
  3.192150
  3.228284
  3.121353
 10.576303
 10.299060
  9.953534
  9.557369
  9.407123
  9.290998
  8.969083
  8.521311
  8.171189
  8.040810
  7.812522
  7.636176
  7.694481
  7.606185
  7.146076
  6.497348
  6.049321
  6.132459
  5.995039
  5.858740
  5.928149
  5.817830
  5.661796
  5.373467
  5.196988
  5.187034
  5.164083
  5.059795
  4.992490
  4.913415
  4.817999
  4.634067
  4.437427
  4.323380
  3.955202
  3.667447
  3.556320
  3.559601
  3.412042
  3.347239
  3.500519
  3.497389
  3.393646
  3.403096
  3.400448
  3.385962
  3.466273
  3.459016
  3.477019
  3.545205
  3.580740
  3.529403
 12.197852
 11.916901
 11.500755
 11.071345
 10.868854
 10.617957
 10.284370
  9.786437
  9.460315
  9.329682
  8.970020
  8.663419
  8.708363
  8.682580
  8.287172
  7.570869
  7.034722
  7.170671
  6.934632
  6.792748
  6.831936
  6.678746
  6.514454
  6.004150
  5.683117
  5.720845
  5.747690
  5.645085
  5.572650
  5.475092
  5.354290
  5.203550
  5.109584
  5.082190
  4.933247
  4.677708
  4.475902
  4.491634
  4.338709
  4.245941
  4.393708
  4.331049
  4.209980
  4.215080
  4.259565
  4.163465
  4.168522
  4.071779
  4.090630
  4.128433
  4.132335
  4.115010
 13.563619
 13.342168
 12.913326
 12.503140
 12.363330
 12.027261
 11.672671
 11.215268
 10.912106
 10.701464
 10.350410
 10.086294
 10.130420
 10.130544
  9.714029
  8.803108
  8.180595
  8.279527
  8.153093
  8.297022
  8.311961
  8.219425
  8.130669
  7.432060
  6.966537
  7.074380
  7.144992
  6.933339
  6.762357
  6.514769
  6.180654
  5.922796
  5.813275
  5.766110
  5.584108
  5.313620
  5.146189
  5.221910
  5.169987
  5.025122
  5.099196
  5.044873
  5.014986
  5.005804
  5.106940
  5.032711
  5.068661
  4.990397
  4.993550
  4.940892
  4.891381
  4.898394
 14.524736
 14.512285
 14.171472
 13.722013
 13.532338
 13.223561
 12.940299
 12.560140
 12.335697
 12.199617
 11.978705
 11.773632
 11.748111
 11.645369
 11.160134
 10.275247
  9.656407
  9.599191
  9.424488
  9.717000
  9.690866
  9.579738
  9.600128
  9.011828
  8.607970
  8.691585
  8.904326
  8.722503
  8.572936
  8.332212
  8.049138
  7.824094
  7.741743
  7.614382
  7.296643
  6.858104
  6.379231
  6.443295
  6.473965
  6.074029
  6.259448
  6.097791
  6.044942
  5.939096
  6.106024
  6.066624
  6.102778
  5.994115
  6.055410
  6.014583
  5.963567
  5.982369
 14.378593
 14.536605
 14.581574
 14.617424
 14.481049
 14.279639
 14.109015
 13.850921
 13.729135
 13.736612
 13.619057
 13.404756
 13.247189
 13.011960
 12.464492
 11.641446
 11.155383
 10.990563
 10.684738
 10.984625
 11.015275
 10.936168
 10.962460
 10.491150
 10.227136
 10.376714
 10.439316
 10.186541
 10.099479
  9.888948
  9.651495
  9.538566
  9.561163
  9.486851
  9.285342
  9.011509
  8.585028
  8.545781
  8.490698
  8.042910
  8.397711
  8.114397
  7.979956
  7.670644
  7.830027
  7.874600
  7.865068
  7.643347
  7.709073
  7.610323
  7.526786
  7.661655
 12.744639
 12.999909
 13.448209
 14.076152
 14.331132
 14.439106
 14.551882
 14.718277
 14.759907
 14.791052
 14.797386
 14.624499
 14.386256
 14.250694
 13.820756
 12.981990
 12.541478
 12.502573
 12.217575
 12.409867
 12.462822
 12.389864
 12.363770
 11.873794
 11.641123
 11.825966
 11.773646
 11.537528
 11.472300
 11.269936
 11.030561
 10.870226
 10.785852
 10.656919
 10.474446
 10.230710
  9.886357
  9.773020
  9.809872
  9.481361
  9.680821
  9.528367
  9.575174
  9.399173
  9.449518
  9.444739
  9.437372
  9.256433
  9.369441
  9.343431
  9.279922
  9.415339
 11.336812
 11.776830
 12.337476
 12.928634
 13.393647
 13.734009
 13.934758
 14.182231
 14.342729
 14.482252
 14.777415
 15.143377
 15.246590
 15.288312
 14.955542
 14.248622
 13.860398
 13.913999
 13.764086
 13.828508
 13.720567
 13.585306
 13.554332
 13.098198
 12.812776
 12.889681
 12.829952
 12.591298
 12.561977
 12.363101
 12.098472
 11.819070
 11.606598
 11.452965
 11.336659
 11.183207
 10.875107
 10.665868
 10.651868
 10.373566
 10.624550
 10.514610
 10.520728
 10.486473
 10.560269
 10.568363
 10.648827
 10.481361
 10.623319
 10.634684
 10.543893
 10.667917
 10.280940
 10.716568
 11.580185
 12.376961
 12.581381
 12.834536
 12.949470
 13.006203
 12.962974
 12.988385
 13.336836
 14.065073
 14.849592
 15.461008
 15.553270
 15.452685
 15.126952
 15.058349
 14.962194
 14.932988
 14.666962
 14.480702
 14.430364
 14.073599
 13.762924
 13.696470
 13.617264
 13.276179
 13.178964
 12.916737
 12.634514
 12.415770
 12.243921
 12.100605
 11.994607
 11.907854
 11.688196
 11.475680
 11.448332
 11.203036
 11.386388
 11.420602
 11.406789
 11.390510
 11.488327
 11.474087
 11.575504
 11.530616
 11.629695
 11.619911
 11.447815
 11.515718
  6.707791
  7.098738
  8.138100
  9.225461
  9.004174
  8.855466
  9.414074
  9.628152
  9.598447
  9.743714
 10.460288
 11.613544
 13.261816
 14.350636
 15.225879
 16.258641
 15.976614
 15.561071
 15.498341
 15.344956
 15.236220
 15.034009
 14.939243
 14.764305
 14.451051
 14.218057
 14.124962
 13.757510
 13.540345
 13.263158
 13.056577
 13.003166
 12.892894
 12.707901
 12.503576
 12.308626
 12.101248
 11.963373
 11.995219
 11.842064
 11.869706
 11.938211
 11.955376
 11.917533
 11.904812
 11.863246
 11.867820
 11.953893
 12.093245
 12.126017
 12.014652
 11.970077
  2.549587
  3.361317
  4.189999
  3.947708
  4.739328
  4.280115
  4.350896
  4.549144
  4.753446
  4.506009
  5.486195
  6.659752
  9.840623
 11.465567
 13.025911
 15.361408
 15.138586
 14.019287
 14.305871
 13.961463
 14.371204
 14.437629
 14.279078
 14.515053
 14.555377
 14.257144
 14.304117
 14.251054
 14.032722
 13.754100
 13.582754
 13.569107
 13.500915
 13.365346
 13.139000
 12.865028
 12.586815
 12.411024
 12.445449
 12.335520
 12.440564
 12.396425
 12.290273
 12.216551
 12.147453
 12.059748
 11.975162
 12.179571
 12.382299
 12.648619
 12.996152
 12.986598
  0.000000
  0.000000
  0.000000
  1.488339
  0.000000
  0.000000
  0.000000
  0.000000
  0.000000
  1.125239
  1.428076
  2.552314
  4.572635
  5.973651
  9.368138
 12.881526
 12.402113
 10.669461
 11.285436
 10.054340
 10.780106
 10.953433
 10.888128
 12.087061
 13.224742
 13.321911
 13.646280
 14.096663
 14.006247
 13.965628
 14.189941
 14.468732
 14.430343
 14.208443
 14.005597
 13.771379
 13.469855
 13.193812
 13.273401
 13.109268
 13.094130
 12.999375
 12.849395
 12.823530
 12.798921
 12.672976
 12.443786
 12.441360
 12.464945
 13.162049
 14.158580
 14.043476
  0.000000
 -0.000000
 -0.000000
 -0.000000
  0.000000
  0.000000
 -0.000000
  0.000000
 -0.000000
 -0.000000
 -0.000000
  0.000000
  1.822547
  2.487032
  5.708697
  7.890354
  8.081960
  6.426186
  7.407955
  5.954936
  6.317944
  5.863678
  6.596551
  8.849958
 10.173936
 10.422665
 10.869494
 11.483098
 11.539576
 12.009803
 12.964683
 13.774937
 14.033252
 14.060567
 14.228549
 14.450861
 14.506350
 14.107391
 14.088191
 13.823086
 13.543340
 13.412069
 13.253097
 13.330198
 13.403792
 13.304482
 13.075992
 12.776687
 12.377325
 12.699255
 13.355605
 13.244077
  0.000000
 -0.000000
 -0.000000
 -0.000000
  0.000000
  0.000000
 -0.000000
  0.000000
  0.000000
 -0.000000
 -0.000000
 -0.000000
 -0.000000
  0.000000
  0.000000
  3.691839
  3.811823
  3.641202
  3.663684
  2.012520
  2.296835
  1.689060
  3.050640
  5.616679
  6.748342
  6.043725
  7.081110
  7.513385
  6.789398
  7.789223
  9.159289
  9.831294
 10.490306
 11.296555
 12.258184
 13.250761
 14.215839
 14.338104
 14.090179
 13.921362
 13.778045
 13.604774
 13.424851
 13.478382
 13.501311
 13.668181
 13.781930
 13.580833
 13.287189
 13.045558
 12.722577
 12.608776
  0.000000
 -0.000000
 -0.000000
 -0.000000
  0.000000
  0.000000
  0.000000
  0.000000
  0.000000
  0.000000
 -0.000000
  0.000000
 -0.000000
 -0.000000
 -0.000000
  0.000000
  0.000000
 -0.000000
  0.000000
 -0.000000
  0.000000
  0.000000
  0.000000
  2.775232
  2.433572
  2.018971
  0.000000
  0.000000
  2.610217
  3.513900
  5.361936
  5.774552
  5.348288
  6.527076
  7.845574
  9.183796
 10.660966
 12.025541
 12.086592
 12.623197
 13.606600
 12.673591
 11.945285
 12.144516
 12.167285
 12.514699
 12.939511
 12.991553
 13.200168
 12.941003
 12.182838
 12.119077
  0.000000
 -0.000000
 -0.000000
 -0.000000
  0.000000
  0.000000
  0.000000
 -0.000000
 -0.000000
  0.000000
  0.000000
  0.000000
  0.000000
  0.000000
  0.000000
 -0.000000
 -0.000000
 -0.000000
 -0.000000
 -0.000000
  0.000000
  0.000000
  0.000000
  0.000000
 -0.000000
 -0.000000
 -0.000000
 -0.000000
 -0.000000
 -0.000000
  0.000000
  0.000000
  1.908166
  2.629642
  3.934029
  4.389330
  5.428956
  7.019976
  7.263778
  8.401786
 11.027462
  9.620498
  8.470817
  8.681500
  8.568986
  8.492487
  9.156726
  9.311214
  9.305200
  9.005662
  8.153312
  8.400810
  0.000000
 -0.000000
  0.000000
  0.000000
  0.000000
  0.000000
  0.000000
  0.000000
  0.000000
 -0.000000
  0.000000
 -0.000000
  0.000000
  0.000000
 -0.000000
  0.000000
  0.000000
 -0.000000
 -0.000000
 -0.000000
  0.000000
 -0.000000
 -0.000000
 -0.000000
 -0.000000
  0.000000
  0.000000
 -0.000000
 -0.000000
 -0.000000
 -0.000000
 -0.000000
 -0.000000
  0.000000
  0.000000
  1.531660
  1.741792
  2.265000
  2.892711
  4.348788
  6.457235
  5.528209
  4.639649
  4.901618
  4.751630
  4.189719
  4.684496
  4.911936
  4.826760
  4.572009
  3.458868
  3.400171
  0.000000
 -0.000000
  0.000000
  0.000000
  0.000000
  0.000000
 -0.000000
 -0.000000
 -0.000000
 -0.000000
 -0.000000
 -0.000000
 -0.000000
 -0.000000
  0.000000
  0.000000
  0.000000
  0.000000
  0.000000
  0.000000
  0.000000
  0.000000
 -0.000000
 -0.000000
 -0.000000
  0.000000
  0.000000
  0.000000
  0.000000
 -0.000000
 -0.000000
 -0.000000
 -0.000000
 -0.000000
 -0.000000
 -0.000000
 -0.000000
  0.000000
 -0.000000
  0.000000
  0.000000
  0.000000
  0.000000
  0.000000
  0.000000
  0.000000
  0.000000
  0.000000
  0.000000
  0.000000
 -0.000000
  0.000000
  0.000000
 -0.000000
 -0.000000
 -0.000000
 -0.000000
  0.000000
 -0.000000
 -0.000000
 -0.000000
 -0.000000
 -0.000000
  0.000000
  0.000000
  0.000000
 -0.000000
  0.000000
  0.000000
  0.000000
  0.000000
 -0.000000
 -0.000000
 -0.000000
 -0.000000
  0.000000
  0.000000
 -0.000000
  0.000000
  0.000000
  0.000000
  0.000000
 -0.000000
 -0.000000
 -0.000000
 -0.000000
 -0.000000
  0.000000
  0.000000
  0.000000
 -0.000000
  0.000000
  0.000000
 -0.000000
 -0.000000
 -0.000000
 -0.000000
 -0.000000
 -0.000000
  0.000000
  0.000000
 -0.000000
 -0.000000
 -0.000000
  0.000000
  0.000000
  0.000000
 -0.000000
  0.000000
  0.000000
 -0.000000
 -0.000000
 -0.000000
  0.000000
  0.000000
  0.000000
 -0.000000
  0.000000
  0.000000
  0.000000
  0.000000
 -0.000000
 -0.000000
 -0.000000
  0.000000
  0.000000
  0.000000
  0.000000
  0.000000
  0.000000
  0.000000
  0.000000
  0.000000
  0.000000
 -0.000000
  0.000000
 -0.000000
  0.000000
  0.000000
 -0.000000
 -0.000000
  0.000000
  0.000000
  0.000000
 -0.000000
  0.000000
  0.000000
 -0.000000
  0.000000
  0.000000
 -0.000000
 -0.000000
 -0.000000
 -0.000000
 -0.000000
  0.000000
  0.000000
  0.000000
  0.000000
  0.000000
 -0.000000
  0.000000
 -0.000000
  0.000000
  0.000000
  0.000000
 -0.000000
  0.000000
  0.000000
 -0.000000
 -0.000000
 -0.000000
  0.000000
  0.000000
  0.000000
 -0.000000
  0.000000
  0.000000
  0.000000
  0.000000
  0.000000
  0.000000
 -0.000000
  0.000000
 -0.000000
  0.000000
 -0.000000
  0.000000
 -0.000000
 -0.000000
  0.000000
  0.000000
 -0.000000
 -0.000000
  0.000000
  0.000000
  0.000000
  0.000000
  0.000000
  0.000000
 -0.000000
  0.000000
  0.000000
 -0.000000
  0.000000
  0.000000
  0.000000
  0.000000
