  0.000000
  0.000000
  0.000000
  0.000000
  0.000000
 -0.000000
 -0.000000
 -0.000000
 -0.000000
 -0.000000
 -0.000000
 -0.000000
 -0.000000
  0.000000
 -0.000000
 -0.000000
 -0.000000
 -0.000000
 -0.000000
 -0.000000
 -0.000000
 -0.000000
  0.000000
 -0.000000
 -0.000000
 -0.000000
 -0.000000
 -0.000000
 -0.000000
 -0.000000
 -0.000000
 -0.000000
 -0.000000
 -0.000000
 -0.000000
  0.000000
 -0.000000
 -0.000000
 -0.000000
 -0.000000
  0.000000
  0.000000
 -0.000000
  0.000000
 -0.000000
  0.000000
 -0.000000
 -0.000000
 -0.000000
 -0.000000
 -0.000000
 -0.000000
  0.000000
  0.000000
 -0.000000
 -0.000000
 -0.000000
 -0.000000
 -0.000000
 -0.000000
  0.000000
 -0.000000
 -0.000000
 -0.000000
 -0.000000
 -0.000000
  0.000000
  0.000000
 -0.000000
 -0.000000
  0.000000
 -0.000000
 -0.000000
 -0.000000
 -0.000000
 -0.000000
 -0.000000
 -0.000000
 -0.000000
 -0.000000
 -0.000000
 -0.000000
 -0.000000
 -0.000000
 -0.000000
  0.000000
 -0.000000
 -0.000000
  0.000000
 -0.000000
 -0.000000
 -0.000000
 -0.000000
  0.000000
  0.000000
 -0.000000
  0.000000
 -0.000000
 -0.000000
  0.000000
 -0.000000
 -0.000000
 -0.000000
 -0.000000
 -0.000000
 -0.000000
  0.000000
 -0.000000
 -0.000000
 -0.000000
 -0.000000
 -0.000000
 -0.000000
 -0.000000
 -0.000000
 -0.000000
 -0.000000
 -0.000000
 -0.000000
 -0.000000
  0.000000
 -0.000000
 -0.000000
  0.000000
 -0.000000
 -0.000000
 -0.000000
 -0.000000
 -0.000000
 -0.000000
 -0.000000
 -0.000000
  0.000000
  0.000000
  0.000000
 -0.000000
 -0.000000
 -0.000000
  0.000000
 -0.000000
 -0.000000
  0.000000
 -0.000000
  0.000000
 -0.000000
 -0.000000
 -0.000000
 -0.000000
 -0.000000
 -0.000000
  0.000000
 -0.000000
  0.000000
 -0.000000
 -0.000000
 -0.000000
 -0.000000
 -0.000000
 -0.000000
  0.305916
 -0.000000
 -0.000000
 -0.000000
 -0.000000
 -0.000000
 -0.000000
 -0.000000
  0.000000
 -0.000000
  0.000000
  0.000000
 -0.000000
  0.000000
  0.000000
 -0.000000
 -0.000000
 -0.000000
 -0.000000
 -0.000000
 -0.000000
 -0.000000
 -0.000000
  0.000000
  0.000000
 -0.000000
  0.000000
  0.000000
  0.000000
 -0.000000
  0.000000
  0.000000
 -0.000000
 -0.000000
 -0.000000
  0.000000
  0.000000
 -0.000000
 -0.000000
 -0.000000
  0.000000
 -0.000000
 -0.000000
 -0.000000
 -0.000000
 -0.000000
 -0.000000
 -0.000000
 -0.000000
 -0.000000
 -0.000000
 -0.000000
  0.000000
  1.959644
  1.196325
 -0.000000
 -0.000000
 -0.000000
 -0.000000
 -0.000000
  0.000000
 -0.000000
 -0.000000
 -0.000000
 -0.000000
 -0.000000
 -0.000000
  0.000000
 -0.000000
  0.000000
 -0.000000
 -0.000000
 -0.000000
 -0.000000
 -0.000000
  0.000000
  0.000000
  0.000000
 -0.000000
  0.000000
  0.000000
  0.000000
 -0.000000
 -0.000000
 -0.000000
 -0.000000
 -0.000000
 -0.000000
 -0.000000
 -0.000000
 -0.000000
  0.000000
 -0.000000
 -0.000000
  0.000000
 -0.000000
 -0.000000
 -0.000000
 -0.000000
 -0.000000
 -0.000000
 -0.000000
 -0.000000
 -0.000000
  0.000000
  0.000000
  3.742033
  3.901505
  3.880783
  3.184172
  1.193481
 -0.000000
 -0.000000
 -0.000000
 -0.000000
 -0.000000
 -0.000000
 -0.000000
  0.000000
 -0.000000
 -0.000000
 -0.000000
 -0.000000
 -0.000000
  0.000000
 -0.000000
 -0.000000
  0.000000
 -0.000000
 -0.000000
  0.000000
 -0.000000
  0.000000
 -0.000000
 -0.000000
 -0.000000
 -0.000000
 -0.000000
  0.000000
 -0.000000
  0.000000
  0.000000
 -0.000000
 -0.000000
  0.000000
  0.000000
 -0.000000
 -0.000000
  0.000000
 -0.000000
 -0.000000
 -0.000000
 -0.000000
  0.000000
 -0.000000
 -0.000000
 -0.000000
 -0.000000
 -0.000000
  4.884147
  4.677974
  4.537411
  4.432181
  4.158073
  3.828158
  3.089281
  1.418417
  0.227486
 -0.000000
 -0.000000
 -0.000000
  0.000000
 -0.000000
 -0.000000
 -0.000000
 -0.000000
 -0.000000
 -0.000000
 -0.000000
  0.000000
  0.000000
  0.000000
 -0.000000
 -0.000000
  0.000000
 -0.000000
 -0.000000
 -0.000000
 -0.000000
 -0.000000
 -0.000000
 -0.000000
 -0.000000
 -0.000000
 -0.000000
 -0.000000
 -0.000000
  0.000000
 -0.000000
 -0.000000
 -0.000000
 -0.000000
  0.000000
 -0.000000
 -0.000000
 -0.000000
  0.000000
  0.000000
 -0.000000
  0.000000
 -0.000000
  0.000000
  5.583904
  5.469767
  5.278356
  5.024951
  4.868905
  4.632309
  4.433173
  3.841226
  3.355361
  2.273787
  0.306754
 -0.000000
 -0.000000
 -0.000000
 -0.000000
 -0.000000
 -0.000000
 -0.000000
 -0.000000
 -0.000000
  0.000000
 -0.000000
 -0.000000
 -0.000000
 -0.000000
 -0.000000
 -0.000000
 -0.000000
 -0.000000
  0.000000
  0.000000
 -0.000000
 -0.000000
 -0.000000
 -0.000000
 -0.000000
 -0.000000
  0.000000
 -0.000000
 -0.000000
  0.000000
 -0.000000
 -0.000000
  0.000000
  0.000000
 -0.000000
 -0.000000
 -0.000000
 -0.000000
  0.000000
 -0.000000
  0.000000
  0.000000
  6.098976
  6.014599
  5.772655
  5.511402
  5.308473
  5.115928
  5.067317
  4.870562
  4.632305
  4.225940
  3.748528
  3.993365
  2.562044
  1.523521
  0.393995
  0.000000
 -0.000000
 -0.000000
 -0.000000
 -0.000000
 -0.000000
 -0.000000
 -0.000000
 -0.000000
 -0.000000
 -0.000000
 -0.000000
  0.000000
  0.000000
  0.000000
 -0.000000
 -0.000000
  0.000000
 -0.000000
 -0.000000
 -0.000000
 -0.000000
 -0.000000
 -0.000000
 -0.000000
  0.000000
 -0.000000
 -0.000000
  0.000000
 -0.000000
 -0.000000
  0.000000
 -0.000000
 -0.000000
 -0.000000
 -0.000000
  0.000000
  0.000000
  6.462531
  6.389617
  6.252401
  5.994834
  5.840332
  5.586198
  5.411535
  5.311263
  5.168975
  5.061156
  4.897223
  4.878280
  4.406272
  4.322957
  3.774105
  3.325078
  2.359194
  1.749596
  1.746056
  0.000000
 -0.000000
 -0.000000
 -0.000000
 -0.000000
  0.000000
 -0.000000
 -0.000000
  0.000000
 -0.000000
  0.000000
 -0.000000
  0.000000
 -0.000000
 -0.000000
 -0.000000
 -0.000000
  0.000000
 -0.000000
 -0.000000
 -0.000000
  0.000000
  0.000000
 -0.000000
 -0.000000
 -0.000000
 -0.000000
  0.000000
 -0.000000
 -0.000000
 -0.000000
 -0.000000
 -0.000000
  0.000000
  6.739439
  6.641512
  6.560698
  6.493294
  6.388582
  6.184204
  5.964077
  5.757991
  5.592125
  5.421450
  5.306384
  5.251842
  5.071334
  5.062665
  4.886246
  4.569125
  3.389981
  3.239357
  3.793603
  2.987199
  2.926821
  2.921327
  2.460178
  1.775816
  0.140526
  0.254979
  0.000000
 -0.000000
 -0.000000
  0.000000
 -0.000000
 -0.000000
 -0.000000
 -0.000000
 -0.000000
 -0.000000
 -0.000000
 -0.000000
  0.000000
 -0.000000
 -0.000000
  0.000000
 -0.000000
 -0.000000
  0.000000
 -0.000000
 -0.000000
 -0.000000
 -0.000000
 -0.000000
 -0.000000
 -0.000000
  0.000000
  7.170187
  6.952145
  6.857039
  6.777299
  6.705209
  6.619575
  6.332579
  6.294129
  6.085295
  6.060610
  5.766573
  5.657150
  5.535617
  5.471997
  5.283536
  5.134277
  4.638074
  4.432055
  4.655561
  3.830959
  4.082789
  4.205007
  3.738575
  3.171311
  2.835936
  2.690813
  3.033495
  2.877044
  2.463812
  2.040552
  1.708288
  1.466698
  0.000000
 -0.000000
 -0.000000
 -0.000000
 -0.000000
  0.000000
 -0.000000
 -0.000000
 -0.000000
 -0.000000
 -0.000000
 -0.000000
 -0.000000
 -0.000000
 -0.000000
 -0.000000
 -0.000000
  0.000000
 -0.000000
 -0.000000
  0.000000
  7.985659
  7.709670
  7.562494
  7.407019
  7.160477
  7.097910
  7.002512
  6.808130
  6.639705
  6.455598
  6.224236
  6.019095
  6.054855
  6.094359
  5.802819
  5.600592
  5.134806
  5.031043
  5.090197
  4.797088
  4.843657
  4.862769
  4.736468
  4.437064
  3.775157
  3.805209
  3.972863
  3.422175
  3.121775
  3.111084
  3.107040
  3.067698
  3.032744
  2.959068
  2.843292
  2.219970
  1.833555
  1.689072
  1.848616
  1.547445
  1.582372
  1.782970
  1.230181
  1.621904
  1.388459
  0.810796
 -0.000000
  0.000000
 -0.000000
 -0.000000
 -0.000000
 -0.000000
  0.000000
  9.200887
  8.912016
  8.734146
  8.467230
  8.227596
  8.104327
  7.967503
  7.697039
  7.324642
  7.106580
  7.107335
  6.810751
  6.767377
  6.785354
  6.341455
  6.081485
  5.618701
  5.476055
  5.526202
  5.212112
  5.339680
  5.314478
  5.276399
  5.070603
  4.725780
  4.709782
  4.812228
  4.696035
  4.590444
  4.318842
  4.034455
  3.793082
  3.327049
  3.146313
  3.165091
  3.170391
  3.182089
  3.179293
  3.189929
  3.131148
  3.161073
  3.207324
  3.177518
  3.125126
  3.129781
  3.132333
  3.193149
  3.034340
  3.062693
  3.016387
  3.179379
  3.074515
  2.920293
 10.667204
 10.451213
 10.136123
  9.735393
  9.401878
  9.381022
  9.164448
  8.767740
  8.272147
  8.065046
  7.913022
  7.671596
  7.617857
  7.744467
  7.463848
  6.813365
  6.067960
  6.010989
  6.138433
  5.827141
  5.914469
  5.928049
  5.791724
  5.512165
  5.247184
  5.167418
  5.176982
  5.097094
  5.006690
  4.948418
  4.887782
  4.784631
  4.562864
  4.519261
  4.194609
  3.710753
  3.498471
  3.429195
  3.497379
  3.147446
  3.266896
  3.485523
  3.315266
  3.285713
  3.320133
  3.223224
  3.346726
  3.411924
  3.374476
  3.466480
  3.506642
  3.540721
  3.446373
 12.339463
 12.097021
 11.772707
 11.276553
 10.937054
 10.647801
 10.457640
 10.036071
  9.475991
  9.381607
  9.218149
  8.744430
  8.610940
  8.749996
  8.478501
  7.956909
  7.158942
  7.047286
  7.357311
  6.600013
  6.886966
  6.627146
  6.566876
  6.216602
  5.663637
  5.635558
  5.716241
  5.690187
  5.575805
  5.490178
  5.402728
  5.276635
  5.129181
  5.124247
  5.046620
  4.916882
  4.566810
  4.449111
  4.544141
  4.135460
  4.441215
  4.412869
  4.277905
  4.180568
  4.265211
  4.192475
  4.175042
  4.099747
  4.035163
  4.090788
  4.132847
  4.110920
  4.095331
 13.619278
 13.496778
 13.140982
 12.684446
 12.399492
 12.283891
 11.850860
 11.452084
 10.971417
 10.845673
 10.506555
 10.139131
 10.041806
 10.146961
 10.038927
  9.308116
  8.230578
  8.154202
  8.381061
  8.131128
  8.462219
  8.172869
  8.337012
  7.861509
  7.054136
  7.014382
  7.232028
  7.056723
  6.756891
  6.579585
  6.266465
  5.874330
  5.714704
  5.712662
  5.619967
  5.384621
  5.172579
  5.100800
  5.262026
  4.985176
  5.082216
  5.051855
  5.031566
  4.972681
  5.073450
  5.064330
  5.054266
  5.036589
  4.975678
  4.964586
  4.909077
  4.843744
  4.880958
 14.489591
 14.635816
 14.514094
 13.930884
 13.610393
 13.347712
 13.103815
 12.761198
 12.431576
 12.194934
 12.111641
 11.848130
 11.740709
 11.736209
 11.551403
 10.753727
  9.835367
  9.566868
  9.615974
  9.421029
  9.912991
  9.338345
  9.734671
  9.340074
  8.696277
  8.513195
  8.804090
  8.891799
  8.665410
  8.504453
  8.266118
  8.008124
  7.802766
  7.867667
  7.469092
  7.092399
  6.479773
  6.069388
  6.567028
  5.943165
  6.042022
  6.025808
  5.972094
  5.846788
  5.947945
  6.023516
  5.979490
  5.971115
  5.944453
  6.022942
  5.916690
  5.925076
  6.004158
 14.223256
 14.688188
 14.680876
 14.751587
 14.662661
 14.424496
 14.262539
 14.022964
 13.728755
 13.727916
 13.792152
 13.543320
 13.387626
 13.122783
 12.834540
 11.970683
 11.322057
 11.043414
 10.818790
 10.678657
 11.120403
 10.787431
 11.023572
 10.777420
 10.218337
 10.350549
 10.505800
 10.325489
 10.166128
 10.036177
  9.746942
  9.560407
  9.544936
  9.616219
  9.441829
  9.269256
  8.925813
  8.568862
  8.791178
  7.903398
  8.506045
  8.406748
  8.123707
  7.843329
  7.669011
  7.972239
  7.948325
  7.798835
  7.634193
  7.755913
  7.460612
  7.604543
  7.665545
 12.574909
 12.891820
 13.079109
 13.828472
 14.320033
 14.475790
 14.561323
 14.750805
 14.890565
 14.858600
 14.902345
 14.733283
 14.528467
 14.272641
 14.225754
 13.386224
 12.625003
 12.513713
 12.428747
 12.237168
 12.541921
 12.378522
 12.533867
 12.161816
 11.607884
 11.801290
 11.902037
 11.656961
 11.503392
 11.400850
 11.156706
 10.950924
 10.851414
 10.755944
 10.592406
 10.388391
 10.062262
  9.735138
  9.864540
  9.533511
  9.600212
  9.623107
  9.563627
  9.601321
  9.393152
  9.496752
  9.455119
  9.378189
  9.264897
  9.432198
  9.328540
  9.377291
  9.422791
 11.147831
 11.473404
 11.986496
 12.511773
 13.070672
 13.549370
 13.836406
 14.061964
 14.283411
 14.514516
 14.641233
 15.127976
 15.392177
 15.385665
 15.303230
 14.611263
 13.914866
 13.868791
 13.919771
 13.745184
 13.837150
 13.563993
 13.654196
 13.441060
 12.863032
 12.897845
 12.943648
 12.696662
 12.624884
 12.540813
 12.272494
 11.997527
 11.702873
 11.517580
 11.404939
 11.288924
 11.064910
 10.708999
 10.679121
 10.407919
 10.497304
 10.628676
 10.482311
 10.519966
 10.476496
 10.607405
 10.589682
 10.561490
 10.418723
 10.748989
 10.525864
 10.640166
 10.705870
 10.146857
 10.764888
 11.318701
 12.345698
 12.757137
 13.007725
 13.112777
 13.095726
 13.112112
 13.055602
 13.116211
 13.654713
 14.462675
 15.591944
 15.646879
 15.696775
 15.248181
 15.075975
 15.044712
 14.997118
 14.871261
 14.509612
 14.531048
 14.300031
 13.850437
 13.772828
 13.714471
 13.438044
 13.238035
 13.083104
 12.766447
 12.522681
 12.305108
 12.171628
 12.048930
 11.970697
 11.887071
 11.544784
 11.509140
 11.370203
 11.258173
 11.516368
 11.420802
 11.435820
 11.445503
 11.641668
 11.490440
 11.673614
 11.517878
 11.800199
 11.516369
 11.502133
 11.547232
  6.541115
  6.962284
  7.329285
  9.010039
  9.613519
  8.518555
  9.600309
  9.885178
  9.777881
  9.731487
 10.126596
 11.270004
 12.501046
 14.592939
 14.850940
 16.388070
 16.280121
 15.814921
 15.623872
 15.483745
 15.386570
 15.175034
 15.037468
 14.878386
 14.691319
 14.264312
 14.249241
 13.954457
 13.614334
 13.406249
 13.125179
 13.010785
 13.002380
 12.829368
 12.596847
 12.392916
 12.187862
 12.010906
 12.018979
 12.006701
 11.788608
 11.901984
 11.971009
 11.981792
 11.898188
 11.907909
 11.865070
 11.932450
 12.014298
 12.146341
 12.101971
 11.969741
 11.977446
  1.443618
  2.107262
  3.166791
  3.671092
  3.989366
  3.772851
  3.532366
  3.411876
  3.533699
  3.842249
  5.309670
  5.734544
  7.387898
 12.036443
 11.707613
 14.843177
 15.686439
 14.482729
 14.596226
 14.369274
 14.343148
 14.760516
 14.520779
 14.584188
 14.883340
 14.364508
 14.322058
 14.331491
 14.173894
 13.900335
 13.580247
 13.506704
 13.478993
 13.422949
 13.243711
 12.990449
 12.696338
 12.445394
 12.390414
 12.356152
 12.340364
 12.521237
 12.260201
 12.260135
 12.096999
 12.101515
 11.908757
 11.997193
 12.315073
 12.437794
 12.798189
 12.990568
 12.912234
  0.000000
 -0.000000
 -0.000000
 -0.000000
 -0.000000
 -0.000000
  0.000000
 -0.000000
 -0.000000
 -0.000000
  0.460207
  0.896395
  2.696814
  5.000292
  6.152882
 12.384634
 13.555974
 11.210096
 11.795717
 10.246479
 10.336094
 11.195094
 10.782465
 11.175230
 13.131028
 13.523386
 13.502804
 14.105430
 14.267522
 14.117262
 14.231194
 14.457044
 14.644858
 14.391049
 14.150364
 13.921613
 13.611115
 13.261823
 13.135746
 13.257582
 13.004952
 13.194791
 12.869970
 12.895506
 12.791807
 12.840211
 12.481500
 12.399513
 12.471518
 12.585723
 14.018898
 14.390280
 13.966036
  0.000000
 -0.000000
 -0.000000
 -0.000000
 -0.000000
  0.000000
 -0.000000
 -0.000000
 -0.000000
 -0.000000
 -0.000000
 -0.000000
 -0.000000
  0.990067
  2.811015
  6.664008
  8.750439
  6.597621
  7.885665
  6.077859
  6.308698
  5.978942
  5.668644
  7.751066
  9.861407
 10.374800
 10.633111
 11.411714
 11.651989
 11.801197
 12.709632
 13.758897
 14.367806
 14.242251
 14.273673
 14.499377
 14.654882
 14.409231
 13.958169
 14.259645
 13.547690
 13.568308
 13.258850
 13.277439
 13.388906
 13.451495
 13.074986
 12.992148
 12.401073
 12.213414
 13.107448
 13.386735
 13.154466
  0.000000
 -0.000000
 -0.000000
 -0.000000
 -0.000000
  0.000000
 -0.000000
 -0.000000
  0.000000
 -0.000000
 -0.000000
 -0.000000
 -0.000000
 -0.000000
 -0.000000
  0.000000
  2.268946
  2.758897
  4.882273
  0.759591
  1.540548
  0.894737
  0.860366
  3.947261
  7.070600
  6.463690
  6.092150
  6.405588
  6.721584
  7.217467
  8.486884
  9.544997
 10.179047
 11.042501
 11.918268
 12.905459
 14.037322
 14.710675
 14.287888
 14.182522
 13.743027
 13.759374
 13.588740
 13.593035
 13.558468
 13.628666
 13.882759
 13.858103
 13.474318
 13.218772
 12.783042
 12.620099
 12.625191
  0.000000
 -0.000000
 -0.000000
 -0.000000
 -0.000000
 -0.000000
  0.000000
  0.000000
 -0.000000
  0.000000
 -0.000000
 -0.000000
 -0.000000
 -0.000000
 -0.000000
 -0.000000
  0.000000
 -0.000000
 -0.000000
 -0.000000
 -0.000000
  0.000000
 -0.000000
 -0.000000
  1.501736
  0.876628
 -0.000000
 -0.000000
  0.000000
  1.439466
  3.775254
  4.989125
  4.933846
  5.817340
  7.152054
  8.418792
  9.986785
 11.695685
 12.726329
 11.828708
 13.865964
 13.438033
 12.133341
 12.237740
 12.338354
 12.432712
 13.060413
 13.142483
 13.371910
 13.570913
 12.697585
 12.444188
 12.280898
  0.000000
 -0.000000
 -0.000000
 -0.000000
 -0.000000
 -0.000000
 -0.000000
 -0.000000
 -0.000000
 -0.000000
  0.000000
  0.000000
 -0.000000
  0.000000
  0.000000
 -0.000000
 -0.000000
 -0.000000
 -0.000000
 -0.000000
 -0.000000
  0.000000
  0.000000
  0.000000
 -0.000000
 -0.000000
 -0.000000
 -0.000000
 -0.000000
 -0.000000
 -0.000000
 -0.000000
 -0.000000
  1.163191
  2.592392
  3.863691
  4.845179
  5.820102
  8.156958
  6.217022
 11.086282
 10.693766
  8.919719
  8.643229
  8.754900
  8.466571
  8.990440
  9.377706
  9.452831
  9.476580
  8.471802
  8.233142
  8.766613
  0.000000
 -0.000000
 -0.000000
 -0.000000
 -0.000000
  0.000000
  0.000000
  0.000000
  0.000000
 -0.000000
 -0.000000
 -0.000000
 -0.000000
  0.000000
 -0.000000
 -0.000000
  0.000000
 -0.000000
 -0.000000
 -0.000000
 -0.000000
 -0.000000
 -0.000000
 -0.000000
 -0.000000
 -0.000000
  0.000000
 -0.000000
 -0.000000
 -0.000000
 -0.000000
 -0.000000
 -0.000000
 -0.000000
 -0.000000
  0.000000
  0.845842
  1.097053
  1.334950
  2.838998
  4.861575
  5.342805
  4.013690
  3.907803
  4.238463
  3.646180
  3.450497
  3.990593
  3.971391
  4.223981
  3.247486
  2.011089
  2.671850
  0.000000
 -0.000000
 -0.000000
 -0.000000
 -0.000000
  0.000000
 -0.000000
 -0.000000
 -0.000000
 -0.000000
 -0.000000
 -0.000000
 -0.000000
 -0.000000
 -0.000000
  0.000000
  0.000000
 -0.000000
 -0.000000
  0.000000
 -0.000000
  0.000000
 -0.000000
 -0.000000
 -0.000000
 -0.000000
 -0.000000
 -0.000000
  0.000000
 -0.000000
 -0.000000
 -0.000000
 -0.000000
 -0.000000
 -0.000000
 -0.000000
 -0.000000
 -0.000000
 -0.000000
 -0.000000
 -0.000000
  0.000000
 -0.000000
 -0.000000
  0.000000
 -0.000000
 -0.000000
  0.000000
 -0.000000
 -0.000000
 -0.000000
 -0.000000
  0.000000
  0.000000
 -0.000000
 -0.000000
 -0.000000
 -0.000000
 -0.000000
 -0.000000
 -0.000000
 -0.000000
 -0.000000
 -0.000000
 -0.000000
 -0.000000
  0.000000
 -0.000000
 -0.000000
  0.000000
 -0.000000
 -0.000000
 -0.000000
 -0.000000
 -0.000000
 -0.000000
 -0.000000
  0.000000
 -0.000000
 -0.000000
 -0.000000
  0.000000
 -0.000000
 -0.000000
 -0.000000
 -0.000000
 -0.000000
 -0.000000
 -0.000000
  0.000000
 -0.000000
 -0.000000
 -0.000000
  0.000000
 -0.000000
 -0.000000
 -0.000000
 -0.000000
 -0.000000
 -0.000000
 -0.000000
  0.000000
 -0.000000
 -0.000000
 -0.000000
 -0.000000
  0.000000
 -0.000000
  0.000000
 -0.000000
 -0.000000
  0.000000
 -0.000000
 -0.000000
 -0.000000
 -0.000000
  0.000000
 -0.000000
 -0.000000
 -0.000000
  0.000000
 -0.000000
  0.000000
 -0.000000
 -0.000000
 -0.000000
 -0.000000
  0.000000
  0.000000
  0.000000
 -0.000000
  0.000000
 -0.000000
 -0.000000
  0.000000
 -0.000000
 -0.000000
 -0.000000
 -0.000000
 -0.000000
  0.000000
 -0.000000
 -0.000000
 -0.000000
  0.000000
 -0.000000
 -0.000000
 -0.000000
  0.000000
 -0.000000
 -0.000000
  0.000000
 -0.000000
 -0.000000
 -0.000000
 -0.000000
 -0.000000
 -0.000000
  0.000000
  0.000000
 -0.000000
  0.000000
  0.000000
 -0.000000
 -0.000000
 -0.000000
 -0.000000
  0.000000
  0.000000
 -0.000000
 -0.000000
  0.000000
 -0.000000
 -0.000000
 -0.000000
 -0.000000
 -0.000000
  0.000000
 -0.000000
 -0.000000
  0.000000
 -0.000000
  0.000000
 -0.000000
  0.000000
 -0.000000
 -0.000000
 -0.000000
 -0.000000
 -0.000000
 -0.000000
 -0.000000
 -0.000000
 -0.000000
 -0.000000
 -0.000000
 -0.000000
 -0.000000
  0.000000
 -0.000000
  0.000000
  0.000000
  0.000000
 -0.000000
 -0.000000
 -0.000000
 -0.000000
 -0.000000
  0.000000
  0.000000
  0.000000
 -0.000000
