  0.000000
  0.000000
  0.000000
  0.000000
  0.000000
 -0.000000
 -0.000000
 -0.000000
 -0.000000
 -0.000000
 -0.000000
 -0.000000
 -0.000000
 -0.000000
 -0.000000
 -0.000000
 -0.000000
 -0.000000
 -0.000000
  0.000000
 -0.000000
 -0.000000
 -0.000000
  0.000000
 -0.000000
 -0.000000
 -0.000000
 -0.000000
 -0.000000
 -0.000000
  0.000000
  0.000000
  0.000000
 -0.000000
 -0.000000
  0.000000
 -0.000000
 -0.000000
 -0.000000
 -0.000000
 -0.000000
  0.000000
 -0.000000
 -0.000000
  0.000000
 -0.000000
 -0.000000
 -0.000000
 -0.000000
 -0.000000
 -0.000000
 -0.000000
  0.000000
 -0.000000
 -0.000000
 -0.000000
 -0.000000
  0.000000
 -0.000000
 -0.000000
 -0.000000
 -0.000000
 -0.000000
 -0.000000
 -0.000000
 -0.000000
  0.000000
 -0.000000
 -0.000000
 -0.000000
  0.000000
 -0.000000
 -0.000000
 -0.000000
 -0.000000
 -0.000000
 -0.000000
 -0.000000
 -0.000000
 -0.000000
 -0.000000
  0.000000
 -0.000000
 -0.000000
 -0.000000
 -0.000000
 -0.000000
  0.000000
  0.000000
 -0.000000
 -0.000000
 -0.000000
 -0.000000
 -0.000000
 -0.000000
 -0.000000
 -0.000000
 -0.000000
 -0.000000
 -0.000000
 -0.000000
 -0.000000
 -0.000000
 -0.000000
  0.000000
 -0.000000
 -0.000000
 -0.000000
 -0.000000
 -0.000000
 -0.000000
 -0.000000
 -0.000000
 -0.000000
 -0.000000
 -0.000000
 -0.000000
  0.000000
  0.000000
 -0.000000
 -0.000000
 -0.000000
 -0.000000
 -0.000000
 -0.000000
  0.000000
 -0.000000
 -0.000000
 -0.000000
  0.000000
 -0.000000
 -0.000000
  0.000000
 -0.000000
 -0.000000
 -0.000000
 -0.000000
 -0.000000
 -0.000000
 -0.000000
 -0.000000
 -0.000000
 -0.000000
 -0.000000
 -0.000000
 -0.000000
 -0.000000
 -0.000000
  0.000000
 -0.000000
 -0.000000
 -0.000000
 -0.000000
 -0.000000
 -0.000000
 -0.000000
 -0.000000
 -0.000000
 -0.000000
 -0.000000
 -0.000000
 -0.000000
 -0.000000
  0.000000
 -0.000000
 -0.000000
  0.000000
 -0.000000
  0.000000
 -0.000000
 -0.000000
 -0.000000
  0.000000
 -0.000000
 -0.000000
 -0.000000
 -0.000000
 -0.000000
 -0.000000
  0.000000
 -0.000000
 -0.000000
 -0.000000
 -0.000000
  0.000000
 -0.000000
 -0.000000
 -0.000000
 -0.000000
 -0.000000
 -0.000000
 -0.000000
 -0.000000
 -0.000000
 -0.000000
 -0.000000
 -0.000000
 -0.000000
  0.000000
 -0.000000
  0.000000
  0.000000
  0.000000
 -0.000000
 -0.000000
 -0.000000
 -0.000000
 -0.000000
  0.647130
 -0.000000
 -0.000000
 -0.000000
 -0.000000
 -0.000000
 -0.000000
 -0.000000
 -0.000000
  0.000000
 -0.000000
  0.000000
 -0.000000
 -0.000000
 -0.000000
  0.000000
  0.000000
 -0.000000
 -0.000000
 -0.000000
 -0.000000
 -0.000000
 -0.000000
 -0.000000
 -0.000000
  0.000000
 -0.000000
 -0.000000
 -0.000000
 -0.000000
 -0.000000
 -0.000000
 -0.000000
 -0.000000
 -0.000000
 -0.000000
  0.000000
 -0.000000
 -0.000000
 -0.000000
 -0.000000
 -0.000000
 -0.000000
 -0.000000
 -0.000000
 -0.000000
 -0.000000
  0.000000
 -0.000000
 -0.000000
 -0.000000
  0.000000
  3.013864
  2.809497
  0.000000
 -0.000000
 -0.000000
 -0.000000
 -0.000000
 -0.000000
 -0.000000
 -0.000000
  0.000000
 -0.000000
  0.000000
 -0.000000
  0.000000
 -0.000000
 -0.000000
 -0.000000
  0.000000
 -0.000000
 -0.000000
 -0.000000
 -0.000000
 -0.000000
 -0.000000
 -0.000000
  0.000000
 -0.000000
 -0.000000
  0.000000
 -0.000000
 -0.000000
 -0.000000
  0.000000
  0.000000
  0.000000
 -0.000000
 -0.000000
 -0.000000
 -0.000000
 -0.000000
 -0.000000
 -0.000000
 -0.000000
 -0.000000
  0.000000
 -0.000000
 -0.000000
 -0.000000
 -0.000000
 -0.000000
 -0.000000
  4.422248
  4.286101
  4.142869
  3.610938
  2.875003
  0.000000
  0.000000
 -0.000000
 -0.000000
 -0.000000
 -0.000000
 -0.000000
 -0.000000
  0.000000
 -0.000000
 -0.000000
  0.000000
 -0.000000
 -0.000000
  0.000000
 -0.000000
  0.000000
 -0.000000
 -0.000000
 -0.000000
  0.000000
  0.000000
 -0.000000
  0.000000
 -0.000000
 -0.000000
 -0.000000
  0.000000
  0.000000
 -0.000000
  0.000000
 -0.000000
 -0.000000
  0.000000
 -0.000000
 -0.000000
  0.000000
 -0.000000
  0.000000
 -0.000000
  0.000000
 -0.000000
  0.000000
  0.000000
 -0.000000
 -0.000000
 -0.000000
  5.121061
  5.008904
  4.784984
  4.639023
  4.484503
  4.088597
  3.475124
  2.533962
  1.315065
 -0.000000
 -0.000000
 -0.000000
 -0.000000
 -0.000000
 -0.000000
 -0.000000
 -0.000000
 -0.000000
 -0.000000
 -0.000000
 -0.000000
 -0.000000
 -0.000000
 -0.000000
 -0.000000
 -0.000000
 -0.000000
 -0.000000
 -0.000000
 -0.000000
 -0.000000
 -0.000000
 -0.000000
 -0.000000
 -0.000000
 -0.000000
 -0.000000
  0.000000
 -0.000000
 -0.000000
 -0.000000
 -0.000000
 -0.000000
  0.000000
 -0.000000
 -0.000000
  0.000000
 -0.000000
 -0.000000
  0.000000
 -0.000000
 -0.000000
  5.793716
  5.671888
  5.448115
  5.224575
  5.062726
  4.847518
  4.628854
  4.260382
  3.920098
  3.047255
  2.388196
  0.000000
 -0.000000
 -0.000000
 -0.000000
 -0.000000
 -0.000000
 -0.000000
 -0.000000
  0.000000
  0.000000
 -0.000000
  0.000000
 -0.000000
  0.000000
 -0.000000
 -0.000000
  0.000000
 -0.000000
 -0.000000
 -0.000000
 -0.000000
 -0.000000
 -0.000000
 -0.000000
 -0.000000
 -0.000000
 -0.000000
 -0.000000
 -0.000000
  0.000000
 -0.000000
 -0.000000
 -0.000000
 -0.000000
 -0.000000
 -0.000000
 -0.000000
 -0.000000
 -0.000000
 -0.000000
 -0.000000
  6.307331
  6.241845
  5.822424
  5.614195
  5.406741
  5.259837
  5.141003
  4.990894
  4.865915
  4.584685
  4.528019
  4.475189
  3.606701
  3.335733
  2.786383
  0.000000
  0.000000
  0.000000
 -0.000000
 -0.000000
 -0.000000
 -0.000000
 -0.000000
 -0.000000
 -0.000000
 -0.000000
 -0.000000
 -0.000000
  0.000000
 -0.000000
  0.000000
 -0.000000
 -0.000000
 -0.000000
 -0.000000
  0.000000
  0.000000
 -0.000000
 -0.000000
  0.000000
 -0.000000
 -0.000000
 -0.000000
 -0.000000
  0.000000
 -0.000000
 -0.000000
 -0.000000
 -0.000000
 -0.000000
 -0.000000
 -0.000000
  6.579648
  6.501667
  6.423302
  6.266090
  6.089445
  5.772355
  5.549297
  5.412440
  5.265517
  5.139152
  5.101558
  5.041122
  4.804882
  4.680794
  4.278621
  3.471662
  2.320598
  2.863568
  2.901272
  0.000000
  0.000000
 -0.000000
  0.000000
 -0.000000
 -0.000000
 -0.000000
 -0.000000
 -0.000000
 -0.000000
 -0.000000
 -0.000000
 -0.000000
 -0.000000
 -0.000000
 -0.000000
  0.000000
 -0.000000
 -0.000000
 -0.000000
 -0.000000
 -0.000000
 -0.000000
 -0.000000
  0.000000
 -0.000000
 -0.000000
 -0.000000
 -0.000000
 -0.000000
 -0.000000
 -0.000000
 -0.000000
  6.818572
  6.699082
  6.602162
  6.563035
  6.453446
  6.208057
  6.184267
  5.977205
  5.745729
  5.546059
  5.438541
  5.390332
  5.216507
  5.162119
  4.988737
  4.610867
  3.664233
  4.082567
  4.095792
  3.320418
  3.739657
  3.136105
  3.092771
  2.178196
  1.308734
  2.012905
  0.000000
  0.000000
  0.000000
  0.000000
  0.000000
 -0.000000
 -0.000000
 -0.000000
 -0.000000
 -0.000000
 -0.000000
 -0.000000
 -0.000000
 -0.000000
 -0.000000
 -0.000000
 -0.000000
 -0.000000
 -0.000000
 -0.000000
 -0.000000
 -0.000000
 -0.000000
 -0.000000
 -0.000000
 -0.000000
  7.347795
  7.183178
  7.103933
  6.966626
  6.906456
  6.663737
  6.496840
  6.385499
  6.198957
  6.112272
  5.907630
  5.881392
  5.715831
  5.671988
  5.455496
  5.174065
  4.796827
  4.877867
  4.763825
  4.363023
  4.686661
  4.425303
  4.298421
  3.507628
  3.092634
  3.374876
  3.142645
  3.019853
  3.047954
  2.785360
  2.710439
  2.706890
  0.000000
  0.000000
  0.000000
  0.000000
  0.000000
  0.000000
  0.000000
 -0.000000
  0.000000
 -0.000000
 -0.000000
  0.000000
 -0.000000
 -0.000000
 -0.000000
 -0.000000
 -0.000000
 -0.000000
 -0.000000
 -0.000000
  8.386607
  8.200245
  8.023876
  7.819344
  7.615375
  7.521250
  7.389629
  7.129244
  6.894759
  6.766584
  6.440554
  6.318215
  6.405381
  6.201430
  5.925020
  5.684517
  5.233043
  5.278118
  5.167544
  5.013350
  5.110736
  4.966005
  4.937189
  4.598721
  4.334224
  4.506788
  4.424200
  4.138609
  3.667907
  3.546854
  3.372644
  3.141514
  3.124756
  3.099500
  3.128797
  2.964577
  2.970539
  2.828821
  2.863502
  2.778018
  2.954985
  2.843559
  2.406467
  2.629263
  2.734749
  2.503079
  2.298542
  0.000000
  0.000000
  0.000000
  0.000000
  0.000000
  9.831746
  9.549581
  9.260654
  8.864959
  8.684795
  8.596409
  8.360735
  7.935948
  7.537200
  7.477511
  7.371354
  7.208078
  7.313213
  7.124182
  6.583046
  6.064793
  5.699487
  5.798505
  5.702382
  5.532393
  5.636084
  5.475398
  5.390878
  5.137508
  4.958091
  4.995940
  4.943635
  4.808202
  4.736248
  4.633550
  4.491703
  4.217197
  3.817781
  3.746879
  3.315522
  3.200219
  3.224464
  3.228223
  3.169627
  3.202180
  3.257797
  3.236347
  3.228504
  3.206940
  3.191949
  3.265300
  3.347955
  3.381144
  3.348650
  3.380685
  3.430957
  3.369251
 11.355051
 11.059323
 10.681965
 10.227248
 10.160797
 10.022113
  9.583408
  9.109409
  8.810365
  8.707663
  8.294116
  8.047172
  8.102387
  8.092245
  7.724045
  7.043277
  6.418847
  6.581911
  6.312200
  6.160958
  6.233992
  6.076151
  5.952417
  5.597010
  5.415260
  5.407796
  5.438622
  5.327195
  5.278604
  5.183910
  5.107882
  4.971578
  4.849801
  4.832771
  4.599926
  4.260344
  4.073149
  4.083608
  3.833715
  3.772432
  3.991861
  3.952421
  3.745101
  3.799597
  3.866485
  3.708599
  3.758487
  3.668521
  3.718470
  3.827012
  3.844642
  3.761268
 12.999871
 12.738553
 12.271795
 11.844526
 11.729763
 11.344272
 11.060361
 10.524277
 10.173300
 10.011309
  9.623386
  9.251133
  9.370128
  9.409578
  8.989232
  8.124348
  7.513815
  7.696174
  7.469003
  7.523053
  7.579638
  7.444810
  7.321921
  6.539351
  6.018015
  6.123786
  6.145709
  5.987152
  5.946014
  5.823551
  5.629914
  5.436807
  5.335107
  5.325121
  5.169559
  4.966796
  4.814537
  4.889676
  4.841519
  4.634657
  4.728887
  4.680999
  4.636347
  4.614943
  4.714088
  4.577746
  4.640812
  4.483684
  4.518100
  4.463085
  4.440930
  4.492520
 14.138548
 13.992359
 13.556080
 13.084097
 13.040174
 12.630020
 12.327379
 11.913291
 11.658034
 11.442319
 11.132566
 10.913106
 10.962785
 10.926711
 10.519840
  9.549388
  8.823785
  8.886672
  8.631180
  9.071686
  9.033120
  8.923010
  9.002232
  8.273244
  7.779615
  7.927324
  8.145507
  7.932590
  7.766938
  7.389474
  6.951908
  6.665342
  6.490626
  6.406688
  6.162285
  5.730485
  5.496841
  5.635137
  5.591226
  5.398438
  5.533825
  5.415072
  5.419351
  5.362140
  5.575892
  5.434501
  5.542975
  5.465638
  5.515836
  5.426820
  5.371772
  5.376353
 14.834989
 14.906868
 14.684831
 14.262678
 14.131075
 13.812698
 13.568805
 13.134493
 13.058245
 13.049573
 12.822482
 12.592583
 12.552741
 12.367151
 11.815566
 10.962506
 10.399610
 10.327250
 10.029767
 10.462293
 10.479009
 10.322927
 10.323535
  9.737717
  9.442794
  9.521730
  9.775908
  9.400213
  9.354944
  9.168802
  8.970401
  8.820143
  8.805914
  8.714080
  8.462799
  8.129760
  7.470920
  7.501625
  7.794441
  6.912489
  7.436135
  6.978192
  6.941534
  6.599512
  6.876745
  6.828989
  6.917531
  6.595252
  6.738410
  6.691879
  6.640729
  6.623888
 13.767939
 13.870486
 14.209001
 14.792771
 14.705964
 14.618820
 14.581752
 14.517470
 14.401625
 14.376809
 14.318273
 14.095496
 13.925607
 13.723367
 13.237179
 12.310538
 11.856450
 11.772798
 11.211736
 11.677148
 11.674255
 11.610743
 11.725312
 11.231124
 10.896864
 11.128778
 11.150069
 10.854334
 10.840667
 10.603872
 10.328228
 10.228780
 10.277583
 10.175277
  9.967484
  9.721208
  9.374519
  9.321457
  9.473774
  8.849708
  9.241916
  8.948939
  9.011255
  8.570726
  8.802115
  8.748849
  8.795582
  8.545108
  8.707775
  8.532889
  8.401260
  8.752643
 11.743885
 12.158221
 12.676256
 13.363333
 13.822740
 14.100490
 14.313648
 14.714269
 14.888839
 15.026456
 15.235642
 15.140748
 14.818309
 14.781015
 14.433869
 13.606194
 13.170745
 13.295034
 12.992649
 13.183230
 13.256592
 13.036326
 13.034085
 12.494350
 12.258455
 12.471760
 12.385516
 12.135424
 12.144292
 11.918315
 11.686385
 11.449788
 11.258465
 11.104048
 10.949505
 10.750979
 10.373507
 10.170944
 10.367663
  9.942014
 10.258049
  9.977794
 10.124492
 10.031492
 10.106054
 10.078236
 10.120598
  9.837537
 10.072895
 10.080097
 10.012596
 10.108631
 10.982129
 11.489200
 12.175380
 12.768758
 13.131805
 13.449770
 13.527012
 13.669283
 13.684151
 13.746801
 14.104809
 14.912608
 15.390210
 15.683339
 15.473806
 14.862163
 14.487188
 14.572400
 14.398740
 14.548467
 14.224533
 14.086711
 14.087988
 13.594348
 13.231773
 13.245472
 13.293982
 12.908223
 12.937921
 12.720779
 12.437479
 12.126094
 11.947473
 11.785294
 11.703268
 11.628013
 11.353013
 11.104409
 11.152770
 10.647028
 11.114172
 10.969658
 10.956143
 10.917939
 11.051120
 10.998127
 11.323537
 11.107695
 11.252669
 11.183786
 10.996945
 11.217000
  9.229886
  9.293483
 10.480960
 11.636251
 11.428855
 11.767869
 12.062364
 12.147692
 12.000030
 12.034927
 12.471612
 13.230297
 13.953539
 14.921869
 15.395620
 16.003619
 15.696464
 15.540310
 15.408206
 15.315105
 15.062444
 14.795437
 14.802388
 14.549579
 14.196656
 14.053110
 14.022558
 13.520415
 13.456797
 13.096620
 12.811446
 12.709197
 12.551474
 12.396567
 12.255533
 12.145634
 11.967917
 11.744385
 11.761217
 11.536741
 11.656839
 11.775583
 11.814392
 11.762776
 11.815017
 11.766115
 11.814424
 11.823277
 11.948033
 11.979293
 11.775813
 11.796508
  4.097880
  4.809898
  5.732115
  6.642034
  6.455766
  5.535129
  6.108445
  6.701858
  6.884390
  7.081846
  7.972940
  9.452830
 11.999740
 13.036793
 14.268886
 16.362755
 16.114948
 15.265182
 15.477542
 15.194407
 15.320830
 15.128096
 15.038732
 14.937935
 14.651915
 14.305562
 14.273593
 13.940835
 13.684000
 13.424582
 13.278897
 13.290303
 13.188353
 13.008821
 12.769006
 12.508093
 12.238308
 12.079224
 12.193981
 12.036205
 12.131393
 12.104271
 12.054312
 12.027375
 11.998134
 11.913890
 11.859335
 12.045546
 12.264306
 12.276462
 12.211082
 12.136612
 -0.000000
  0.000000
  0.000000
  1.488339
  0.000000
  0.000000
  0.000000
  0.000000
  0.000000
  1.790271
  2.927626
  4.063734
  7.938410
  9.081418
 11.283969
 14.553261
 14.270226
 11.733009
 12.780441
 11.939023
 13.060322
 13.341124
 12.972615
 13.654748
 14.321744
 14.036449
 14.289326
 14.557993
 14.372657
 14.111235
 13.965169
 14.000428
 13.913364
 13.785903
 13.552832
 13.265232
 12.967222
 12.729067
 12.841251
 12.609359
 12.769262
 12.699988
 12.586444
 12.481696
 12.393164
 12.314831
 12.135361
 12.360474
 12.512024
 13.082031
 13.984767
 13.906978
  0.000000
 -0.000000
 -0.000000
 -0.000000
 -0.000000
 -0.000000
 -0.000000
 -0.000000
 -0.000000
 -0.000000
 -0.000000
  0.000000
  2.655027
  3.660014
  7.651067
 11.032236
 10.572155
  7.939020
 10.319108
  7.695763
  8.528913
  8.495052
  8.622202
 10.387236
 11.922809
 12.225003
 12.687560
 13.455706
 13.267545
 13.402820
 14.106357
 14.772596
 14.772099
 14.506458
 14.397578
 14.287557
 14.039261
 13.648614
 13.859026
 13.565179
 13.407514
 13.232750
 13.045660
 13.125112
 13.170503
 13.055362
 12.758768
 12.533936
 12.290514
 12.961544
 14.240374
 13.910608
  0.000000
 -0.000000
 -0.000000
 -0.000000
 -0.000000
 -0.000000
 -0.000000
  0.000000
 -0.000000
 -0.000000
 -0.000000
 -0.000000
 -0.000000
  0.000000
  0.000000
  5.114732
  6.407626
  3.282437
  5.349188
  3.737422
  4.455222
  3.312076
  4.344292
  7.400125
  8.536730
  8.457745
  8.745591
  9.412982
  9.437573
 10.125561
 11.283847
 12.200449
 12.750853
 13.219886
 13.743565
 14.361630
 14.922026
 14.413548
 14.275923
 13.919833
 13.649848
 13.588366
 13.430440
 13.529335
 13.604263
 13.636083
 13.478068
 13.179590
 12.604299
 12.514612
 12.687866
 12.524500
  0.000000
 -0.000000
 -0.000000
 -0.000000
 -0.000000
  0.000000
 -0.000000
 -0.000000
  0.000000
 -0.000000
 -0.000000
 -0.000000
 -0.000000
 -0.000000
 -0.000000
 -0.000000
 -0.000000
 -0.000000
  0.000000
 -0.000000
 -0.000000
 -0.000000
  0.000000
  4.048728
  4.922350
  3.161314
  0.000000
  0.000000
  3.780968
  5.326980
  7.321430
  7.400685
  7.988825
  9.005566
 10.465443
 11.698633
 13.193332
 13.940305
 13.614382
 13.840069
 13.959931
 13.482617
 13.087189
 13.232690
 13.213848
 13.525216
 13.908792
 13.811323
 13.851367
 13.665805
 12.799302
 12.665312
  0.000000
 -0.000000
 -0.000000
 -0.000000
  0.000000
 -0.000000
 -0.000000
 -0.000000
 -0.000000
 -0.000000
 -0.000000
  0.000000
 -0.000000
 -0.000000
 -0.000000
 -0.000000
 -0.000000
 -0.000000
 -0.000000
 -0.000000
 -0.000000
 -0.000000
 -0.000000
 -0.000000
 -0.000000
 -0.000000
 -0.000000
 -0.000000
 -0.000000
 -0.000000
  0.000000
  0.000000
  2.653142
  4.133345
  5.346006
  6.630972
  7.768063
  9.739844
 10.176949
 10.958047
 13.162475
 11.640372
 10.322868
 10.769281
 10.684224
 11.040454
 11.646357
 11.640496
 12.006483
 11.829707
 10.790277
 11.085909
  0.000000
 -0.000000
 -0.000000
 -0.000000
 -0.000000
  0.000000
  0.000000
 -0.000000
 -0.000000
 -0.000000
  0.000000
 -0.000000
 -0.000000
 -0.000000
 -0.000000
 -0.000000
 -0.000000
 -0.000000
 -0.000000
 -0.000000
 -0.000000
 -0.000000
 -0.000000
 -0.000000
 -0.000000
 -0.000000
 -0.000000
 -0.000000
 -0.000000
 -0.000000
 -0.000000
 -0.000000
 -0.000000
  0.000000
  0.000000
  2.217477
  3.282480
  4.362998
  4.504184
  5.345791
  9.167325
  7.228133
  5.997454
  6.558588
  6.370247
  5.472481
  6.612400
  6.773823
  6.284907
  6.244560
  5.118028
  5.517576
  0.000000
 -0.000000
  0.000000
  0.000000
 -0.000000
  0.000000
 -0.000000
 -0.000000
 -0.000000
 -0.000000
 -0.000000
 -0.000000
 -0.000000
 -0.000000
 -0.000000
 -0.000000
 -0.000000
 -0.000000
 -0.000000
 -0.000000
  0.000000
 -0.000000
 -0.000000
 -0.000000
 -0.000000
  0.000000
  0.000000
 -0.000000
 -0.000000
 -0.000000
 -0.000000
 -0.000000
 -0.000000
 -0.000000
 -0.000000
 -0.000000
 -0.000000
 -0.000000
 -0.000000
  0.000000
  0.000000
  0.000000
  0.000000
  0.000000
  0.000000
  0.000000
  0.000000
  0.000000
  0.000000
  0.000000
 -0.000000
 -0.000000
  0.000000
 -0.000000
 -0.000000
 -0.000000
 -0.000000
  0.000000
 -0.000000
 -0.000000
 -0.000000
 -0.000000
 -0.000000
 -0.000000
 -0.000000
 -0.000000
 -0.000000
 -0.000000
 -0.000000
  0.000000
  0.000000
 -0.000000
 -0.000000
 -0.000000
 -0.000000
 -0.000000
 -0.000000
 -0.000000
 -0.000000
 -0.000000
 -0.000000
 -0.000000
 -0.000000
 -0.000000
 -0.000000
 -0.000000
 -0.000000
 -0.000000
 -0.000000
  0.000000
 -0.000000
 -0.000000
 -0.000000
 -0.000000
 -0.000000
 -0.000000
 -0.000000
 -0.000000
 -0.000000
 -0.000000
 -0.000000
 -0.000000
 -0.000000
 -0.000000
  0.000000
 -0.000000
 -0.000000
 -0.000000
 -0.000000
 -0.000000
 -0.000000
 -0.000000
 -0.000000
 -0.000000
 -0.000000
  0.000000
 -0.000000
 -0.000000
 -0.000000
 -0.000000
 -0.000000
 -0.000000
 -0.000000
 -0.000000
 -0.000000
 -0.000000
 -0.000000
  0.000000
 -0.000000
 -0.000000
  0.000000
 -0.000000
 -0.000000
  0.000000
 -0.000000
 -0.000000
 -0.000000
 -0.000000
 -0.000000
 -0.000000
 -0.000000
 -0.000000
 -0.000000
 -0.000000
 -0.000000
 -0.000000
 -0.000000
 -0.000000
 -0.000000
 -0.000000
 -0.000000
 -0.000000
 -0.000000
 -0.000000
 -0.000000
 -0.000000
  0.000000
  0.000000
  0.000000
 -0.000000
 -0.000000
 -0.000000
 -0.000000
 -0.000000
 -0.000000
 -0.000000
 -0.000000
 -0.000000
 -0.000000
 -0.000000
 -0.000000
 -0.000000
  0.000000
 -0.000000
 -0.000000
 -0.000000
 -0.000000
 -0.000000
 -0.000000
 -0.000000
 -0.000000
 -0.000000
 -0.000000
  0.000000
 -0.000000
 -0.000000
 -0.000000
  0.000000
 -0.000000
 -0.000000
  0.000000
 -0.000000
 -0.000000
 -0.000000
  0.000000
  0.000000
 -0.000000
 -0.000000
 -0.000000
 -0.000000
 -0.000000
 -0.000000
 -0.000000
 -0.000000
 -0.000000
 -0.000000
 -0.000000
 -0.000000
  0.000000
 -0.000000
  0.000000
 -0.000000
 -0.000000
  0.000000
 -0.000000
  0.000000
 -0.000000
 -0.000000
 -0.000000
  0.000000
 -0.000000
 -0.000000
 -0.000000
 -0.000000
 -0.000000
 -0.000000
 -0.000000
 -0.000000
 -0.000000
 -0.000000
 -0.000000
 -0.000000
  0.000000
 -0.000000
 -0.000000
 -0.000000
 -0.000000
  0.000000
 -0.000000
 -0.000000
 -0.000000
 -0.000000
 -0.000000
  0.000000
 -0.000000
 -0.000000
 -0.000000
 -0.000000
 -0.000000
 -0.000000
 -0.000000
 -0.000000
 -0.000000
  0.000000
  0.000000
 -0.000000
 -0.000000
  0.000000
  0.000000
 -0.000000
