Fluid v. 2.7 

Topo [m]=      DQIrofRch1	 Start [hrs]= 0.000	 End [hrs]= 3.000
DT [s]= 15.000	 DX [m]=    10.00	 DY [m]=    10.00	Beginning Mass [kg]= 787798830.53800	


  T [hr]   MFlux [kg]   EMass [kg]  DBalance [kg]    TotalMBS [kg]   TotalMFaB [kg]    Q3 [m3/s]    Q1 [m3/s]    Q2 [m3/s]    Q4 [m3/s]

  0.0042  8.06392E+08  7.89306E+08    1.70862E+07 7.8930590201E+08 8.0639210269E+08  1.23999E+03  4.33523E-01  0.00000E+00  0.00000E+00
  0.0875 -8.31688E+06  8.35041E+06   -1.66673E+07 7.9765631318E+08 7.9807522403E+08  1.24000E+03  1.79446E+03  0.00000E+00  0.00000E+00
  0.1708 -6.17298E+06 -7.76009E+06    1.58711E+06 7.8989622534E+08 7.9190224132E+08  1.24000E+03  1.65153E+03  0.00000E+00  0.00000E+00
  0.2542 -2.35070E+05 -1.26921E+06    1.03414E+06 7.8862701313E+08 7.9166717087E+08  1.23999E+03  1.25566E+03  0.00000E+00  0.00000E+00
  0.3375  1.85757E+06  1.25274E+06    6.04833E+05 7.8987974833E+08 7.9352473882E+08  1.24000E+03  1.11616E+03  0.00000E+00  0.00000E+00
  0.4208  8.78102E+05  6.26711E+05    2.51391E+05 7.9050645926E+08 7.9440284059E+08  1.24000E+03  1.18146E+03  0.00000E+00  0.00000E+00
  0.5042  5.11023E+05 -3.45754E+05    8.56776E+05 7.9016070570E+08 7.9491386337E+08  1.24000E+03  1.20593E+03  0.00000E+00  0.00000E+00
  0.5875  7.74992E+05 -1.54645E+05    9.29637E+05 7.9000606076E+08 7.9568885532E+08  1.24000E+03  1.18833E+03  0.00000E+00  0.00000E+00
  0.6708  9.04967E+05  7.00626E+04    8.34904E+05 7.9007612341E+08 7.9659382208E+08  1.24000E+03  1.17967E+03  0.00000E+00  0.00000E+00
  0.7542  8.53705E+05  4.68177E+04    8.06887E+05 7.9012294115E+08 7.9744752710E+08  1.24000E+03  1.18309E+03  0.00000E+00  0.00000E+00
  0.8375  8.15789E+05 -1.36530E+04    8.29442E+05 7.9010928814E+08 7.9826331604E+08  1.24000E+03  1.18561E+03  0.00000E+00  0.00000E+00
  0.9208  8.25602E+05 -1.33843E+04    8.38986E+05 7.9009590383E+08 7.9908891781E+08  1.24000E+03  1.18496E+03  0.00000E+00  0.00000E+00
  1.0042  8.36973E+05  1.97191E+03    8.35001E+05 7.9009787574E+08 7.9992589104E+08  1.24000E+03  1.18420E+03  0.00000E+00  0.00000E+00
  1.0875  8.35775E+05  3.29203E+03    8.32483E+05 7.9010116777E+08 8.0076166632E+08  1.24000E+03  1.18428E+03  0.00000E+00  0.00000E+00
  1.1708  8.32409E+05 -3.23278E+02    8.32733E+05 7.9010084449E+08 8.0159407577E+08  1.24000E+03  1.18451E+03  0.00000E+00  0.00000E+00
  1.2542  8.32064E+05 -9.15865E+02    8.32980E+05 7.9009992863E+08 8.0242613989E+08  1.24000E+03  1.18453E+03  0.00000E+00  0.00000E+00
  1.3375  8.32669E+05  6.55892E+02    8.32013E+05 7.9010058452E+08 8.0325880926E+08  1.24000E+03  1.18449E+03  0.00000E+00  0.00000E+00
  1.4208  8.32804E+05  2.43416E+02    8.32560E+05 7.9010082793E+08 8.0409161283E+08  1.24000E+03  1.18448E+03  0.00000E+00  0.00000E+00
  1.5042  8.32742E+05  8.94494E+00    8.32733E+05 7.9010083688E+08 8.0492435450E+08  1.24000E+03  1.18448E+03  0.00000E+00  0.00000E+00
  1.5875  8.32853E+05 -2.43854E+02    8.33097E+05 7.9010059303E+08 8.0575720717E+08  1.24000E+03  1.18448E+03  0.00000E+00  0.00000E+00
  1.6708  8.33433E+05 -1.04831E+02    8.33538E+05 7.9010048819E+08 8.0659064008E+08  1.24000E+03  1.18444E+03  0.00000E+00  0.00000E+00
  1.7542  8.33519E+05 -3.62551E+02    8.33881E+05 7.9010012564E+08 8.0742415891E+08  1.24000E+03  1.18443E+03  0.00000E+00  0.00000E+00
  1.8375  8.33354E+05 -2.02486E+02    8.33557E+05 7.9009992316E+08 8.0825751331E+08  1.24000E+03  1.18444E+03  0.00000E+00  0.00000E+00
  1.9208  8.33009E+05  4.59111E+02    8.32549E+05 7.9010038227E+08 8.0909052190E+08  1.24000E+03  1.18447E+03  0.00000E+00  0.00000E+00
  2.0042  8.33050E+05  3.08078E+02    8.32742E+05 7.9010069035E+08 8.0992357221E+08  1.24000E+03  1.18446E+03  0.00000E+00  0.00000E+00
  2.0875  8.33151E+05  7.35262E+00    8.33143E+05 7.9010069770E+08 8.1075672292E+08  1.24000E+03  1.18446E+03  0.00000E+00  0.00000E+00
  2.1708  8.33278E+05 -7.22193E+01    8.33350E+05 7.9010062548E+08 8.1159000098E+08  1.24000E+03  1.18445E+03  0.00000E+00  0.00000E+00
  2.2542  8.33438E+05 -1.94298E+02    8.33632E+05 7.9010043118E+08 8.1242343906E+08  1.24000E+03  1.18444E+03  0.00000E+00  0.00000E+00
  2.3375  8.33454E+05 -9.36246E+01    8.33548E+05 7.9010033756E+08 8.1325689344E+08  1.24000E+03  1.18444E+03  0.00000E+00  0.00000E+00
  2.4208  8.33516E+05 -3.97646E+02    8.33913E+05 7.9009993991E+08 8.1409040895E+08  1.24000E+03  1.18443E+03  0.00000E+00  0.00000E+00
  2.5042  8.33439E+05 -1.53824E+02    8.33593E+05 7.9009978609E+08 8.1492384809E+08  1.24000E+03  1.18444E+03  0.00000E+00  0.00000E+00
  2.5875  8.33042E+05  7.91092E+02    8.32251E+05 7.9010057718E+08 8.1575688969E+08  1.24000E+03  1.18446E+03  0.00000E+00  0.00000E+00
  2.6708  8.33142E+05  2.39226E+00    8.33139E+05 7.9010057957E+08 8.1659003154E+08  1.24000E+03  1.18446E+03  0.00000E+00  0.00000E+00
  2.7542  8.33246E+05  2.51482E+00    8.33243E+05 7.9010058209E+08 8.1742327747E+08  1.24000E+03  1.18445E+03  0.00000E+00  0.00000E+00
  2.8375  8.33383E+05 -1.35516E+02    8.33518E+05 7.9010044657E+08 8.1825666034E+08  1.24000E+03  1.18444E+03  0.00000E+00  0.00000E+00
  2.9208  8.33436E+05 -1.50018E+02    8.33586E+05 7.9010029655E+08 8.1909009607E+08  1.24000E+03  1.18444E+03  0.00000E+00  0.00000E+00
  3.0000  8.33492E+05 -3.34619E+02    8.33827E+05 7.9009996193E+08 8.1992358801E+08  1.24000E+03  1.18443E+03  0.00000E+00  0.00000E+00
