  543392.400  5403700.000  0.000
  543404.000  5403705.000  0.000
  543392.100  5403706.000  0.216
  543403.700  5403709.000  0.329
  543391.700  5403710.000  0.501
  543422.600  5403711.000  0.000
  543403.600  5403713.000  0.284
  543428.600  5403713.000  0.000
  543391.400  5403714.000  0.557
  543435.600  5403714.000  0.000
  543422.100  5403716.000  0.223
  543447.900  5403718.000  0.000
  543403.000  5403719.000  0.405
  543428.400  5403719.000  0.298
  543391.000  5403720.000  0.742
  543421.700  5403720.000  0.388
  543435.000  5403720.000  0.295
  543461.800  5403722.000  0.000
  543434.800  5403723.000  0.398
  543447.500  5403723.000  0.192
  543402.700  5403724.000  0.549
  543421.400  5403724.000  0.533
  543464.300  5403724.000  0.000
  543390.600  5403725.000  0.678
  543428.100  5403725.000  0.346
  543434.400  5403727.000  0.514
  543447.000  5403727.000  0.326
  543464.000  5403728.000  0.241
  543402.400  5403729.000  0.628
  543420.900  5403729.000  0.546
  543427.900  5403729.000  0.420
  543474.700  5403729.000  0.000
  543463.900  5403730.000  0.177
  543475.800  5403730.000  0.000
  543434.100  5403731.000  0.484
  543446.800  5403731.000  0.414
  543462.000  5403731.000  0.399
  543390.200  5403732.000  0.599
  543402.100  5403733.000  0.585
  543462.000  5403733.000  0.402
  543475.400  5403733.000  0.280
  543427.600  5403734.000  0.544
  543463.500  5403734.000  0.355
  543474.800  5403734.000  0.326
  543489.300  5403734.000  0.000
  543433.800  5403735.000  0.593
  543446.500  5403735.000  0.622
  543475.100  5403735.000  0.297
  543420.300  5403736.000  0.614
  543474.700  5403736.000  0.418
  543462.200  5403737.000  0.429
  543497.300  5403737.000  0.000
  543503.600  5403737.000  0.000
  543389.700  5403738.000  0.721
  543401.800  5403738.000  0.736
  543446.100  5403738.000  0.561
  543463.100  5403738.000  0.481
  543474.800  5403739.000  0.549
  543489.100  5403739.000  0.566
  543427.300  5403740.000  0.568
  543433.400  5403740.000  0.702
  543474.500  5403740.000  0.432
  543516.600  5403740.000  0.000
  543462.200  5403741.000  0.560
  543530.100  5403741.000  0.000
  543445.800  5403742.000  0.557
  543401.300  5403743.000  0.739
  543419.600  5403743.000  0.630
  543462.700  5403743.000  0.498
  543474.900  5403743.000  0.388
  543497.400  5403743.000  0.234
  543503.600  5403743.000  0.375
  543516.600  5403743.000  0.300
  543489.000  5403744.000  0.524
  543537.200  5403744.000  0.000
  543389.300  5403745.000  0.732
  543462.300  5403745.000  0.621
  543427.000  5403746.000  0.630
  543445.400  5403746.000  0.691
  543473.900  5403746.000  0.487
  543474.900  5403746.000  0.506
  543529.800  5403746.000  0.196
  543432.800  5403747.000  0.674
  543497.400  5403747.000  0.478
  543401.000  5403748.000  0.706
  543503.400  5403748.000  0.501
  543529.800  5403748.000  0.347
  543559.400  5403748.000  0.000
  543462.100  5403749.000  0.557
  543516.600  5403749.000  0.471
  543418.900  5403750.000  0.753
  543462.400  5403750.000  0.571
  543475.000  5403750.000  0.530
  543445.000  5403751.000  0.597
  543473.300  5403751.000  0.551
  543497.500  5403751.000  0.439
  543388.800  5403752.000  0.738
  543426.800  5403752.000  0.603
  543489.000  5403752.000  0.691
  543503.500  5403752.000  0.581
  543559.300  5403752.000  0.315
  543579.800  5403752.000  0.000
  543583.000  5403752.000  0.000
  543400.800  5403753.000  0.815
  543432.200  5403753.000  0.721
  543516.600  5403753.000  0.433
  543529.400  5403753.000  0.493
  543567.300  5403753.000  0.000
  543475.100  5403755.000  0.681
  543497.600  5403755.000  0.597
  543537.200  5403755.000  0.397
  543559.100  5403755.000  0.431
  543601.600  5403755.000  0.000
  543444.600  5403756.000  0.654
  543461.600  5403756.000  0.793
  543462.600  5403756.000  0.697
  543503.400  5403756.000  0.592
  543579.500  5403756.000  0.284
  543590.300  5403756.000  0.000
  543595.800  5403756.000  0.000
  543418.300  5403757.000  0.804
  543426.400  5403757.000  0.805
  543472.800  5403757.000  0.600
  543400.300  5403758.000  0.718
  543488.800  5403758.000  0.692
  543516.600  5403758.000  0.548
  543529.100  5403758.000  0.679
  543537.200  5403758.000  0.423
  543559.000  5403758.000  0.456
  543583.200  5403758.000  0.440
  543388.300  5403759.000  0.795
  543497.600  5403759.000  0.610
  543579.100  5403759.000  0.508
  543431.600  5403760.000  0.829
  543444.200  5403760.000  0.567
  543601.800  5403760.000  0.230
  543634.800  5403760.000  0.000
  543475.300  5403761.000  0.553
  543503.400  5403761.000  0.590
  543537.200  5403761.000  0.378
  543583.300  5403761.000  0.374
  543590.100  5403761.000  0.229
  543595.900  5403761.000  0.256
  543461.000  5403762.000  0.648
  543558.700  5403762.000  0.677
  543566.600  5403762.000  0.335
  543617.400  5403762.000  0.000
  543645.400  5403762.000  0.000
  543400.100  5403763.000  0.685
  543426.300  5403763.000  0.737
  543462.800  5403763.000  0.757
  543471.900  5403763.000  0.720
  543497.700  5403763.000  0.773
  543578.800  5403763.000  0.421
  543516.600  5403764.000  0.485
  543528.900  5403764.000  0.639
  543583.400  5403764.000  0.449
  543589.800  5403764.000  0.363
  543596.000  5403764.000  0.380
  543634.500  5403764.000  0.285
  543658.400  5403764.000  0.000
  543417.600  5403765.000  0.746
  543537.300  5403765.000  0.508
  543601.900  5403765.000  0.224
  543644.700  5403765.000  0.000
  543387.800  5403766.000  0.746
  543443.800  5403766.000  0.658
  543475.400  5403766.000  0.789
  543488.900  5403766.000  0.789
  543503.300  5403766.000  0.773
  543558.500  5403767.000  0.586
  543688.900  5403767.000  0.000
  543399.800  5403768.000  0.730
  543431.000  5403768.000  0.736
  543460.400  5403768.000  0.775
  543497.600  5403768.000  0.569
  543537.200  5403768.000  0.605
  543566.200  5403768.000  0.503
  543578.300  5403768.000  0.679
  543583.500  5403768.000  0.557
  543589.400  5403768.000  0.543
  543602.100  5403768.000  0.447
  543645.400  5403768.000  0.425
  543426.000  5403769.000  0.793
  543462.900  5403769.000  0.694
  543528.600  5403769.000  0.679
  543596.000  5403769.000  0.475
  543634.100  5403769.000  0.468
  543658.400  5403769.000  0.102
  543471.100  5403770.000  0.770
  543516.700  5403770.000  0.634
  543443.300  5403771.000  0.756
  543602.300  5403771.000  0.494
  543617.300  5403771.000  0.331
  543644.600  5403771.000  0.471
  543658.400  5403771.000  0.318
  543711.200  5403771.000  0.000
  543399.300  5403772.000  0.871
  543416.900  5403772.000  0.858
  543475.500  5403772.000  0.757
  543558.300  5403772.000  0.697
  543565.800  5403772.000  0.362
  543583.600  5403772.000  0.641
  543589.200  5403772.000  0.453
  543596.100  5403772.000  0.602
  543645.500  5403772.000  0.445
  543688.500  5403772.000  0.261
  543703.100  5403772.000  0.000
  543503.200  5403773.000  0.733
  543537.200  5403773.000  0.624
  543577.800  5403773.000  0.569
  543633.800  5403773.000  0.589
  543658.500  5403773.000  0.313
  543387.200  5403774.000  0.781
  543488.700  5403774.000  0.782
  543497.700  5403774.000  0.650
  543602.300  5403774.000  0.525
  543644.500  5403774.000  0.409
  543719.300  5403774.000  0.000
  543802.800  5403774.000  0.000
  543425.600  5403775.000  0.703
  543430.500  5403775.000  0.810
  543459.900  5403775.000  0.782
  543528.300  5403775.000  0.724
  543617.300  5403775.000  0.370
  543688.200  5403775.000  0.220
  543710.800  5403775.000  0.411
  543737.900  5403775.000  0.000
  543758.700  5403775.000  0.000
  543783.000  5403775.000  0.000
  543463.100  5403776.000  0.779
  543516.700  5403776.000  0.687
  543588.800  5403776.000  0.510
  543596.100  5403776.000  0.500
  543645.600  5403776.000  0.427
  543658.500  5403776.000  0.469
  543756.800  5403776.000  0.000
  543771.000  5403776.000  0.000
  543398.900  5403777.000  0.835
  543442.800  5403777.000  0.708
  543537.300  5403777.000  0.564
  543558.000  5403777.000  0.666
  543565.600  5403777.000  0.533
  543583.700  5403777.000  0.604
  543617.200  5403777.000  0.369
  543633.400  5403777.000  0.420
  543644.400  5403777.000  0.430
  543688.000  5403777.000  0.418
  543797.600  5403777.000  0.000
  543818.100  5403777.000  0.000
  543470.400  5403778.000  0.739
  543475.600  5403778.000  0.724
  543577.400  5403778.000  0.622
  543602.500  5403778.000  0.652
  543710.300  5403778.000  0.259
  543825.100  5403778.000  0.000
  543497.800  5403779.000  0.746
  543596.200  5403779.000  0.684
  543658.500  5403779.000  0.451
  543701.900  5403779.000  0.288
  543720.200  5403779.000  0.296
  543416.200  5403780.000  0.807
  543503.100  5403780.000  0.763
  543617.300  5403780.000  0.485
  543644.200  5403780.000  0.358
  543756.900  5403780.000  0.311
  543849.100  5403780.000  0.000
  543386.600  5403781.000  0.837
  543425.300  5403781.000  0.709
  543527.900  5403781.000  0.609
  543645.700  5403781.000  0.546
  543687.400  5403781.000  0.514
  543701.700  5403781.000  0.326
  543709.800  5403781.000  0.279
  543720.500  5403781.000  0.253
  543803.600  5403781.000  0.372
  543835.400  5403781.000  0.000
  543429.800  5403782.000  0.840
  543442.400  5403782.000  0.745
  543459.300  5403782.000  0.761
  543463.300  5403782.000  0.752
  543488.600  5403782.000  0.729
  543516.700  5403782.000  0.788
  543537.300  5403782.000  0.588
  543557.800  5403782.000  0.655
  543565.200  5403782.000  0.544
  543588.400  5403782.000  0.540
  543602.700  5403782.000  0.664
  543617.200  5403782.000  0.459
  543632.900  5403782.000  0.548
  543783.700  5403782.000  0.444
  543803.800  5403782.000  0.131
  543856.900  5403782.000  0.000
  543398.500  5403783.000  0.707
  543576.800  5403783.000  0.677
  543583.900  5403783.000  0.650
  543596.200  5403783.000  0.715
  543644.100  5403783.000  0.518
  543658.500  5403783.000  0.477
  543720.900  5403783.000  0.342
  543739.000  5403783.000  0.226
  543757.100  5403783.000  0.250
  543803.900  5403783.000  0.209
  543818.600  5403783.000  0.264
  543825.500  5403783.000  0.132
  543849.300  5403783.000  0.143
  543701.300  5403784.000  0.428
  543709.400  5403784.000  0.461
  543783.900  5403784.000  0.336
  543798.100  5403784.000  0.200
  543835.600  5403784.000  0.379
  543873.900  5403784.000  0.000
  543475.800  5403785.000  0.785
  543497.900  5403785.000  0.759
  543617.100  5403785.000  0.719
  543645.700  5403785.000  0.611
  543686.900  5403785.000  0.602
  543721.300  5403785.000  0.412
  543739.200  5403785.000  0.422
  543771.900  5403785.000  0.298
  543804.100  5403785.000  0.260
  543891.400  5403785.000  0.000
  543469.400  5403786.000  0.804
  543527.600  5403786.000  0.800
  543602.800  5403786.000  0.648
  543644.000  5403786.000  0.508
  543658.600  5403786.000  0.614
  543757.300  5403786.000  0.364
  543798.300  5403786.000  0.198
  543818.800  5403786.000  0.401
  543825.800  5403786.000  0.237
  543415.500  5403787.000  0.747
  543425.100  5403787.000  0.863
  543503.100  5403787.000  0.904
  543557.600  5403787.000  0.732
  543564.900  5403787.000  0.633
  543588.000  5403787.000  0.665
  543596.300  5403787.000  0.748
  543617.000  5403787.000  0.674
  543632.600  5403787.000  0.661
  543700.800  5403787.000  0.455
  543709.000  5403787.000  0.489
  543804.300  5403787.000  0.451
  543849.600  5403787.000  0.204
  543874.100  5403787.000  0.249
  543891.300  5403787.000  0.170
  543398.200  5403788.000  0.706
  543441.800  5403788.000  0.759
  543516.600  5403788.000  0.684
  543537.300  5403788.000  0.746
  543739.500  5403788.000  0.399
  543772.100  5403788.000  0.313
  543784.300  5403788.000  0.339
  543835.800  5403788.000  0.369
  543857.500  5403788.000  0.116
  543429.300  5403789.000  0.815
  543458.800  5403789.000  0.825
  543463.500  5403789.000  0.744
  543576.300  5403789.000  0.710
  543584.000  5403789.000  0.657
  543644.000  5403789.000  0.572
  543645.900  5403789.000  0.575
  543658.600  5403789.000  0.460
  543721.800  5403789.000  0.490
  543798.400  5403789.000  0.305
  543819.100  5403789.000  0.391
  543825.900  5403789.000  0.405
  543386.100  5403790.000  0.800
  543617.000  5403790.000  0.670
  543757.600  5403790.000  0.376
  543760.300  5403790.000  0.402
  543804.600  5403790.000  0.444
  543874.200  5403790.000  0.187
  543475.900  5403791.000  0.650
  543488.600  5403791.000  0.884
  543497.900  5403791.000  0.891
  543596.400  5403791.000  0.724
  543603.100  5403791.000  0.741
  543686.400  5403791.000  0.574
  543700.400  5403791.000  0.450
  543708.400  5403791.000  0.491
  543772.400  5403791.000  0.385
  543891.100  5403791.000  0.249
  543468.800  5403792.000  0.758
  543527.300  5403792.000  0.799
  543564.500  5403792.000  0.651
  543643.800  5403792.000  0.579
  543658.700  5403792.000  0.593
  543722.400  5403792.000  0.505
  543798.600  5403792.000  0.442
  543819.300  5403792.000  0.354
  543836.100  5403792.000  0.258
  543849.900  5403792.000  0.417
  543857.700  5403792.000  0.377
  543537.300  5403793.000  0.767
  543557.200  5403793.000  0.744
  543587.600  5403793.000  0.620
  543617.100  5403793.000  0.626
  543632.300  5403793.000  0.590
  543740.100  5403793.000  0.528
  543772.700  5403793.000  0.445
  543784.800  5403793.000  0.486
  543804.900  5403793.000  0.365
  543826.300  5403793.000  0.328
  543397.800  5403794.000  0.784
  543414.900  5403794.000  0.755
  543424.600  5403794.000  0.778
  543441.300  5403794.000  0.793
  543502.900  5403794.000  0.789
  543575.800  5403794.000  0.817
  543584.200  5403794.000  0.761
  543645.900  5403794.000  0.686
  543699.800  5403794.000  0.538
  543757.800  5403794.000  0.492
  543760.700  5403794.000  0.367
  543516.800  5403795.000  0.636
  543596.400  5403795.000  0.675
  543616.900  5403795.000  0.686
  543658.800  5403795.000  0.614
  543722.900  5403795.000  0.638
  543819.400  5403795.000  0.486
  543836.400  5403795.000  0.426
  543850.100  5403795.000  0.426
  543874.400  5403795.000  0.326
  543428.600  5403796.000  0.824
  543458.200  5403796.000  0.874
  543643.800  5403796.000  0.769
  543685.800  5403796.000  0.508
  543707.800  5403796.000  0.526
  543798.900  5403796.000  0.475
  543858.000  5403796.000  0.371
  543891.100  5403796.000  0.208
  543463.700  5403797.000  0.861
  543498.100  5403797.000  0.806
  543603.300  5403797.000  0.680
  543631.800  5403797.000  0.566
  543761.000  5403797.000  0.529
  543773.000  5403797.000  0.494
  543385.600  5403798.000  0.831
  543476.000  5403798.000  0.794
  543526.900  5403798.000  0.708
  543564.100  5403798.000  0.679
  543587.100  5403798.000  0.562
  543616.900  5403798.000  0.598
  543658.700  5403798.000  0.611
  543699.100  5403798.000  0.639
  543723.300  5403798.000  0.559
  543758.000  5403798.000  0.520
  543805.400  5403798.000  0.456
  543836.600  5403798.000  0.347
  543468.000  5403799.000  0.802
  543488.400  5403799.000  0.767
  543537.400  5403799.000  0.786
  543556.900  5403799.000  0.759
  543596.500  5403799.000  0.785
  543646.000  5403799.000  0.715
  543740.800  5403799.000  0.488
  543785.300  5403799.000  0.494
  543819.600  5403799.000  0.435
  543858.300  5403799.000  0.387
  543397.400  5403800.000  0.820
  543414.300  5403800.000  0.848
  543440.700  5403800.000  0.764
  543502.900  5403800.000  0.740
  543575.200  5403800.000  0.664
  543584.300  5403800.000  0.791
  543616.900  5403800.000  0.669
  543773.400  5403800.000  0.514
  543799.100  5403800.000  0.451
  543850.400  5403800.000  0.478
  543891.100  5403800.000  0.420
  543424.300  5403801.000  0.785
  543516.800  5403801.000  0.708
  543643.600  5403801.000  0.637
  543685.300  5403801.000  0.634
  543707.100  5403801.000  0.635
  543723.800  5403801.000  0.628
  543761.400  5403801.000  0.477
  543826.800  5403801.000  0.653
  543874.600  5403801.000  0.426
  543457.600  5403802.000  0.822
  543658.800  5403802.000  0.668
  543758.300  5403802.000  0.454
  543819.900  5403802.000  0.413
  543836.800  5403802.000  0.392
  543427.900  5403803.000  0.807
  543563.800  5403803.000  0.694
  543596.500  5403803.000  0.758
  543603.500  5403803.000  0.901
  543616.800  5403803.000  0.755
  543631.400  5403803.000  0.771
  543698.600  5403803.000  0.605
  543799.300  5403803.000  0.452
  543805.900  5403803.000  0.561
  543858.500  5403803.000  0.450
  543463.900  5403804.000  0.761
  543498.100  5403804.000  0.657
  543526.700  5403804.000  0.771
  543724.300  5403804.000  0.626
  543773.800  5403804.000  0.520
  543820.000  5403804.000  0.509
  543476.200  5403805.000  0.837
  543556.600  5403805.000  0.757
  543584.400  5403805.000  0.817
  543586.600  5403805.000  0.699
  543643.400  5403805.000  0.688
  543646.100  5403805.000  0.707
  543658.800  5403805.000  0.700
  543741.600  5403805.000  0.647
  543891.000  5403805.000  0.435
  543384.900  5403806.000  0.871
  543397.000  5403806.000  0.742
  543467.200  5403806.000  0.839
  543537.400  5403806.000  0.827
  543574.800  5403806.000  0.790
  543616.900  5403806.000  0.775
  543684.800  5403806.000  0.696
  543758.400  5403806.000  0.586
  543761.900  5403806.000  0.570
  543786.000  5403806.000  0.630
  543837.200  5403806.000  0.525
  543850.700  5403806.000  0.624
  543858.700  5403806.000  0.454
  543874.800  5403806.000  0.440
  543413.800  5403807.000  0.791
  543424.200  5403807.000  0.703
  543440.300  5403807.000  1.005
  543502.800  5403807.000  0.808
  543697.900  5403807.000  0.734
  543706.300  5403807.000  0.582
  543724.800  5403807.000  0.722
  543774.100  5403807.000  0.468
  543799.600  5403807.000  0.565
  543820.300  5403807.000  0.522
  543488.300  5403808.000  0.850
  543563.600  5403808.000  0.834
  543596.600  5403808.000  0.769
  543603.700  5403808.000  0.785
  543630.900  5403808.000  0.715
  543516.800  5403809.000  0.733
  543616.800  5403809.000  0.707
  543646.100  5403809.000  0.670
  543658.900  5403809.000  0.713
  543806.400  5403809.000  0.555
  543827.500  5403809.000  0.648
  543837.400  5403809.000  0.497
  543456.900  5403810.000  0.850
  543498.100  5403810.000  0.772
  543556.200  5403810.000  0.809
  543586.100  5403810.000  0.785
  543643.300  5403810.000  0.718
  543684.200  5403810.000  0.687
  543725.300  5403810.000  0.664
  543774.400  5403810.000  0.534
  543820.500  5403810.000  0.566
  543859.100  5403810.000  0.516
  543890.900  5403810.000  0.602
  543396.600  5403811.000  0.882
  543427.400  5403811.000  0.872
  543526.300  5403811.000  0.768
  543584.600  5403811.000  0.747
  543742.200  5403811.000  0.598
  543758.800  5403811.000  0.584
  543762.400  5403811.000  0.547
  543799.900  5403811.000  0.510
  543476.300  5403812.000  0.895
  543574.100  5403812.000  0.835
  543616.700  5403812.000  0.673
  543658.900  5403812.000  0.821
  543697.300  5403812.000  0.818
  543705.600  5403812.000  0.722
  543851.100  5403812.000  0.660
  543874.900  5403812.000  0.374
  543423.800  5403813.000  0.914
  543439.600  5403813.000  0.755
  543464.100  5403813.000  0.909
  543466.300  5403813.000  0.883
  543537.400  5403813.000  0.878
  543563.100  5403813.000  0.820
  543596.800  5403813.000  0.764
  543725.900  5403813.000  0.703
  543786.600  5403813.000  0.557
  543820.700  5403813.000  0.571
  543837.700  5403813.000  0.660
  543859.300  5403813.000  0.553
  543384.400  5403814.000  0.866
  543413.100  5403814.000  0.829
  543502.700  5403814.000  0.808
  543603.900  5403814.000  0.843
  543646.300  5403814.000  0.852
  543774.800  5403814.000  0.559
  543807.000  5403814.000  0.634
  543890.800  5403814.000  0.589
  543616.700  5403815.000  0.694
  543630.400  5403815.000  0.725
  543643.000  5403815.000  0.775
  543658.900  5403815.000  0.927
  543683.600  5403815.000  0.652
  543759.100  5403815.000  0.648
  543800.100  5403815.000  0.637
  543516.800  5403816.000  0.713
  543584.700  5403816.000  0.727
  543726.300  5403816.000  0.705
  543742.800  5403816.000  0.613
  543762.900  5403816.000  0.636
  543828.100  5403816.000  0.606
  543396.200  5403817.000  0.798
  543488.300  5403817.000  0.883
  543498.200  5403817.000  0.733
  543556.000  5403817.000  0.886
  543585.600  5403817.000  0.798
  543696.400  5403817.000  0.657
  543775.100  5403817.000  0.623
  543820.900  5403817.000  0.643
  543838.000  5403817.000  0.516
  543875.100  5403817.000  0.627
  543426.800  5403818.000  0.930
  543525.900  5403818.000  0.848
  543573.600  5403818.000  0.847
  543596.800  5403818.000  0.769
  543616.600  5403818.000  0.713
  543759.100  5403818.000  0.596
  543851.400  5403818.000  0.704
  543859.700  5403818.000  0.663
  543423.500  5403819.000  0.900
  543456.100  5403819.000  0.878
  543465.600  5403819.000  0.713
  543562.700  5403819.000  0.843
  543642.900  5403819.000  0.812
  543646.400  5403819.000  0.816
  543704.800  5403819.000  0.659
  543726.900  5403819.000  0.737
  543800.400  5403819.000  0.629
  543412.500  5403820.000  0.896
  543476.500  5403820.000  0.848
  543502.600  5403820.000  0.813
  543604.200  5403820.000  0.797
  543630.000  5403820.000  0.789
  543659.000  5403820.000  0.701
  543683.200  5403820.000  0.781
  543743.200  5403820.000  0.704
  543787.300  5403820.000  0.667
  543807.600  5403820.000  0.612
  543821.200  5403820.000  0.620
  543838.300  5403820.000  0.661
  543890.800  5403820.000  0.579
  543438.900  5403821.000  0.927
  543464.300  5403821.000  0.855
  543537.400  5403821.000  0.904
  543616.500  5403821.000  0.746
  543775.500  5403821.000  0.616
  543383.900  5403822.000  0.837
  543555.600  5403822.000  0.869
  543695.500  5403822.000  0.762
  543763.600  5403822.000  0.646
  543860.000  5403822.000  0.610
  543875.200  5403822.000  0.636
  543395.800  5403823.000  0.812
  543498.300  5403823.000  0.832
  543516.800  5403823.000  0.782
  543573.000  5403823.000  0.851
  543584.900  5403823.000  0.877
  543596.900  5403823.000  0.883
  543727.600  5403823.000  0.710
  543743.600  5403823.000  0.667
  543759.500  5403823.000  0.739
  543800.700  5403823.000  0.629
  543828.600  5403823.000  0.692
  543838.400  5403823.000  0.633
  543585.000  5403824.000  0.802
  543642.700  5403824.000  0.810
  543646.400  5403824.000  0.752
  543659.100  5403824.000  0.802
  543775.800  5403824.000  0.702
  543821.400  5403824.000  0.716
  543851.800  5403824.000  0.700
  543426.100  5403825.000  0.773
  543488.200  5403825.000  0.920
  543525.600  5403825.000  0.917
  543604.500  5403825.000  0.752
  543616.600  5403825.000  0.803
  543703.900  5403825.000  0.849
  543890.600  5403825.000  0.675
  543411.800  5403826.000  0.897
  543423.100  5403826.000  0.977
  543502.600  5403826.000  0.870
  543562.300  5403826.000  0.791
  543629.500  5403826.000  0.780
  543682.600  5403826.000  0.762
  543808.200  5403826.000  0.658
  543464.900  5403827.000  0.695
  543659.100  5403827.000  0.798
  543728.300  5403827.000  0.646
  543744.100  5403827.000  0.732
  543788.000  5403827.000  0.738
  543801.000  5403827.000  0.679
  543838.800  5403827.000  0.674
  543860.400  5403827.000  0.708
  543438.300  5403828.000  0.764
  543455.300  5403828.000  0.886
  543476.700  5403828.000  1.031
  543597.000  5403828.000  0.835
  543646.500  5403828.000  0.759
  543694.600  5403828.000  0.773
  543759.800  5403828.000  0.799
  543764.200  5403828.000  0.709
  543776.200  5403828.000  0.769
  543821.600  5403828.000  0.695
  543875.400  5403828.000  0.717
  543537.400  5403829.000  0.866
  543555.400  5403829.000  0.775
  543572.400  5403829.000  0.807
  543616.400  5403829.000  0.820
  543642.500  5403829.000  0.822
  543383.400  5403830.000  0.775
  543464.600  5403830.000  0.801
  543516.900  5403830.000  0.878
  543584.500  5403830.000  0.729
  543585.100  5403830.000  0.867
  543703.100  5403830.000  0.829
  543829.200  5403830.000  0.728
  543852.100  5403830.000  0.714
  543890.500  5403830.000  0.615
  543395.300  5403831.000  0.774
  543498.400  5403831.000  0.910
  543629.100  5403831.000  0.840
  543681.900  5403831.000  0.752
  543801.300  5403831.000  0.636
  543839.100  5403831.000  0.728
  543860.700  5403831.000  0.717
  543425.600  5403832.000  0.811
  543525.100  5403832.000  0.928
  543561.900  5403832.000  0.833
  543604.700  5403832.000  0.957
  543659.100  5403832.000  0.839
  543729.100  5403832.000  0.797
  543744.600  5403832.000  0.827
  543776.600  5403832.000  0.732
  543808.900  5403832.000  0.648
  543411.400  5403833.000  0.786
  543422.800  5403833.000  0.964
  543502.600  5403833.000  0.887
  543597.000  5403833.000  0.829
  543616.400  5403833.000  0.812
  543646.600  5403833.000  0.786
  543760.100  5403833.000  0.778
  543788.600  5403833.000  0.783
  543822.100  5403833.000  0.710
  543875.600  5403833.000  0.769
  543464.100  5403834.000  0.852
  543476.700  5403834.000  0.952
  543488.100  5403834.000  0.848
  543571.900  5403834.000  0.782
  543693.800  5403834.000  0.775
  543764.800  5403834.000  0.736
  543801.500  5403834.000  0.752
  543437.600  5403835.000  0.813
  543555.100  5403835.000  0.819
  543642.400  5403835.000  0.808
  543777.000  5403835.000  0.773
  543839.400  5403835.000  0.791
  543861.000  5403835.000  0.637
  543890.400  5403835.000  0.729
  543584.100  5403836.000  0.868
  543628.600  5403836.000  0.844
  543829.600  5403836.000  0.786
  543852.600  5403836.000  0.722
  543454.600  5403837.000  0.937
  543498.400  5403837.000  0.886
  543516.800  5403837.000  0.894
  543537.500  5403837.000  0.836
  543646.700  5403837.000  0.855
  543681.200  5403837.000  0.769
  543702.400  5403837.000  0.771
  543745.100  5403837.000  0.711
  543760.300  5403837.000  0.749
  543822.300  5403837.000  0.675
  543382.800  5403838.000  0.789
  543394.600  5403838.000  0.901
  543425.000  5403838.000  0.899
  543464.800  5403838.000  0.878
  543561.400  5403838.000  0.922
  543585.300  5403838.000  0.819
  543604.900  5403838.000  0.954
  543616.300  5403838.000  0.764
  543659.200  5403838.000  0.867
  543730.000  5403838.000  0.765
  543809.500  5403838.000  0.782
  543410.800  5403839.000  0.875
  543502.400  5403839.000  0.892
  543524.800  5403839.000  0.818
  543597.100  5403839.000  0.850
  543777.400  5403839.000  0.763
  543801.800  5403839.000  0.766
  543861.300  5403839.000  0.667
  543875.800  5403839.000  0.709
  543571.300  5403840.000  0.886
  543628.200  5403840.000  0.867
  543765.400  5403840.000  0.734
  543789.300  5403840.000  0.724
  543839.700  5403840.000  0.772
  543890.300  5403840.000  0.782
  543422.400  5403841.000  0.852
  543476.800  5403841.000  0.905
  543642.200  5403841.000  0.853
  543692.900  5403841.000  0.859
  543437.100  5403842.000  1.066
  543463.200  5403842.000  1.058
  543554.700  5403842.000  0.942
  543583.600  5403842.000  0.796
  543616.300  5403842.000  0.822
  543646.800  5403842.000  0.857
  543701.600  5403842.000  0.897
  543745.800  5403842.000  0.743
  543760.600  5403842.000  0.799
  543822.600  5403842.000  0.772
  543852.900  5403842.000  0.725
  543487.900  5403843.000  0.881
  543659.300  5403843.000  0.752
  543680.600  5403843.000  0.850
  543730.900  5403843.000  0.829
  543777.700  5403843.000  0.820
  543830.300  5403843.000  0.755
  543861.600  5403843.000  0.669
  543394.300  5403844.000  0.843
  543453.800  5403844.000  0.935
  543498.400  5403844.000  0.830
  543537.500  5403844.000  0.858
  543802.100  5403844.000  0.814
  543810.100  5403844.000  0.821
  543840.000  5403844.000  0.804
  543424.600  5403845.000  0.778
  543516.800  5403845.000  0.705
  543561.000  5403845.000  0.856
  543597.300  5403845.000  0.821
  543605.300  5403845.000  0.824
  543876.100  5403845.000  0.789
  543890.200  5403845.000  0.736
  543410.100  5403846.000  0.909
  543465.000  5403846.000  0.928
  543570.900  5403846.000  0.966
  543585.500  5403846.000  0.804
  543627.800  5403846.000  0.875
  543760.900  5403846.000  0.836
  543766.100  5403846.000  0.763
  543382.100  5403847.000  0.883
  543502.400  5403847.000  0.857
  543524.400  5403847.000  0.875
  543616.200  5403847.000  0.839
  543641.900  5403847.000  0.849
  543646.800  5403847.000  0.869
  543659.300  5403847.000  0.766
  543691.900  5403847.000  0.817
  543731.600  5403847.000  0.771
  543746.300  5403847.000  0.827
  543789.900  5403847.000  0.798
  543822.900  5403847.000  0.761
  543861.800  5403847.000  0.773
  543477.100  5403848.000  0.941
  543554.300  5403848.000  0.922
  543583.100  5403848.000  0.819
  543700.800  5403848.000  0.820
  543778.300  5403848.000  0.733
  543802.400  5403848.000  0.755
  543853.300  5403848.000  0.763
  543436.600  5403849.000  0.874
  543462.400  5403849.000  0.756
  543679.900  5403849.000  0.830
  543840.400  5403849.000  0.773
  543422.000  5403850.000  0.890
  543810.800  5403850.000  0.820
  543830.800  5403850.000  0.812
  543876.100  5403850.000  0.781
  543393.800  5403851.000  0.932
  543423.900  5403851.000  0.772
  543487.800  5403851.000  0.889
  543560.600  5403851.000  0.855
  543597.400  5403851.000  0.935
  543627.400  5403851.000  0.925
  543761.100  5403851.000  0.840
  543823.300  5403851.000  0.751
  543862.300  5403851.000  0.901
  543890.100  5403851.000  0.815
  543498.600  5403852.000  0.885
  543516.900  5403852.000  0.853
  543537.600  5403852.000  0.839
  543570.300  5403852.000  0.840
  543616.200  5403852.000  0.837
  543641.800  5403852.000  0.882
  543646.900  5403852.000  0.823
  543659.300  5403852.000  0.883
  543732.300  5403852.000  0.882
  543746.800  5403852.000  0.763
  543766.600  5403852.000  0.819
  543778.700  5403852.000  0.761
  543409.400  5403853.000  0.906
  543453.100  5403853.000  0.929
  543585.700  5403853.000  0.877
  543605.500  5403853.000  0.900
  543691.100  5403853.000  0.892
  543802.700  5403853.000  0.784
  543840.600  5403853.000  0.829
  543465.200  5403854.000  0.945
  543477.200  5403854.000  0.928
  543582.700  5403854.000  0.950
  543699.900  5403854.000  0.946
  543862.500  5403854.000  0.850
  543381.600  5403855.000  0.799
  543435.900  5403855.000  0.933
  543502.300  5403855.000  0.861
  543523.900  5403855.000  0.909
  543554.000  5403855.000  0.909
  543790.600  5403855.000  0.800
  543853.800  5403855.000  0.833
  543461.600  5403856.000  0.838
  543627.000  5403856.000  0.879
  543659.400  5403856.000  0.896
  543679.100  5403856.000  0.890
  543747.400  5403856.000  0.859
  543761.400  5403856.000  0.860
  543811.400  5403856.000  0.757
  543823.600  5403856.000  0.796
  543876.300  5403856.000  0.811
  543423.400  5403857.000  0.865
  543560.100  5403857.000  0.923
  543597.400  5403857.000  0.899
  543616.100  5403857.000  0.823
  543733.200  5403857.000  0.794
  543779.200  5403857.000  0.766
  543803.000  5403857.000  0.846
  543889.900  5403857.000  0.810
  543393.300  5403858.000  0.759
  543421.700  5403858.000  0.784
  543487.700  5403858.000  0.930
  543641.600  5403858.000  0.871
  543647.100  5403858.000  0.891
  543767.200  5403858.000  0.764
  543841.100  5403858.000  0.859
  543862.800  5403858.000  0.816
  543408.900  5403859.000  0.809
  543498.600  5403859.000  0.942
  543569.800  5403859.000  1.034
  543690.100  5403859.000  0.907
  543831.400  5403859.000  0.748
  543516.900  5403860.000  0.936
  543537.500  5403860.000  1.053
  543582.100  5403860.000  0.817
  543585.900  5403860.000  0.955
  543605.900  5403860.000  0.899
  543626.500  5403860.000  0.764
  543747.800  5403860.000  0.885
  543435.500  5403861.000  0.765
  543452.500  5403861.000  0.889
  543465.400  5403861.000  0.898
  543477.400  5403861.000  0.936
  543553.700  5403861.000  0.874
  543616.000  5403861.000  0.826
  543699.100  5403861.000  0.834
  543791.200  5403861.000  0.863
  543854.100  5403861.000  0.757
  543863.000  5403861.000  0.821
  543876.600  5403861.000  0.817
  543659.400  5403862.000  0.927
  543734.000  5403862.000  0.814
  543761.800  5403862.000  0.854
  543779.600  5403862.000  0.836
  543803.300  5403862.000  0.839
  543812.100  5403862.000  0.851
  543823.900  5403862.000  0.812
  543381.000  5403863.000  0.788
  543460.900  5403863.000  0.833
  543502.200  5403863.000  0.928
  543523.500  5403863.000  0.891
  543559.800  5403863.000  1.001
  543597.500  5403863.000  0.937
  543641.400  5403863.000  0.868
  543678.500  5403863.000  0.886
  543841.400  5403863.000  0.892
  543422.900  5403864.000  0.707
  543748.300  5403864.000  0.831
  543767.800  5403864.000  0.813
  543889.800  5403864.000  0.763
  543392.800  5403865.000  0.666
  543408.300  5403865.000  0.849
  543421.300  5403865.000  0.727
  543569.000  5403865.000  0.995
  543647.200  5403865.000  0.845
  543863.300  5403865.000  0.866
  543876.600  5403865.000  0.825
  543434.900  5403866.000  0.822
  543487.700  5403866.000  0.987
  543586.100  5403866.000  0.987
  543615.900  5403866.000  0.934
  543626.200  5403866.000  0.830
  543659.400  5403866.000  0.758
  543689.200  5403866.000  0.915
  543734.800  5403866.000  0.837
  543477.400  5403867.000  0.871
  543553.400  5403867.000  0.910
  543581.700  5403867.000  0.844
  543606.100  5403867.000  0.909
  543698.300  5403867.000  0.884
  543762.100  5403867.000  0.945
  543780.100  5403867.000  0.785
  543791.800  5403867.000  0.834
  543803.800  5403867.000  0.855
  543824.400  5403867.000  0.794
  543832.100  5403867.000  0.821
  543841.800  5403867.000  0.891
  543465.600  5403868.000  0.932
  543498.800  5403868.000  1.025
  543516.900  5403868.000  1.065
  543537.600  5403868.000  1.175
  543597.600  5403868.000  0.923
  543677.800  5403868.000  0.867
  543748.700  5403868.000  0.885
  543812.700  5403868.000  0.821
  543854.600  5403868.000  0.873
  543380.600  5403869.000  0.791
  543422.400  5403869.000  0.807
  543451.800  5403869.000  0.905
  543641.300  5403869.000  0.859
  543768.400  5403869.000  0.946
  543863.700  5403869.000  0.824
  543876.800  5403869.000  0.874
  543407.800  5403870.000  0.798
  543460.100  5403870.000  0.865
  543502.100  5403870.000  0.948
  543559.300  5403870.000  0.900
  543625.800  5403870.000  0.869
  543659.500  5403870.000  0.948
  543523.100  5403871.000  0.994
  543568.400  5403871.000  1.007
  543615.800  5403871.000  0.972
  543735.600  5403871.000  0.897
  543749.100  5403871.000  0.932
  543762.300  5403871.000  0.891
  543889.700  5403871.000  0.830
  543392.300  5403872.000  0.751
  543421.000  5403872.000  0.829
  543434.600  5403872.000  0.809
  543487.500  5403872.000  1.027
  543553.100  5403872.000  0.935
  543586.300  5403872.000  0.964
  543647.300  5403872.000  0.936
  543688.200  5403872.000  0.868
  543780.800  5403872.000  0.855
  543804.100  5403872.000  0.869
  543824.600  5403872.000  0.848
  543842.300  5403872.000  0.855
  543876.900  5403872.000  0.890
  543422.100  5403873.000  0.708
  543581.100  5403873.000  0.908
  543677.300  5403873.000  0.914
  543697.600  5403873.000  0.873
  543792.400  5403873.000  0.797
  543854.800  5403873.000  0.839
  543864.000  5403873.000  0.870
  543380.200  5403874.000  0.618
  543465.800  5403874.000  0.938
  543477.600  5403874.000  1.030
  543606.400  5403874.000  0.971
  543625.400  5403874.000  0.949
  543813.300  5403874.000  0.824
  543407.400  5403875.000  0.720
  543451.200  5403875.000  0.918
  543498.800  5403875.000  1.106
  543597.800  5403875.000  0.946
  543641.000  5403875.000  0.943
  543659.600  5403875.000  0.959
  543762.600  5403875.000  0.904
  543769.000  5403875.000  0.790
  543832.800  5403875.000  0.853
  543421.900  5403876.000  0.709
  543434.100  5403876.000  0.747
  543459.300  5403876.000  0.927
  543517.000  5403876.000  0.752
  543615.800  5403876.000  0.926
  543749.600  5403876.000  0.850
  543781.100  5403876.000  0.818
  543855.100  5403876.000  0.841
  543877.000  5403876.000  0.853
  543487.600  5403877.000  0.956
  543586.400  5403877.000  0.998
  543736.700  5403877.000  0.916
  543825.000  5403877.000  0.898
  543842.600  5403877.000  0.861
  543864.300  5403877.000  0.915
  543391.900  5403878.000  0.612
  543420.700  5403878.000  0.599
  543502.000  5403878.000  0.862
  543522.700  5403878.000  1.000
  543537.600  5403878.000  1.035
  543552.800  5403878.000  0.853
  543567.900  5403878.000  0.993
  543625.100  5403878.000  0.999
  543676.600  5403878.000  0.884
  543687.200  5403878.000  0.843
  543696.800  5403878.000  0.927
  543804.500  5403878.000  0.781
  543889.600  5403878.000  0.959
  543379.900  5403879.000  0.434
  543407.100  5403879.000  0.652
  543421.600  5403879.000  0.575
  543465.800  5403879.000  1.021
  543477.800  5403879.000  0.926
  543558.600  5403879.000  0.999
  543647.500  5403879.000  1.022
  543762.800  5403879.000  0.981
  543792.900  5403879.000  0.850
  543433.800  5403880.000  0.609
  543450.800  5403880.000  0.815
  543580.600  5403880.000  0.874
  543606.600  5403880.000  1.024
  543659.700  5403880.000  0.925
  543781.600  5403880.000  0.822
  543813.900  5403880.000  0.886
  543855.200  5403880.000  0.851
  543877.100  5403880.000  0.855
  543458.800  5403881.000  0.798
  543615.700  5403881.000  0.980
  543640.900  5403881.000  1.056
  543750.200  5403881.000  0.834
  543769.600  5403881.000  0.763
  543864.600  5403881.000  0.808
  543420.500  5403882.000  0.464
  543421.400  5403882.000  0.465
  543487.400  5403882.000  0.927
  543552.600  5403882.000  0.932
  543833.300  5403882.000  0.908
  543379.600  5403883.000  0.162
  543391.600  5403883.000  0.143
  543421.300  5403883.000  0.470
  543433.400  5403883.000  0.630
  543465.900  5403883.000  0.863
  543498.900  5403883.000  0.907
  543501.900  5403883.000  0.890
  543567.300  5403883.000  0.869
  543586.500  5403883.000  0.900
  543624.800  5403883.000  0.934
  543676.300  5403883.000  0.968
  543737.600  5403883.000  0.906
  543763.000  5403883.000  0.955
  543825.400  5403883.000  0.900
  543843.000  5403883.000  0.868
  543855.400  5403883.000  0.893
  543450.400  5403884.000  0.701
  543477.800  5403884.000  0.876
  543522.300  5403884.000  0.803
  543597.900  5403884.000  0.961
  543696.100  5403884.000  0.969
  543781.900  5403884.000  0.821
  543804.800  5403884.000  0.806
  543406.400  5403885.000  0.246
  543420.400  5403885.000  0.277
  543647.500  5403885.000  0.977
  543659.700  5403885.000  0.942
  543686.200  5403885.000  1.055
  543750.700  5403885.000  0.841
  543793.500  5403885.000  0.902
  543877.300  5403885.000  0.900
  543889.400  5403885.000  0.946
  543379.400  5403886.000  0.315
  543466.000  5403886.000  0.707
  543516.900  5403886.000  0.925
  543537.600  5403886.000  0.810
  543552.400  5403886.000  0.885
  543580.000  5403886.000  0.931
  543606.800  5403886.000  0.939
  543615.700  5403886.000  0.907
  543814.500  5403886.000  0.874
  543864.900  5403886.000  0.813
  543420.300  5403887.000  0.255
  543458.100  5403887.000  0.680
  543477.900  5403887.000  0.732
  543487.400  5403887.000  0.724
  543675.800  5403887.000  0.898
  543770.300  5403887.000  0.771
  543501.900  5403888.000  0.665
  543586.700  5403888.000  0.923
  543624.400  5403888.000  0.931
  543640.600  5403888.000  0.909
  543738.500  5403888.000  0.946
  543763.400  5403888.000  0.840
  543825.800  5403888.000  0.892
  543855.800  5403888.000  0.833
  543391.100  5403889.000  0.194
  543466.100  5403889.000  0.719
  543557.900  5403889.000  0.907
  543566.800  5403889.000  0.902
  543695.400  5403889.000  0.966
  543782.400  5403889.000  0.948
  543833.900  5403889.000  0.944
  543843.400  5403889.000  0.832
  543877.400  5403889.000  0.950
  543478.000  5403890.000  0.634
  543487.400  5403890.000  0.463
  543521.900  5403890.000  0.687
  543751.200  5403890.000  0.867
  543805.300  5403890.000  0.845
  543865.300  5403890.000  0.866
  543499.000  5403891.000  0.430
  543501.800  5403891.000  0.426
  543552.100  5403891.000  0.934
  543607.000  5403891.000  0.946
  543615.600  5403891.000  0.964
  543647.700  5403891.000  0.931
  543659.700  5403891.000  1.014
  543675.300  5403891.000  0.999
  543794.100  5403891.000  0.864
  543889.300  5403891.000  0.943
  543598.000  5403892.000  0.960
  543624.000  5403892.000  0.941
  543685.200  5403892.000  1.017
  543815.200  5403892.000  0.926
  543856.000  5403892.000  0.749
  543877.600  5403892.000  0.764
  543378.800  5403893.000  0.000
  543579.600  5403893.000  0.912
  543586.900  5403893.000  0.900
  543640.400  5403893.000  0.937
  543694.800  5403893.000  0.832
  543770.800  5403893.000  0.889
  543516.900  5403894.000  0.159
  543537.700  5403894.000  0.927
  543566.400  5403894.000  0.932
  543763.800  5403894.000  0.852
  543782.900  5403894.000  0.854
  543826.200  5403894.000  0.892
  543843.800  5403894.000  0.836
  543457.300  5403895.000  0.000
  543607.200  5403895.000  0.989
  543615.600  5403895.000  0.973
  543674.800  5403895.000  0.990
  543739.500  5403895.000  0.975
  543751.800  5403895.000  0.867
  543805.600  5403895.000  0.778
  543390.600  5403896.000  0.000
  543501.800  5403896.000  0.244
  543521.800  5403896.000  0.430
  543551.900  5403896.000  0.759
  543647.700  5403896.000  0.883
  543834.400  5403896.000  0.962
  543865.600  5403896.000  0.862
  543877.600  5403896.000  0.957
  543499.100  5403897.000  0.143
  543586.900  5403897.000  0.805
  543623.600  5403897.000  0.872
  543659.800  5403897.000  0.900
  543694.100  5403897.000  0.849
  543815.700  5403897.000  0.839
  543856.300  5403897.000  0.979
  543889.200  5403897.000  0.942
  543419.600  5403898.000  0.000
  543419.900  5403898.000  0.000
  543449.300  5403898.000  0.000
  543466.200  5403898.000  0.000
  543557.400  5403898.000  0.787
  543565.800  5403898.000  0.807
  543598.100  5403898.000  0.763
  543615.400  5403898.000  0.966
  543684.100  5403898.000  0.880
  543771.400  5403898.000  0.878
  543794.800  5403898.000  0.925
  543405.200  5403899.000  0.000
  543432.100  5403899.000  0.000
  543607.400  5403899.000  0.944
  543674.400  5403899.000  0.963
  543826.600  5403899.000  0.930
  543579.100  5403900.000  0.862
  543640.200  5403900.000  0.870
  543752.400  5403900.000  0.842
  543764.100  5403900.000  0.946
  543783.500  5403900.000  0.899
  543844.200  5403900.000  0.780
  543877.800  5403900.000  0.964
  543516.900  5403901.000  0.318
  543521.500  5403901.000  0.383
  543537.800  5403901.000  0.411
  543551.700  5403901.000  0.666
  543587.000  5403901.000  0.857
  543647.900  5403901.000  0.924
  543806.000  5403901.000  0.843
  543866.000  5403901.000  0.988
  543487.300  5403902.000  0.000
  543501.800  5403902.000  0.273
  543623.300  5403902.000  0.921
  543674.100  5403902.000  0.950
  543693.600  5403902.000  0.934
  543740.700  5403902.000  0.768
  543565.500  5403903.000  0.711
  543598.100  5403903.000  0.774
  543607.500  5403903.000  0.874
  543615.400  5403903.000  0.912
  543659.900  5403903.000  0.871
  543816.300  5403903.000  0.818
  543835.000  5403903.000  0.892
  543856.700  5403903.000  0.958
  543889.100  5403903.000  0.793
  543478.300  5403904.000  0.000
  543499.100  5403904.000  0.090
  543551.400  5403904.000  0.406
  543557.000  5403904.000  0.691
  543673.800  5403904.000  1.003
  543771.900  5403904.000  0.936
  543795.300  5403904.000  0.809
  543826.900  5403904.000  0.854
  543878.000  5403904.000  0.911
  543578.500  5403905.000  0.747
  543587.100  5403905.000  0.673
  543622.900  5403905.000  0.841
  543683.200  5403905.000  0.964
  543753.000  5403905.000  0.901
  543764.300  5403905.000  0.887
  543521.200  5403906.000  0.179
  543647.900  5403906.000  0.915
  543693.100  5403906.000  0.865
  543844.800  5403906.000  0.862
  543866.400  5403906.000  0.994
  543537.700  5403907.000  0.238
  543565.000  5403907.000  0.439
  543607.700  5403907.000  0.841
  543615.400  5403907.000  0.999
  543639.900  5403907.000  0.673
  543784.100  5403907.000  0.838
  543878.100  5403907.000  0.981
  543551.200  5403908.000  0.316
  543587.300  5403908.000  0.687
  543673.500  5403908.000  0.981
  543741.800  5403908.000  0.900
  543806.500  5403908.000  0.868
  543816.900  5403908.000  0.883
  543857.100  5403908.000  0.930
  543888.900  5403908.000  0.919
  543499.300  5403909.000  0.000
  543517.000  5403909.000  0.269
  543556.600  5403909.000  0.347
  543598.300  5403909.000  0.690
  543622.700  5403909.000  0.784
  543647.900  5403909.000  0.824
  543659.900  5403909.000  0.817
  543578.200  5403910.000  0.516
  543607.700  5403910.000  0.817
  543692.600  5403910.000  0.944
  543764.600  5403910.000  0.793
  543772.600  5403910.000  0.912
  543795.900  5403910.000  0.873
  543827.400  5403910.000  0.927
  543835.500  5403910.000  0.884
  543520.900  5403911.000  0.266
  543551.100  5403911.000  0.133
  543564.700  5403911.000  0.276
  543673.100  5403911.000  1.015
  543682.300  5403911.000  0.930
  543753.600  5403911.000  0.808
  543866.800  5403911.000  0.842
  543878.200  5403911.000  0.915
  543501.600  5403912.000  0.000
  543587.400  5403912.000  0.562
  543598.300  5403912.000  0.671
  543615.300  5403912.000  0.890
  543622.300  5403912.000  0.834
  543845.100  5403912.000  0.947
  543607.900  5403913.000  0.648
  543639.800  5403913.000  0.806
  543648.100  5403913.000  0.840
  543692.000  5403913.000  0.918
  543784.700  5403913.000  0.886
  543817.400  5403913.000  0.908
  543857.400  5403913.000  0.882
  543517.000  5403914.000  0.104
  543537.700  5403914.000  0.207
  543556.300  5403914.000  0.154
  543577.900  5403914.000  0.412
  543672.700  5403914.000  0.947
  543742.900  5403914.000  0.929
  543806.900  5403914.000  0.905
  543550.900  5403915.000  0.198
  543660.100  5403915.000  0.893
  543773.200  5403915.000  0.823
  543796.300  5403915.000  0.879
  543867.100  5403915.000  0.853
  543878.400  5403915.000  0.920
  543888.900  5403915.000  0.905
  543564.100  5403916.000  0.106
  543577.600  5403916.000  0.272
  543598.400  5403916.000  0.518
  543622.100  5403916.000  0.461
  543681.400  5403916.000  0.909
  543764.900  5403916.000  0.892
  543827.700  5403916.000  0.880
  543836.000  5403916.000  0.874
  543587.500  5403917.000  0.315
  543608.100  5403917.000  0.678
  543639.600  5403917.000  0.669
  543648.100  5403917.000  0.868
  543691.500  5403917.000  0.826
  543754.300  5403917.000  0.920
  543520.400  5403918.000  0.000
  543598.400  5403918.000  0.374
  543672.400  5403918.000  0.853
  543817.900  5403918.000  0.961
  543845.600  5403918.000  0.868
  543857.600  5403918.000  0.943
  543878.400  5403918.000  1.008
  543517.100  5403919.000  0.000
  543537.800  5403919.000  0.424
  543577.500  5403919.000  0.338
  543615.300  5403919.000  0.614
  543621.800  5403919.000  0.550
  543785.400  5403919.000  0.882
  543807.300  5403919.000  0.996
  543555.900  5403920.000  0.143
  543608.200  5403920.000  0.259
  543639.400  5403920.000  0.435
  543648.100  5403920.000  0.727
  543660.000  5403920.000  0.825
  543672.100  5403920.000  0.686
  543691.100  5403920.000  0.875
  543773.600  5403920.000  0.873
  543796.800  5403920.000  0.970
  543867.400  5403920.000  0.850
  543888.700  5403920.000  0.934
  543563.700  5403921.000  0.000
  543587.600  5403921.000  0.000
  543744.100  5403921.000  0.716
  543828.100  5403921.000  0.875
  543836.400  5403921.000  0.941
  543537.800  5403922.000  0.000
  543598.400  5403922.000  0.000
  543639.400  5403922.000  0.636
  543680.600  5403922.000  0.815
  543878.600  5403922.000  1.012
  543550.500  5403923.000  0.000
  543577.200  5403923.000  0.000
  543608.300  5403923.000  0.193
  543648.300  5403923.000  0.549
  543660.100  5403923.000  0.664
  543671.700  5403923.000  0.767
  543690.800  5403923.000  0.719
  543755.000  5403923.000  0.977
  543765.400  5403923.000  0.839
  543818.400  5403923.000  0.913
  543857.900  5403923.000  0.887
  543615.100  5403924.000  0.315
  543774.100  5403924.000  0.888
  543797.100  5403924.000  0.961
  543846.100  5403924.000  0.902
  543690.400  5403925.000  0.781
  543807.600  5403925.000  0.832
  543867.900  5403925.000  0.884
  543878.600  5403925.000  1.047
  543555.500  5403926.000  0.000
  543660.100  5403926.000  0.605
  543671.500  5403926.000  0.740
  543786.100  5403926.000  0.903
  543836.800  5403926.000  0.928
  543615.100  5403927.000  0.112
  543639.300  5403927.000  0.000
  543660.100  5403927.000  0.580
  543680.100  5403927.000  0.676
  543755.500  5403927.000  0.818
  543818.800  5403927.000  0.920
  543828.400  5403927.000  0.858
  543858.300  5403927.000  0.868
  543888.700  5403927.000  0.933
  543648.300  5403928.000  0.000
  543671.200  5403928.000  0.543
  543690.100  5403928.000  0.708
  543745.100  5403928.000  0.670
  543797.600  5403928.000  0.920
  543878.700  5403928.000  0.957
  543765.800  5403929.000  0.712
  543774.600  5403929.000  0.846
  543837.000  5403929.000  0.804
  543608.600  5403930.000  0.000
  543679.500  5403930.000  0.538
  543868.300  5403930.000  0.829
  543620.900  5403931.000  0.000
  543755.900  5403931.000  0.682
  543797.900  5403931.000  0.829
  543819.300  5403931.000  0.863
  543858.400  5403931.000  0.874
  543878.900  5403931.000  0.870
  543660.200  5403932.000  0.000
  543679.100  5403932.000  0.639
  543774.900  5403932.000  0.848
  543808.100  5403932.000  0.814
  543837.300  5403932.000  0.905
  543846.600  5403932.000  0.708
  543615.100  5403933.000  0.000
  543670.600  5403933.000  0.000
  543745.900  5403933.000  0.517
  543786.800  5403933.000  0.671
  543828.900  5403933.000  0.754
  543888.600  5403933.000  0.839
  543756.300  5403934.000  0.567
  543819.600  5403934.000  0.919
  543837.400  5403934.000  0.781
  543858.600  5403934.000  0.765
  543879.000  5403934.000  0.768
  543766.100  5403935.000  0.497
  543798.300  5403935.000  0.652
  543689.100  5403936.000  0.000
  543775.300  5403936.000  0.634
  543868.800  5403936.000  0.689
  543678.500  5403937.000  0.000
  543746.600  5403937.000  0.515
  543756.600  5403937.000  0.486
  543819.900  5403937.000  0.754
  543837.600  5403937.000  0.760
  543858.800  5403937.000  0.748
  543879.000  5403937.000  0.685
  543888.400  5403937.000  0.720
  543808.600  5403938.000  0.700
  543847.100  5403938.000  0.738
  543766.300  5403939.000  0.446
  543775.700  5403939.000  0.633
  543787.300  5403939.000  0.549
  543837.800  5403939.000  0.662
  543756.900  5403940.000  0.509
  543798.800  5403940.000  0.603
  543829.400  5403940.000  0.814
  543859.100  5403940.000  0.576
  543879.100  5403940.000  0.565
  543747.300  5403941.000  0.327
  543820.300  5403941.000  0.540
  543888.400  5403941.000  0.687
  543757.200  5403942.000  0.433
  543766.500  5403942.000  0.303
  543775.900  5403942.000  0.580
  543838.100  5403942.000  0.567
  543869.200  5403942.000  0.565
  543799.000  5403943.000  0.479
  543808.900  5403943.000  0.647
  543879.300  5403943.000  0.482
  543747.800  5403944.000  0.242
  543847.600  5403944.000  0.536
  543888.300  5403944.000  0.714
  543757.600  5403945.000  0.293
  543766.800  5403945.000  0.231
  543776.200  5403945.000  0.441
  543788.000  5403945.000  0.606
  543820.600  5403945.000  0.416
  543829.800  5403945.000  0.668
  543838.300  5403945.000  0.531
  543859.300  5403945.000  0.472
  543748.100  5403946.000  0.241
  543799.300  5403946.000  0.503
  543809.200  5403947.000  0.502
  543869.600  5403947.000  0.592
  543766.800  5403948.000  0.220
  543776.600  5403948.000  0.360
  543820.900  5403948.000  0.602
  543847.900  5403948.000  0.445
  543879.400  5403948.000  0.623
  543788.400  5403949.000  0.442
  543829.900  5403949.000  0.459
  543838.600  5403949.000  0.547
  543859.600  5403949.000  0.436
  543767.000  5403950.000  0.099
  543767.100  5403950.000  0.157
  543799.700  5403950.000  0.359
  543809.400  5403950.000  0.480
  543821.200  5403950.000  0.508
  543749.100  5403952.000  0.000
  543758.400  5403952.000  0.000
  543809.500  5403952.000  0.474
  543821.300  5403952.000  0.444
  543830.200  5403952.000  0.535
  543838.800  5403952.000  0.385
  543848.300  5403952.000  0.293
  543788.800  5403953.000  0.205
  543859.800  5403953.000  0.451
  543870.100  5403953.000  0.270
  543888.100  5403953.000  0.000
  543809.700  5403954.000  0.506
  543767.300  5403955.000  0.000
  543789.100  5403955.000  0.143
  543800.100  5403955.000  0.000
  543848.400  5403955.000  0.059
  543879.600  5403955.000  0.000
  543821.800  5403957.000  0.000
  543830.400  5403957.000  0.000
  543860.000  5403957.000  0.000
  543777.600  5403958.000  0.000
  543839.300  5403958.000  0.000
  543848.600  5403958.000  0.000
  543870.400  5403958.000  0.000
  543789.400  5403959.000  0.000
  543810.000  5403959.000  0.000
