  543392.400  5403700.000   0.000
  543404.000  5403705.000   0.000
  543392.100  5403706.000   3.170
  543403.700  5403709.000   3.170
  543391.700  5403710.000   3.970
  543422.600  5403711.000   0.000
  543403.600  5403713.000   3.620
  543428.600  5403713.000   0.000
  543391.400  5403714.000   4.150
  543435.600  5403714.000   0.000
  543422.100  5403716.000   3.210
  543447.900  5403718.000   0.000
  543403.000  5403719.000   4.350
  543428.400  5403719.000   3.400
  543391.000  5403720.000   4.480
  543421.700  5403720.000   3.870
  543435.000  5403720.000   3.030
  543461.800  5403722.000   0.000
  543434.800  5403723.000   3.570
  543447.500  5403723.000   2.320
  543402.700  5403724.000   4.590
  543421.400  5403724.000   4.330
  543464.300  5403724.000   0.000
  543390.600  5403725.000   4.940
  543428.100  5403725.000   4.040
  543434.400  5403727.000   4.190
  543447.000  5403727.000   3.020
  543464.000  5403728.000   2.160
  543402.400  5403729.000   4.930
  543420.900  5403729.000   4.650
  543427.900  5403729.000   4.390
  543474.700  5403729.000   0.000
  543463.900  5403730.000   2.300
  543475.800  5403730.000   0.000
  543434.100  5403731.000   4.500
  543446.800  5403731.000   3.840
  543462.000  5403731.000   3.200
  543390.200  5403732.000   5.480
  543402.100  5403733.000   5.250
  543462.000  5403733.000   3.700
  543475.400  5403733.000   2.480
  543427.600  5403734.000   4.730
  543463.500  5403734.000   2.930
  543474.800  5403734.000   2.650
  543489.300  5403734.000   0.000
  543433.800  5403735.000   4.780
  543446.500  5403735.000   4.260
  543475.100  5403735.000   2.750
  543420.300  5403736.000   5.060
  543474.700  5403736.000   3.020
  543462.200  5403737.000   4.160
  543497.300  5403737.000   0.000
  543503.600  5403737.000   0.000
  543389.700  5403738.000   5.750
  543401.800  5403738.000   5.450
  543446.100  5403738.000   4.660
  543463.100  5403738.000   3.960
  543474.800  5403739.000   3.630
  543489.100  5403739.000   3.750
  543427.300  5403740.000   5.010
  543433.400  5403740.000   5.040
  543474.500  5403740.000   3.680
  543516.600  5403740.000   0.000
  543462.200  5403741.000   4.520
  543530.100  5403741.000   0.000
  543445.800  5403742.000   4.900
  543401.300  5403743.000   5.630
  543419.600  5403743.000   5.250
  543462.700  5403743.000   4.550
  543474.900  5403743.000   4.260
  543497.400  5403743.000   3.120
  543503.600  5403743.000   3.370
  543516.600  5403743.000   2.540
  543489.000  5403744.000   4.530
  543537.200  5403744.000   0.000
  543389.300  5403745.000   6.210
  543462.300  5403745.000   4.790
  543427.000  5403746.000   5.260
  543445.400  5403746.000   5.000
  543473.900  5403746.000   4.550
  543474.900  5403746.000   4.580
  543529.800  5403746.000   2.580
  543432.800  5403747.000   5.280
  543497.400  5403747.000   3.670
  543401.000  5403748.000   5.830
  543503.400  5403748.000   4.110
  543529.800  5403748.000   2.750
  543559.400  5403748.000   0.000
  543462.100  5403749.000   4.990
  543516.600  5403749.000   3.420
  543418.900  5403750.000   5.710
  543462.400  5403750.000   5.080
  543475.000  5403750.000   4.850
  543445.000  5403751.000   5.320
  543473.300  5403751.000   4.910
  543497.500  5403751.000   4.350
  543388.800  5403752.000   6.350
  543426.800  5403752.000   5.590
  543489.000  5403752.000   4.950
  543503.500  5403752.000   4.580
  543559.300  5403752.000   2.690
  543579.800  5403752.000   0.000
  543583.000  5403752.000   0.000
  543400.800  5403753.000   6.280
  543432.200  5403753.000   5.500
  543516.600  5403753.000   4.100
  543529.400  5403753.000   3.300
  543567.300  5403753.000   0.000
  543475.100  5403755.000   5.050
  543497.600  5403755.000   4.750
  543537.200  5403755.000   2.170
  543559.100  5403755.000   2.990
  543601.600  5403755.000   0.000
  543444.600  5403756.000   5.450
  543461.600  5403756.000   5.200
  543462.600  5403756.000   5.300
  543503.400  5403756.000   4.860
  543579.500  5403756.000   2.830
  543590.300  5403756.000   0.000
  543595.800  5403756.000   0.000
  543418.300  5403757.000   6.220
  543426.400  5403757.000   5.990
  543472.800  5403757.000   5.070
  543400.300  5403758.000   6.460
  543488.800  5403758.000   5.150
  543516.600  5403758.000   4.690
  543529.100  5403758.000   4.180
  543537.200  5403758.000   2.810
  543559.000  5403758.000   3.430
  543583.200  5403758.000   3.010
  543388.300  5403759.000   6.560
  543497.600  5403759.000   4.940
  543579.100  5403759.000   3.010
  543431.600  5403760.000   5.980
  543444.200  5403760.000   5.720
  543601.800  5403760.000   2.410
  543634.800  5403760.000   0.000
  543475.300  5403761.000   5.320
  543503.400  5403761.000   5.090
  543537.200  5403761.000   3.160
  543583.300  5403761.000   3.050
  543590.100  5403761.000   2.580
  543595.900  5403761.000   2.980
  543461.000  5403762.000   5.580
  543558.700  5403762.000   4.100
  543566.600  5403762.000   2.850
  543617.400  5403762.000   0.000
  543645.400  5403762.000   0.000
  543400.100  5403763.000   6.470
  543426.300  5403763.000   6.150
  543462.800  5403763.000   5.570
  543471.900  5403763.000   5.330
  543497.700  5403763.000   5.030
  543578.800  5403763.000   3.420
  543516.600  5403764.000   4.930
  543528.900  5403764.000   4.650
  543583.400  5403764.000   3.570
  543589.800  5403764.000   2.970
  543596.000  5403764.000   3.040
  543634.500  5403764.000   2.140
  543658.400  5403764.000   0.000
  543417.600  5403765.000   6.440
  543537.300  5403765.000   3.610
  543601.900  5403765.000   3.010
  543644.700  5403765.000   0.000
  543387.800  5403766.000   6.680
  543443.800  5403766.000   6.200
  543475.400  5403766.000   5.420
  543488.900  5403766.000   5.430
  543503.300  5403766.000   5.240
  543558.500  5403767.000   4.540
  543688.900  5403767.000   0.000
  543399.800  5403768.000   6.670
  543431.000  5403768.000   6.180
  543460.400  5403768.000   5.760
  543497.600  5403768.000   5.360
  543537.200  5403768.000   4.240
  543566.200  5403768.000   3.250
  543578.300  5403768.000   4.120
  543583.500  5403768.000   4.160
  543589.400  5403768.000   3.300
  543602.100  5403768.000   3.030
  543645.400  5403768.000   2.610
  543426.000  5403769.000   6.520
  543462.900  5403769.000   6.030
  543528.600  5403769.000   4.970
  543596.000  5403769.000   3.560
  543634.100  5403769.000   2.980
  543658.400  5403769.000   2.210
  543471.100  5403770.000   5.870
  543516.700  5403770.000   5.200
  543443.300  5403771.000   6.290
  543602.300  5403771.000   3.400
  543617.300  5403771.000   3.000
  543644.600  5403771.000   2.920
  543658.400  5403771.000   2.620
  543711.200  5403771.000   0.000
  543399.300  5403772.000   6.880
  543416.900  5403772.000   6.710
  543475.500  5403772.000   5.770
  543558.300  5403772.000   4.750
  543565.800  5403772.000   3.940
  543583.600  5403772.000   4.550
  543589.200  5403772.000   4.000
  543596.100  5403772.000   4.090
  543645.500  5403772.000   2.910
  543688.500  5403772.000   2.080
  543703.100  5403772.000   0.000
  543503.200  5403773.000   5.660
  543537.200  5403773.000   4.670
  543577.800  5403773.000   4.540
  543633.800  5403773.000   3.050
  543658.500  5403773.000   2.930
  543387.200  5403774.000   7.070
  543488.700  5403774.000   5.840
  543497.700  5403774.000   5.560
  543602.300  5403774.000   4.080
  543644.500  5403774.000   3.000
  543719.300  5403774.000   0.000
  543802.800  5403774.000   0.000
  543425.600  5403775.000   6.860
  543430.500  5403775.000   6.580
  543459.900  5403775.000   6.150
  543528.300  5403775.000   5.220
  543617.300  5403775.000   2.980
  543688.200  5403775.000   2.830
  543710.800  5403775.000   2.420
  543737.900  5403775.000   0.000
  543758.700  5403775.000   0.000
  543783.000  5403775.000   0.000
  543463.100  5403776.000   6.220
  543516.700  5403776.000   5.530
  543588.800  5403776.000   4.480
  543596.100  5403776.000   4.460
  543645.600  5403776.000   2.940
  543658.500  5403776.000   3.120
  543756.800  5403776.000   0.000
  543771.000  5403776.000   0.000
  543398.900  5403777.000   7.210
  543442.800  5403777.000   6.500
  543537.300  5403777.000   4.890
  543558.000  5403777.000   4.980
  543565.600  5403777.000   4.490
  543583.700  5403777.000   4.760
  543617.200  5403777.000   3.100
  543633.400  5403777.000   3.680
  543644.400  5403777.000   3.010
  543688.000  5403777.000   3.000
  543797.600  5403777.000   0.000
  543818.100  5403777.000   0.000
  543470.400  5403778.000   6.230
  543475.600  5403778.000   6.030
  543577.400  5403778.000   4.770
  543602.500  5403778.000   4.420
  543710.300  5403778.000   2.750
  543825.100  5403778.000   0.000
  543497.800  5403779.000   5.980
  543596.200  5403779.000   4.640
  543658.500  5403779.000   2.970
  543701.900  5403779.000   2.930
  543720.200  5403779.000   2.380
  543416.200  5403780.000   7.070
  543503.100  5403780.000   6.110
  543617.300  5403780.000   3.630
  543644.200  5403780.000   3.380
  543756.900  5403780.000   1.920
  543849.100  5403780.000   0.000
  543386.600  5403781.000   7.720
  543425.300  5403781.000   7.100
  543527.900  5403781.000   5.540
  543645.700  5403781.000   3.680
  543687.400  5403781.000   3.070
  543701.700  5403781.000   3.030
  543709.800  5403781.000   2.930
  543720.500  5403781.000   2.760
  543803.600  5403781.000   2.040
  543835.400  5403781.000   0.000
  543429.800  5403782.000   7.210
  543442.400  5403782.000   7.030
  543459.300  5403782.000   6.680
  543463.300  5403782.000   6.550
  543488.600  5403782.000   6.000
  543516.700  5403782.000   5.790
  543537.300  5403782.000   5.040
  543557.800  5403782.000   5.120
  543565.200  5403782.000   4.820
  543588.400  5403782.000   4.830
  543602.700  5403782.000   4.670
  543617.200  5403782.000   4.010
  543632.900  5403782.000   4.310
  543783.700  5403782.000   2.740
  543803.800  5403782.000   2.110
  543856.900  5403782.000   0.000
  543398.500  5403783.000   7.770
  543576.800  5403783.000   5.020
  543583.900  5403783.000   5.000
  543596.200  5403783.000   4.860
  543644.100  5403783.000   4.020
  543658.500  5403783.000   3.170
  543720.900  5403783.000   3.030
  543739.000  5403783.000   2.720
  543757.100  5403783.000   2.590
  543803.900  5403783.000   2.070
  543818.600  5403783.000   2.410
  543825.500  5403783.000   2.100
  543849.300  5403783.000   2.110
  543701.300  5403784.000   3.130
  543709.400  5403784.000   3.070
  543783.900  5403784.000   3.010
  543798.100  5403784.000   2.100
  543835.600  5403784.000   2.390
  543873.900  5403784.000   0.000
  543475.800  5403785.000   6.470
  543497.900  5403785.000   6.330
  543617.100  5403785.000   4.330
  543645.700  5403785.000   4.340
  543686.900  5403785.000   3.130
  543721.300  5403785.000   3.110
  543739.200  5403785.000   2.970
  543771.900  5403785.000   2.800
  543804.100  5403785.000   2.460
  543891.400  5403785.000   0.000
  543469.400  5403786.000   6.860
  543527.600  5403786.000   5.870
  543602.800  5403786.000   4.930
  543644.000  5403786.000   4.400
  543658.600  5403786.000   3.970
  543757.300  5403786.000   3.040
  543798.300  5403786.000   2.690
  543818.800  5403786.000   2.900
  543825.800  5403786.000   2.680
  543415.500  5403787.000   7.900
  543425.100  5403787.000   7.690
  543503.100  5403787.000   6.580
  543557.600  5403787.000   5.360
  543564.900  5403787.000   5.000
  543588.000  5403787.000   4.970
  543596.300  5403787.000   5.010
  543617.000  5403787.000   4.510
  543632.600  5403787.000   4.690
  543700.800  5403787.000   3.080
  543709.000  5403787.000   3.080
  543804.300  5403787.000   2.910
  543849.600  5403787.000   2.410
  543874.100  5403787.000   3.000
  543891.300  5403787.000   2.830
  543398.200  5403788.000   8.390
  543441.800  5403788.000   7.590
  543516.600  5403788.000   6.000
  543537.300  5403788.000   5.340
  543739.500  5403788.000   3.140
  543772.100  5403788.000   3.050
  543784.300  5403788.000   3.170
  543835.800  5403788.000   3.050
  543857.500  5403788.000   2.940
  543429.300  5403789.000   7.920
  543458.800  5403789.000   7.090
  543463.500  5403789.000   6.990
  543576.300  5403789.000   5.290
  543584.000  5403789.000   5.270
  543644.000  5403789.000   4.640
  543645.900  5403789.000   4.590
  543658.600  5403789.000   4.500
  543721.800  5403789.000   3.200
  543798.400  5403789.000   3.100
  543819.100  5403789.000   3.080
  543825.900  5403789.000   3.050
  543386.100  5403790.000   8.820
  543617.000  5403790.000   4.630
  543757.600  5403790.000   3.180
  543760.300  5403790.000   3.110
  543804.600  5403790.000   3.120
  543874.200  5403790.000   3.150
  543475.900  5403791.000   7.160
  543488.600  5403791.000   6.780
  543497.900  5403791.000   6.830
  543596.400  5403791.000   5.340
  543603.100  5403791.000   5.150
  543686.400  5403791.000   3.870
  543700.400  5403791.000   3.120
  543708.400  5403791.000   3.190
  543772.400  5403791.000   3.170
  543891.100  5403791.000   3.250
  543468.800  5403792.000   7.190
  543527.300  5403792.000   6.110
  543564.500  5403792.000   5.220
  543643.800  5403792.000   4.790
  543658.700  5403792.000   4.620
  543722.400  5403792.000   3.060
  543798.600  5403792.000   3.220
  543819.300  5403792.000   3.250
  543836.100  5403792.000   3.300
  543849.900  5403792.000   3.140
  543857.700  5403792.000   3.250
  543537.300  5403793.000   5.600
  543557.200  5403793.000   5.720
  543587.600  5403793.000   5.320
  543617.100  5403793.000   4.850
  543632.300  5403793.000   4.890
  543740.100  5403793.000   3.250
  543772.700  5403793.000   3.260
  543784.800  5403793.000   3.190
  543804.900  5403793.000   3.240
  543826.300  5403793.000   3.230
  543397.800  5403794.000   9.160
  543414.900  5403794.000   8.500
  543424.600  5403794.000   8.510
  543441.300  5403794.000   8.150
  543502.900  5403794.000   7.280
  543575.800  5403794.000   5.570
  543584.200  5403794.000   5.540
  543645.900  5403794.000   4.740
  543699.800  5403794.000   3.610
  543757.800  5403794.000   3.150
  543760.700  5403794.000   3.170
  543516.800  5403795.000   6.700
  543596.400  5403795.000   5.410
  543616.900  5403795.000   4.970
  543658.800  5403795.000   4.720
  543722.900  5403795.000   3.180
  543819.400  5403795.000   3.180
  543836.400  5403795.000   3.350
  543850.100  5403795.000   3.380
  543874.400  5403795.000   3.370
  543428.600  5403796.000   8.680
  543458.200  5403796.000   7.610
  543643.800  5403796.000   4.920
  543685.800  5403796.000   4.510
  543707.800  5403796.000   4.020
  543798.900  5403796.000   3.230
  543858.000  5403796.000   3.340
  543891.100  5403796.000   3.360
  543463.700  5403797.000   7.600
  543498.100  5403797.000   7.350
  543603.300  5403797.000   5.360
  543631.800  5403797.000   5.080
  543761.000  5403797.000   3.170
  543773.000  5403797.000   3.200
  543385.600  5403798.000  10.090
  543476.000  5403798.000   7.660
  543526.900  5403798.000   6.370
  543564.100  5403798.000   5.640
  543587.100  5403798.000   5.580
  543616.900  5403798.000   5.070
  543658.700  5403798.000   4.870
  543699.100  5403798.000   4.290
  543723.300  5403798.000   3.520
  543758.000  5403798.000   3.130
  543805.400  5403798.000   3.140
  543836.600  5403798.000   3.300
  543468.000  5403799.000   7.900
  543488.400  5403799.000   7.470
  543537.400  5403799.000   5.770
  543556.900  5403799.000   6.070
  543596.500  5403799.000   5.710
  543646.000  5403799.000   5.040
  543740.800  5403799.000   3.200
  543785.300  5403799.000   3.410
  543819.600  5403799.000   3.210
  543858.300  5403799.000   3.350
  543397.400  5403800.000  10.000
  543414.300  5403800.000   9.350
  543440.700  5403800.000   8.950
  543502.900  5403800.000   7.730
  543575.200  5403800.000   5.890
  543584.300  5403800.000   5.930
  543616.900  5403800.000   5.180
  543773.400  5403800.000   3.180
  543799.100  5403800.000   3.190
  543850.400  5403800.000   3.370
  543891.100  5403800.000   3.460
  543424.300  5403801.000   9.500
  543516.800  5403801.000   7.470
  543643.600  5403801.000   5.110
  543685.300  5403801.000   4.820
  543707.100  5403801.000   4.620
  543723.800  5403801.000   3.840
  543761.400  5403801.000   3.110
  543826.800  5403801.000   3.240
  543874.600  5403801.000   3.530
  543457.600  5403802.000   8.360
  543658.800  5403802.000   5.040
  543758.300  5403802.000   3.790
  543819.900  5403802.000   3.390
  543836.800  5403802.000   3.460
  543427.900  5403803.000   9.800
  543563.800  5403803.000   5.960
  543596.500  5403803.000   5.940
  543603.500  5403803.000   5.680
  543616.800  5403803.000   5.380
  543631.400  5403803.000   5.250
  543698.600  5403803.000   4.680
  543799.300  5403803.000   3.470
  543805.900  5403803.000   3.610
  543858.500  5403803.000   3.460
  543463.900  5403804.000   8.600
  543498.100  5403804.000   7.880
  543526.700  5403804.000   7.250
  543724.300  5403804.000   4.350
  543773.800  5403804.000   3.770
  543820.000  5403804.000   3.810
  543476.200  5403805.000   8.380
  543556.600  5403805.000   6.520
  543584.400  5403805.000   6.170
  543586.600  5403805.000   6.040
  543643.400  5403805.000   5.430
  543646.100  5403805.000   5.340
  543658.800  5403805.000   5.280
  543741.600  5403805.000   4.070
  543891.000  5403805.000   3.760
  543384.900  5403806.000  11.290
  543397.000  5403806.000  10.920
  543467.200  5403806.000   8.950
  543537.400  5403806.000   6.450
  543574.800  5403806.000   6.290
  543616.900  5403806.000   5.430
  543684.800  5403806.000   5.100
  543758.400  5403806.000   4.170
  543761.900  5403806.000   3.650
  543786.000  5403806.000   4.180
  543837.200  5403806.000   3.910
  543850.700  5403806.000   3.730
  543858.700  5403806.000   3.850
  543874.800  5403806.000   3.980
  543413.800  5403807.000  10.290
  543424.200  5403807.000  10.440
  543440.300  5403807.000   9.760
  543502.800  5403807.000   8.410
  543697.900  5403807.000   4.960
  543706.300  5403807.000   4.980
  543724.800  5403807.000   4.680
  543774.100  5403807.000   4.190
  543799.600  5403807.000   3.990
  543820.300  5403807.000   3.980
  543488.300  5403808.000   8.290
  543563.600  5403808.000   6.180
  543596.600  5403808.000   6.180
  543603.700  5403808.000   6.040
  543630.900  5403808.000   5.590
  543516.800  5403809.000   8.200
  543616.800  5403809.000   5.500
  543646.100  5403809.000   5.610
  543658.900  5403809.000   5.440
  543806.400  5403809.000   4.090
  543827.500  5403809.000   4.030
  543837.400  5403809.000   4.080
  543456.900  5403810.000   9.320
  543498.100  5403810.000   8.590
  543556.200  5403810.000   7.370
  543586.100  5403810.000   6.620
  543643.300  5403810.000   5.690
  543684.200  5403810.000   5.270
  543725.300  5403810.000   4.900
  543774.400  5403810.000   4.430
  543820.500  5403810.000   4.270
  543859.100  5403810.000   4.010
  543890.900  5403810.000   4.050
  543396.600  5403811.000  11.840
  543427.400  5403811.000  10.490
  543526.300  5403811.000   7.960
  543584.600  5403811.000   6.650
  543742.200  5403811.000   4.430
  543758.800  5403811.000   4.600
  543762.400  5403811.000   4.180
  543799.900  5403811.000   4.250
  543476.300  5403812.000   9.430
  543574.100  5403812.000   7.340
  543616.700  5403812.000   5.730
  543658.900  5403812.000   5.670
  543697.300  5403812.000   5.160
  543705.600  5403812.000   5.210
  543851.100  5403812.000   4.160
  543874.900  5403812.000   4.220
  543423.800  5403813.000  11.460
  543439.600  5403813.000  10.820
  543464.100  5403813.000   9.670
  543466.300  5403813.000   9.750
  543537.400  5403813.000   7.210
  543563.100  5403813.000   6.820
  543596.800  5403813.000   7.070
  543725.900  5403813.000   4.950
  543786.600  5403813.000   4.540
  543820.700  5403813.000   4.580
  543837.700  5403813.000   4.490
  543859.300  5403813.000   4.400
  543384.400  5403814.000  12.800
  543413.100  5403814.000  11.540
  543502.700  5403814.000   9.280
  543603.900  5403814.000   6.930
  543646.300  5403814.000   5.840
  543774.800  5403814.000   4.620
  543807.000  5403814.000   4.490
  543890.800  5403814.000   4.440
  543616.700  5403815.000   5.970
  543630.400  5403815.000   6.100
  543643.000  5403815.000   6.000
  543658.900  5403815.000   5.930
  543683.600  5403815.000   5.570
  543759.100  5403815.000   4.910
  543800.100  5403815.000   4.630
  543516.800  5403816.000   9.350
  543584.700  5403816.000   7.570
  543726.300  5403816.000   5.050
  543742.800  5403816.000   4.860
  543762.900  5403816.000   4.640
  543828.100  5403816.000   4.610
  543396.200  5403817.000  12.640
  543488.300  5403817.000   9.420
  543498.200  5403817.000   9.530
  543556.000  5403817.000   8.000
  543585.600  5403817.000   7.730
  543696.400  5403817.000   5.440
  543775.100  5403817.000   4.930
  543820.900  5403817.000   4.880
  543838.000  5403817.000   4.850
  543875.100  5403817.000   4.580
  543426.800  5403818.000  11.750
  543525.900  5403818.000   8.920
  543573.600  5403818.000   8.190
  543596.800  5403818.000   8.000
  543616.600  5403818.000   6.450
  543759.100  5403818.000   5.150
  543851.400  5403818.000   4.740
  543859.700  5403818.000   4.730
  543423.500  5403819.000  12.230
  543456.100  5403819.000  10.720
  543465.600  5403819.000  10.870
  543562.700  5403819.000   7.830
  543642.900  5403819.000   7.030
  543646.400  5403819.000   6.610
  543704.800  5403819.000   5.610
  543726.900  5403819.000   5.280
  543800.400  5403819.000   4.950
  543412.500  5403820.000  12.350
  543476.500  5403820.000  10.380
  543502.600  5403820.000  10.080
  543604.200  5403820.000   7.900
  543630.000  5403820.000   7.220
  543659.000  5403820.000   6.650
  543683.200  5403820.000   5.870
  543743.200  5403820.000   5.050
  543787.300  5403820.000   5.020
  543807.600  5403820.000   4.940
  543821.200  5403820.000   5.140
  543838.300  5403820.000   5.060
  543890.800  5403820.000   4.810
  543438.900  5403821.000  11.810
  543464.300  5403821.000  10.740
  543537.400  5403821.000   8.070
  543616.500  5403821.000   7.170
  543775.500  5403821.000   5.150
  543383.900  5403822.000  13.700
  543555.600  5403822.000   8.690
  543695.500  5403822.000   5.910
  543763.600  5403822.000   5.010
  543860.000  5403822.000   5.250
  543875.200  5403822.000   5.130
  543395.800  5403823.000  13.430
  543498.300  5403823.000  10.580
  543516.800  5403823.000  10.450
  543573.000  5403823.000   9.040
  543584.900  5403823.000   8.340
  543596.900  5403823.000   8.850
  543727.600  5403823.000   5.510
  543743.600  5403823.000   5.340
  543759.500  5403823.000   5.490
  543800.700  5403823.000   5.250
  543828.600  5403823.000   5.190
  543838.400  5403823.000   5.410
  543585.000  5403824.000   8.650
  543642.700  5403824.000   7.940
  543646.400  5403824.000   7.830
  543659.100  5403824.000   7.580
  543775.800  5403824.000   5.500
  543821.400  5403824.000   5.490
  543851.800  5403824.000   5.360
  543426.100  5403825.000  12.660
  543488.200  5403825.000  10.880
  543525.600  5403825.000   9.990
  543604.500  5403825.000   8.690
  543616.600  5403825.000   7.820
  543703.900  5403825.000   6.350
  543890.600  5403825.000   5.380
  543411.800  5403826.000  13.070
  543423.100  5403826.000  13.150
  543502.600  5403826.000  11.100
  543562.300  5403826.000   8.520
  543629.500  5403826.000   8.020
  543682.600  5403826.000   7.020
  543808.200  5403826.000   5.380
  543464.900  5403827.000  11.970
  543659.100  5403827.000   8.150
  543728.300  5403827.000   6.110
  543744.100  5403827.000   5.620
  543788.000  5403827.000   5.570
  543801.000  5403827.000   5.610
  543838.800  5403827.000   5.700
  543860.400  5403827.000   5.720
  543438.300  5403828.000  12.760
  543455.300  5403828.000  12.080
  543476.700  5403828.000  11.700
  543597.000  5403828.000   9.540
  543646.500  5403828.000   8.460
  543694.600  5403828.000   7.280
  543759.800  5403828.000   6.050
  543764.200  5403828.000   5.530
  543776.200  5403828.000   5.850
  543821.600  5403828.000   5.930
  543875.400  5403828.000   5.640
  543537.400  5403829.000   9.410
  543555.400  5403829.000   9.520
  543572.400  5403829.000   9.750
  543616.400  5403829.000   8.400
  543642.500  5403829.000   8.900
  543383.400  5403830.000  14.580
  543464.600  5403830.000  12.140
  543516.900  5403830.000  11.450
  543584.500  5403830.000   9.600
  543585.100  5403830.000   9.250
  543703.100  5403830.000   7.960
  543829.200  5403830.000   5.880
  543852.100  5403830.000   5.890
  543890.500  5403830.000   5.960
  543395.300  5403831.000  14.590
  543498.400  5403831.000  11.840
  543629.100  5403831.000   8.650
  543681.900  5403831.000   8.380
  543801.300  5403831.000   6.030
  543839.100  5403831.000   6.120
  543860.700  5403831.000   6.140
  543425.600  5403832.000  13.370
  543525.100  5403832.000  10.960
  543561.900  5403832.000   9.400
  543604.700  5403832.000   9.560
  543659.100  5403832.000   8.900
  543729.100  5403832.000   7.460
  543744.600  5403832.000   6.250
  543776.600  5403832.000   6.410
  543808.900  5403832.000   6.020
  543411.400  5403833.000  13.830
  543422.800  5403833.000  13.990
  543502.600  5403833.000  12.200
  543597.000  5403833.000  10.200
  543616.400  5403833.000   9.150
  543646.600  5403833.000   9.050
  543760.100  5403833.000   7.440
  543788.600  5403833.000   6.410
  543822.100  5403833.000   6.430
  543875.600  5403833.000   6.330
  543464.100  5403834.000  13.000
  543476.700  5403834.000  12.690
  543488.100  5403834.000  12.370
  543571.900  5403834.000  10.520
  543693.800  5403834.000   8.580
  543764.800  5403834.000   6.170
  543801.500  5403834.000   6.730
  543437.600  5403835.000  13.620
  543555.100  5403835.000  10.350
  543642.400  5403835.000   9.810
  543777.000  5403835.000   7.600
  543839.400  5403835.000   6.930
  543861.000  5403835.000   6.750
  543890.400  5403835.000   6.620
  543584.100  5403836.000  10.500
  543628.600  5403836.000   9.670
  543829.600  5403836.000   7.010
  543852.600  5403836.000   6.680
  543454.600  5403837.000  13.110
  543498.400  5403837.000  12.880
  543516.800  5403837.000  12.340
  543537.500  5403837.000  10.690
  543646.700  5403837.000   9.730
  543681.200  5403837.000   9.190
  543702.400  5403837.000   9.140
  543745.100  5403837.000   7.850
  543760.300  5403837.000   8.550
  543822.300  5403837.000   7.440
  543382.800  5403838.000  14.930
  543394.600  5403838.000  14.800
  543425.000  5403838.000  14.140
  543464.800  5403838.000  13.390
  543561.400  5403838.000  10.080
  543585.300  5403838.000  10.300
  543604.900  5403838.000  10.450
  543616.300  5403838.000   9.840
  543659.200  5403838.000   9.850
  543730.000  5403838.000   8.860
  543809.500  5403838.000   7.000
  543410.800  5403839.000  14.650
  543502.400  5403839.000  12.960
  543524.800  5403839.000  11.780
  543597.100  5403839.000  10.940
  543777.400  5403839.000   8.560
  543801.800  5403839.000   7.870
  543861.300  5403839.000   7.640
  543875.800  5403839.000   7.240
  543571.300  5403840.000  11.130
  543628.200  5403840.000  10.460
  543765.400  5403840.000   7.810
  543789.300  5403840.000   8.180
  543839.700  5403840.000   8.020
  543890.300  5403840.000   7.680
  543422.400  5403841.000  14.550
  543476.800  5403841.000  13.910
  543642.200  5403841.000  10.650
  543692.900  5403841.000   9.600
  543437.100  5403842.000  14.390
  543463.200  5403842.000  13.980
  543554.700  5403842.000  11.170
  543583.600  5403842.000  11.170
  543616.300  5403842.000  10.410
  543646.800  5403842.000  10.420
  543701.600  5403842.000   9.970
  543745.800  5403842.000   8.880
  543760.600  5403842.000   9.120
  543822.600  5403842.000   8.420
  543852.900  5403842.000   7.910
  543487.900  5403843.000  13.830
  543659.300  5403843.000  10.600
  543680.600  5403843.000   9.990
  543730.900  5403843.000   9.520
  543777.700  5403843.000   9.130
  543830.300  5403843.000   8.350
  543861.600  5403843.000   8.460
  543394.300  5403844.000  13.940
  543453.800  5403844.000  14.350
  543498.400  5403844.000  13.930
  543537.500  5403844.000  11.720
  543802.100  5403844.000   8.840
  543810.100  5403844.000   8.310
  543840.000  5403844.000   8.680
  543424.600  5403845.000  14.620
  543516.800  5403845.000  13.570
  543561.000  5403845.000  11.100
  543597.300  5403845.000  11.730
  543605.300  5403845.000  11.580
  543876.100  5403845.000   8.290
  543890.200  5403845.000   8.760
  543410.100  5403846.000  14.740
  543465.000  5403846.000  14.410
  543570.900  5403846.000  11.870
  543585.500  5403846.000  11.580
  543627.800  5403846.000  11.200
  543760.900  5403846.000   9.610
  543766.100  5403846.000   8.800
  543382.100  5403847.000  13.510
  543502.400  5403847.000  13.820
  543524.400  5403847.000  12.930
  543616.200  5403847.000  11.070
  543641.900  5403847.000  11.380
  543646.800  5403847.000  11.120
  543659.300  5403847.000  11.080
  543691.900  5403847.000  10.480
  543731.600  5403847.000   9.820
  543746.300  5403847.000   9.380
  543789.900  5403847.000   9.070
  543822.900  5403847.000   9.220
  543861.800  5403847.000   9.070
  543477.100  5403848.000  14.640
  543554.300  5403848.000  12.290
  543583.100  5403848.000  12.120
  543700.800  5403848.000  10.610
  543778.300  5403848.000   9.520
  543802.400  5403848.000   9.470
  543853.300  5403848.000   8.920
  543436.600  5403849.000  14.580
  543462.400  5403849.000  14.730
  543679.900  5403849.000  10.870
  543840.400  5403849.000   9.310
  543422.000  5403850.000  14.330
  543810.800  5403850.000   9.350
  543830.800  5403850.000   9.370
  543876.100  5403850.000   9.320
  543393.800  5403851.000  12.730
  543423.900  5403851.000  14.380
  543487.800  5403851.000  14.710
  543560.600  5403851.000  12.120
  543597.400  5403851.000  12.720
  543627.400  5403851.000  12.040
  543761.100  5403851.000   9.960
  543823.300  5403851.000   9.720
  543862.300  5403851.000   9.540
  543890.100  5403851.000   9.590
  543498.600  5403852.000  14.640
  543516.900  5403852.000  14.450
  543537.600  5403852.000  12.660
  543570.300  5403852.000  12.870
  543616.200  5403852.000  11.760
  543641.800  5403852.000  12.110
  543646.900  5403852.000  11.760
  543659.300  5403852.000  11.740
  543732.300  5403852.000  10.400
  543746.800  5403852.000   9.860
  543766.600  5403852.000   9.480
  543778.700  5403852.000   9.950
  543409.400  5403853.000  13.650
  543453.100  5403853.000  14.980
  543585.700  5403853.000  12.610
  543605.500  5403853.000  12.460
  543691.100  5403853.000  11.220
  543802.700  5403853.000  10.010
  543840.600  5403853.000  10.000
  543465.200  5403854.000  14.970
  543477.200  5403854.000  15.220
  543582.700  5403854.000  13.100
  543699.900  5403854.000  11.170
  543862.500  5403854.000  10.090
  543381.600  5403855.000  11.680
  543435.900  5403855.000  14.100
  543502.300  5403855.000  14.640
  543523.900  5403855.000  14.020
  543554.000  5403855.000  13.330
  543790.600  5403855.000   9.950
  543853.800  5403855.000   9.720
  543461.600  5403856.000  14.780
  543627.000  5403856.000  12.530
  543659.400  5403856.000  12.270
  543679.100  5403856.000  11.810
  543747.400  5403856.000  10.190
  543761.400  5403856.000  10.490
  543811.400  5403856.000  10.090
  543823.600  5403856.000  10.290
  543876.300  5403856.000  10.080
  543423.400  5403857.000  13.680
  543560.100  5403857.000  13.160
  543597.400  5403857.000  13.330
  543616.100  5403857.000  12.440
  543733.200  5403857.000  10.850
  543779.200  5403857.000  10.550
  543803.000  5403857.000  10.310
  543889.900  5403857.000  10.380
  543393.300  5403858.000  11.930
  543421.700  5403858.000  13.410
  543487.700  5403858.000  15.320
  543641.600  5403858.000  12.590
  543647.100  5403858.000  12.370
  543767.200  5403858.000  10.000
  543841.100  5403858.000  10.360
  543862.800  5403858.000  10.540
  543408.900  5403859.000  12.610
  543498.600  5403859.000  15.350
  543569.800  5403859.000  13.680
  543690.100  5403859.000  11.790
  543831.400  5403859.000  10.400
  543516.900  5403860.000  15.240
  543537.500  5403860.000  13.740
  543582.100  5403860.000  13.770
  543585.900  5403860.000  13.460
  543605.900  5403860.000  13.380
  543626.500  5403860.000  12.920
  543747.800  5403860.000  10.630
  543435.500  5403861.000  13.730
  543452.500  5403861.000  14.080
  543465.400  5403861.000  14.370
  543477.400  5403861.000  14.520
  543553.700  5403861.000  14.120
  543616.000  5403861.000  12.890
  543699.100  5403861.000  11.610
  543791.200  5403861.000  10.530
  543854.100  5403861.000  10.460
  543863.000  5403861.000  10.870
  543876.600  5403861.000  10.580
  543659.400  5403862.000  12.810
  543734.000  5403862.000  11.270
  543761.800  5403862.000  10.830
  543779.600  5403862.000  10.830
  543803.300  5403862.000  10.730
  543812.100  5403862.000  10.540
  543823.900  5403862.000  10.820
  543381.000  5403863.000  10.970
  543460.900  5403863.000  13.860
  543502.200  5403863.000  15.570
  543523.500  5403863.000  14.970
  543559.800  5403863.000  13.990
  543597.500  5403863.000  13.990
  543641.400  5403863.000  13.160
  543678.500  5403863.000  12.370
  543841.400  5403863.000  11.110
  543422.900  5403864.000  13.430
  543748.300  5403864.000  11.000
  543767.800  5403864.000  10.450
  543889.800  5403864.000  11.160
  543392.800  5403865.000  11.610
  543408.300  5403865.000  12.640
  543421.300  5403865.000  13.100
  543569.000  5403865.000  14.550
  543647.200  5403865.000  12.870
  543863.300  5403865.000  11.390
  543876.600  5403865.000  10.940
  543434.900  5403866.000  13.300
  543487.700  5403866.000  14.700
  543586.100  5403866.000  14.070
  543615.900  5403866.000  13.390
  543626.200  5403866.000  13.180
  543659.400  5403866.000  12.970
  543689.200  5403866.000  12.160
  543734.800  5403866.000  11.630
  543477.400  5403867.000  13.400
  543553.400  5403867.000  14.830
  543581.700  5403867.000  14.320
  543606.100  5403867.000  13.900
  543698.300  5403867.000  12.120
  543762.100  5403867.000  11.400
  543780.100  5403867.000  11.390
  543791.800  5403867.000  11.090
  543803.800  5403867.000  11.140
  543824.400  5403867.000  11.340
  543832.100  5403867.000  11.030
  543841.800  5403867.000  11.630
  543465.600  5403868.000  13.260
  543498.800  5403868.000  14.830
  543516.900  5403868.000  15.790
  543537.600  5403868.000  14.780
  543597.600  5403868.000  14.440
  543677.800  5403868.000  12.620
  543748.700  5403868.000  11.300
  543812.700  5403868.000  11.180
  543854.600  5403868.000  11.250
  543380.600  5403869.000  10.790
  543422.400  5403869.000  13.090
  543451.800  5403869.000  13.220
  543641.300  5403869.000  13.620
  543768.400  5403869.000  10.930
  543863.700  5403869.000  11.750
  543876.800  5403869.000  11.340
  543407.800  5403870.000  12.580
  543460.100  5403870.000  13.040
  543502.100  5403870.000  15.640
  543559.300  5403870.000  14.870
  543625.800  5403870.000  13.760
  543659.500  5403870.000  13.220
  543523.100  5403871.000  15.770
  543568.400  5403871.000  15.100
  543615.800  5403871.000  13.880
  543735.600  5403871.000  11.930
  543749.100  5403871.000  11.490
  543762.300  5403871.000  11.640
  543889.700  5403871.000  11.640
  543392.300  5403872.000  10.580
  543421.000  5403872.000  12.520
  543434.600  5403872.000  12.840
  543487.500  5403872.000  13.440
  543553.100  5403872.000  15.250
  543586.300  5403872.000  14.550
  543647.300  5403872.000  13.300
  543688.200  5403872.000  12.540
  543780.800  5403872.000  11.600
  543804.100  5403872.000  11.640
  543824.600  5403872.000  11.900
  543842.300  5403872.000  11.770
  543876.900  5403872.000  11.670
  543422.100  5403873.000  12.010
  543581.100  5403873.000  14.900
  543677.300  5403873.000  12.750
  543697.600  5403873.000  12.380
  543792.400  5403873.000  11.660
  543854.800  5403873.000  11.710
  543864.000  5403873.000  12.010
  543380.200  5403874.000   9.660
  543465.800  5403874.000  12.330
  543477.600  5403874.000  12.550
  543606.400  5403874.000  14.560
  543625.400  5403874.000  13.990
  543813.300  5403874.000  11.670
  543407.400  5403875.000  11.500
  543451.200  5403875.000  12.120
  543498.800  5403875.000  13.560
  543597.800  5403875.000  14.820
  543641.000  5403875.000  13.990
  543659.600  5403875.000  13.450
  543762.600  5403875.000  11.700
  543769.000  5403875.000  11.530
  543832.800  5403875.000  11.670
  543421.900  5403876.000  10.810
  543434.100  5403876.000  11.670
  543459.300  5403876.000  11.620
  543517.000  5403876.000  14.520
  543615.800  5403876.000  14.450
  543749.600  5403876.000  11.770
  543781.100  5403876.000  11.700
  543855.100  5403876.000  11.840
  543877.000  5403876.000  11.810
  543487.600  5403877.000  12.730
  543586.400  5403877.000  14.880
  543736.700  5403877.000  12.110
  543825.000  5403877.000  11.870
  543842.600  5403877.000  11.920
  543864.300  5403877.000  12.120
  543391.900  5403878.000   7.650
  543420.700  5403878.000  10.860
  543502.000  5403878.000  15.060
  543522.700  5403878.000  16.310
  543537.600  5403878.000  15.930
  543552.800  5403878.000  15.670
  543567.900  5403878.000  15.440
  543625.100  5403878.000  14.140
  543676.600  5403878.000  12.980
  543687.200  5403878.000  12.850
  543696.800  5403878.000  12.910
  543804.500  5403878.000  11.970
  543889.600  5403878.000  11.910
  543379.900  5403879.000   7.470
  543407.100  5403879.000   9.860
  543421.600  5403879.000   9.130
  543465.800  5403879.000  10.360
  543477.800  5403879.000  10.730
  543558.600  5403879.000  15.510
  543647.500  5403879.000  13.680
  543762.800  5403879.000  12.080
  543792.900  5403879.000  11.940
  543433.800  5403880.000   9.570
  543450.800  5403880.000  10.200
  543580.600  5403880.000  15.270
  543606.600  5403880.000  14.810
  543659.700  5403880.000  13.530
  543781.600  5403880.000  11.860
  543813.900  5403880.000  11.890
  543855.200  5403880.000  12.010
  543877.100  5403880.000  12.100
  543458.800  5403881.000   8.790
  543615.700  5403881.000  14.700
  543640.900  5403881.000  14.280
  543750.200  5403881.000  11.980
  543769.600  5403881.000  11.770
  543864.600  5403881.000  12.160
  543420.500  5403882.000   8.300
  543421.400  5403882.000   7.100
  543487.400  5403882.000  10.790
  543552.600  5403882.000  15.510
  543833.300  5403882.000  11.910
  543379.600  5403883.000   5.280
  543391.600  5403883.000   5.500
  543421.300  5403883.000   6.180
  543433.400  5403883.000   6.590
  543465.900  5403883.000   7.840
  543498.900  5403883.000  11.300
  543501.900  5403883.000  13.740
  543567.300  5403883.000  15.320
  543586.500  5403883.000  15.190
  543624.800  5403883.000  14.270
  543676.300  5403883.000  13.180
  543737.600  5403883.000  12.170
  543763.000  5403883.000  12.210
  543825.400  5403883.000  11.940
  543843.000  5403883.000  11.840
  543855.400  5403883.000  12.250
  543450.400  5403884.000   7.310
  543477.800  5403884.000   8.250
  543522.300  5403884.000  15.890
  543597.900  5403884.000  15.110
  543696.100  5403884.000  13.170
  543781.900  5403884.000  12.070
  543804.800  5403884.000  11.980
  543406.400  5403885.000   6.360
  543420.400  5403885.000   6.370
  543647.500  5403885.000  13.970
  543659.700  5403885.000  13.670
  543686.200  5403885.000  13.320
  543750.700  5403885.000  12.060
  543793.500  5403885.000  12.060
  543877.300  5403885.000  12.170
  543889.400  5403885.000  12.110
  543379.400  5403886.000   3.350
  543466.000  5403886.000   6.170
  543516.900  5403886.000  11.890
  543537.600  5403886.000  16.340
  543552.400  5403886.000  15.010
  543580.000  5403886.000  15.260
  543606.800  5403886.000  14.840
  543615.700  5403886.000  14.940
  543814.500  5403886.000  12.050
  543864.900  5403886.000  12.330
  543420.300  5403887.000   5.490
  543458.100  5403887.000   5.990
  543477.900  5403887.000   6.730
  543487.400  5403887.000   7.660
  543675.800  5403887.000  13.350
  543770.300  5403887.000  12.040
  543501.900  5403888.000  12.730
  543586.700  5403888.000  14.950
  543624.400  5403888.000  14.390
  543640.600  5403888.000  14.340
  543738.500  5403888.000  12.440
  543763.400  5403888.000  12.260
  543825.800  5403888.000  12.010
  543855.800  5403888.000  12.170
  543391.100  5403889.000   3.410
  543466.100  5403889.000   4.320
  543557.900  5403889.000  15.960
  543566.800  5403889.000  14.400
  543695.400  5403889.000  13.410
  543782.400  5403889.000  12.520
  543833.900  5403889.000  11.860
  543843.400  5403889.000  11.900
  543877.400  5403889.000  12.620
  543478.000  5403890.000   5.930
  543487.400  5403890.000   5.740
  543521.900  5403890.000  14.320
  543751.200  5403890.000  12.340
  543805.300  5403890.000  12.250
  543865.300  5403890.000  12.440
  543499.000  5403891.000   7.420
  543501.800  5403891.000  11.330
  543552.100  5403891.000  13.340
  543607.000  5403891.000  14.490
  543615.600  5403891.000  14.850
  543647.700  5403891.000  14.300
  543659.700  5403891.000  14.140
  543675.300  5403891.000  13.620
  543794.100  5403891.000  12.280
  543889.300  5403891.000  13.200
  543598.000  5403892.000  14.020
  543624.000  5403892.000  14.230
  543685.200  5403892.000  13.620
  543815.200  5403892.000  12.100
  543856.000  5403892.000  12.520
  543877.600  5403892.000  13.260
  543378.800  5403893.000   0.000
  543579.600  5403893.000  13.830
  543586.900  5403893.000  14.260
  543640.400  5403893.000  14.350
  543694.800  5403893.000  13.640
  543770.800  5403893.000  12.350
  543516.900  5403894.000   8.740
  543537.700  5403894.000  15.130
  543566.400  5403894.000  12.190
  543763.800  5403894.000  12.840
  543782.900  5403894.000  12.780
  543826.200  5403894.000  12.390
  543843.800  5403894.000  12.120
  543457.300  5403895.000   0.000
  543607.200  5403895.000  13.130
  543615.600  5403895.000  14.400
  543674.800  5403895.000  14.000
  543739.500  5403895.000  12.970
  543751.800  5403895.000  12.700
  543805.600  5403895.000  12.610
  543390.600  5403896.000   0.000
  543501.800  5403896.000   8.950
  543521.800  5403896.000  12.770
  543551.900  5403896.000  10.990
  543647.700  5403896.000  14.610
  543834.400  5403896.000  12.180
  543865.600  5403896.000  12.490
  543877.600  5403896.000  14.150
  543499.100  5403897.000   4.890
  543586.900  5403897.000  12.540
  543623.600  5403897.000  13.890
  543659.800  5403897.000  14.400
  543694.100  5403897.000  14.290
  543815.700  5403897.000  12.470
  543856.300  5403897.000  12.620
  543889.200  5403897.000  14.280
  543419.600  5403898.000   0.000
  543419.900  5403898.000   0.000
  543449.300  5403898.000   0.000
  543466.200  5403898.000   0.000
  543557.400  5403898.000  14.550
  543565.800  5403898.000  10.050
  543598.100  5403898.000  11.660
  543615.400  5403898.000  13.890
  543684.100  5403898.000  14.210
  543771.400  5403898.000  12.720
  543794.800  5403898.000  12.720
  543405.200  5403899.000   0.000
  543432.100  5403899.000   0.000
  543607.400  5403899.000  11.770
  543674.400  5403899.000  14.220
  543826.600  5403899.000  12.780
  543579.100  5403900.000  10.980
  543640.200  5403900.000  13.610
  543752.400  5403900.000  13.040
  543764.100  5403900.000  13.280
  543783.500  5403900.000  13.240
  543844.200  5403900.000  12.390
  543877.800  5403900.000  14.400
  543516.900  5403901.000   5.470
  543521.500  5403901.000  11.010
  543537.800  5403901.000  13.160
  543551.700  5403901.000   9.670
  543587.000  5403901.000  10.720
  543647.900  5403901.000  14.200
  543806.000  5403901.000  12.960
  543866.000  5403901.000  12.570
  543487.300  5403902.000   0.000
  543501.800  5403902.000   2.970
  543623.300  5403902.000  13.120
  543674.100  5403902.000  14.080
  543693.600  5403902.000  14.860
  543740.700  5403902.000  13.620
  543565.500  5403903.000   8.420
  543598.100  5403903.000   9.100
  543607.500  5403903.000  10.300
  543615.400  5403903.000  12.430
  543659.900  5403903.000  13.730
  543816.300  5403903.000  12.980
  543835.000  5403903.000  12.560
  543856.700  5403903.000  12.420
  543889.100  5403903.000  14.080
  543478.300  5403904.000   0.000
  543499.100  5403904.000   3.220
  543551.400  5403904.000   8.030
  543557.000  5403904.000  12.170
  543673.800  5403904.000  13.680
  543771.900  5403904.000  13.300
  543795.300  5403904.000  12.980
  543826.900  5403904.000  13.160
  543878.000  5403904.000  14.350
  543578.500  5403905.000   8.480
  543587.100  5403905.000   8.650
  543622.900  5403905.000  11.920
  543683.200  5403905.000  14.370
  543753.000  5403905.000  13.570
  543764.300  5403905.000  14.020
  543521.200  5403906.000   8.090
  543647.900  5403906.000  13.260
  543693.100  5403906.000  14.810
  543844.800  5403906.000  12.860
  543866.400  5403906.000  12.340
  543537.700  5403907.000  10.590
  543565.000  5403907.000   6.770
  543607.700  5403907.000   9.380
  543615.400  5403907.000  10.770
  543639.900  5403907.000  11.940
  543784.100  5403907.000  13.540
  543878.100  5403907.000  13.900
  543551.200  5403908.000   6.070
  543587.300  5403908.000   6.470
  543673.500  5403908.000  12.920
  543741.800  5403908.000  14.370
  543806.500  5403908.000  13.200
  543816.900  5403908.000  13.330
  543857.100  5403908.000  12.190
  543888.900  5403908.000  13.520
  543499.300  5403909.000   0.000
  543517.000  5403909.000   3.400
  543556.600  5403909.000  10.000
  543598.300  5403909.000   6.500
  543622.700  5403909.000  10.730
  543647.900  5403909.000  12.110
  543659.900  5403909.000  11.880
  543578.200  5403910.000   6.540
  543607.700  5403910.000   8.510
  543692.600  5403910.000  14.410
  543764.600  5403910.000  14.280
  543772.600  5403910.000  13.540
  543795.900  5403910.000  13.220
  543827.400  5403910.000  13.430
  543835.500  5403910.000  13.040
  543520.900  5403911.000   4.490
  543551.100  5403911.000   4.930
  543564.700  5403911.000   5.420
  543673.100  5403911.000  12.300
  543682.300  5403911.000  13.280
  543753.600  5403911.000  13.900
  543866.800  5403911.000  12.230
  543878.200  5403911.000  13.280
  543501.600  5403912.000   0.000
  543587.400  5403912.000   5.000
  543598.300  5403912.000   4.820
  543615.300  5403912.000   9.460
  543622.300  5403912.000   9.350
  543845.100  5403912.000  13.180
  543607.900  5403913.000   7.450
  543639.800  5403913.000   9.600
  543648.100  5403913.000  10.290
  543692.000  5403913.000  13.110
  543784.700  5403913.000  13.690
  543817.400  5403913.000  13.490
  543857.400  5403913.000  12.420
  543517.000  5403914.000   2.120
  543537.700  5403914.000   7.420
  543556.300  5403914.000   7.640
  543577.900  5403914.000   5.220
  543672.700  5403914.000  10.740
  543742.900  5403914.000  15.030
  543806.900  5403914.000  13.460
  543550.900  5403915.000   2.940
  543660.100  5403915.000   9.420
  543773.200  5403915.000  13.590
  543796.300  5403915.000  13.370
  543867.100  5403915.000  12.490
  543878.400  5403915.000  12.670
  543888.900  5403915.000  12.470
  543564.100  5403916.000   2.620
  543577.600  5403916.000   4.090
  543598.400  5403916.000   3.540
  543622.100  5403916.000   8.150
  543681.400  5403916.000  10.970
  543764.900  5403916.000  14.460
  543827.700  5403916.000  13.750
  543836.000  5403916.000  13.500
  543587.500  5403917.000   2.050
  543608.100  5403917.000   6.280
  543639.600  5403917.000   7.720
  543648.100  5403917.000   8.430
  543691.500  5403917.000  11.380
  543754.300  5403917.000  14.040
  543520.400  5403918.000   0.000
  543598.400  5403918.000   2.910
  543672.400  5403918.000   9.100
  543817.900  5403918.000  13.610
  543845.600  5403918.000  13.790
  543857.600  5403918.000  13.050
  543878.400  5403918.000  12.480
  543517.100  5403919.000   0.000
  543537.800  5403919.000   4.390
  543577.500  5403919.000   2.510
  543615.300  5403919.000   7.630
  543621.800  5403919.000   7.080
  543785.400  5403919.000  13.750
  543807.300  5403919.000  13.660
  543555.900  5403920.000   5.280
  543608.200  5403920.000   4.980
  543639.400  5403920.000   6.080
  543648.100  5403920.000   6.530
  543660.000  5403920.000   6.950
  543672.100  5403920.000   7.960
  543691.100  5403920.000   9.840
  543773.600  5403920.000  13.720
  543796.800  5403920.000  13.580
  543867.400  5403920.000  13.150
  543888.700  5403920.000  12.610
  543563.700  5403921.000   0.000
  543587.600  5403921.000   0.000
  543744.100  5403921.000  14.660
  543828.100  5403921.000  13.630
  543836.400  5403921.000  13.950
  543537.800  5403922.000   0.000
  543598.400  5403922.000   0.000
  543639.400  5403922.000   5.150
  543680.600  5403922.000   8.570
  543878.600  5403922.000  12.800
  543550.500  5403923.000   0.000
  543577.200  5403923.000   0.000
  543608.300  5403923.000   4.350
  543648.300  5403923.000   4.640
  543660.100  5403923.000   4.920
  543671.700  5403923.000   6.300
  543690.800  5403923.000   8.220
  543755.000  5403923.000  14.160
  543765.400  5403923.000  14.050
  543818.400  5403923.000  13.350
  543857.900  5403923.000  13.660
  543615.100  5403924.000   5.700
  543774.100  5403924.000  13.990
  543797.100  5403924.000  13.180
  543846.100  5403924.000  13.850
  543690.400  5403925.000   7.390
  543807.600  5403925.000  13.240
  543867.900  5403925.000  13.920
  543878.600  5403925.000  12.830
  543555.500  5403926.000   0.000
  543660.100  5403926.000   3.180
  543671.500  5403926.000   5.220
  543786.100  5403926.000  13.780
  543836.800  5403926.000  13.880
  543615.100  5403927.000   4.860
  543639.300  5403927.000   0.000
  543660.100  5403927.000   3.030
  543680.100  5403927.000   6.800
  543755.500  5403927.000  13.500
  543818.800  5403927.000  12.980
  543828.400  5403927.000  13.120
  543858.300  5403927.000  13.870
  543888.700  5403927.000  12.790
  543648.300  5403928.000   0.000
  543671.200  5403928.000   3.680
  543690.100  5403928.000   5.840
  543745.100  5403928.000  12.820
  543797.600  5403928.000  12.570
  543878.700  5403928.000  12.620
  543765.800  5403929.000  11.910
  543774.600  5403929.000  13.950
  543837.000  5403929.000  13.370
  543608.600  5403930.000   0.000
  543679.500  5403930.000   5.140
  543868.300  5403930.000  13.560
  543620.900  5403931.000   0.000
  543755.900  5403931.000  12.460
  543797.900  5403931.000  11.520
  543819.300  5403931.000  12.060
  543858.400  5403931.000  13.290
  543878.900  5403931.000  12.130
  543660.200  5403932.000   0.000
  543679.100  5403932.000   3.740
  543774.900  5403932.000  13.760
  543808.100  5403932.000  11.950
  543837.300  5403932.000  12.730
  543846.600  5403932.000  12.570
  543615.100  5403933.000   0.000
  543670.600  5403933.000   0.000
  543745.900  5403933.000   9.980
  543786.800  5403933.000  12.800
  543828.900  5403933.000  11.670
  543888.600  5403933.000  12.100
  543756.300  5403934.000  11.430
  543819.600  5403934.000  11.010
  543837.400  5403934.000  11.970
  543858.600  5403934.000  12.360
  543879.000  5403934.000  11.170
  543766.100  5403935.000   9.090
  543798.300  5403935.000  10.280
  543689.100  5403936.000   0.000
  543775.300  5403936.000  13.090
  543868.800  5403936.000  11.640
  543678.500  5403937.000   0.000
  543746.600  5403937.000   7.320
  543756.600  5403937.000   9.950
  543819.900  5403937.000   9.940
  543837.600  5403937.000  10.880
  543858.800  5403937.000  11.090
  543879.000  5403937.000   9.880
  543888.400  5403937.000  10.070
  543808.600  5403938.000   9.630
  543847.100  5403938.000  10.200
  543766.300  5403939.000   6.590
  543775.700  5403939.000  11.960
  543787.300  5403939.000  10.560
  543837.800  5403939.000   9.860
  543756.900  5403940.000   8.500
  543798.800  5403940.000   8.610
  543829.400  5403940.000   8.470
  543859.100  5403940.000   9.630
  543879.100  5403940.000   8.000
  543747.300  5403941.000   5.620
  543820.300  5403941.000   8.160
  543888.400  5403941.000   7.840
  543757.200  5403942.000   6.970
  543766.500  5403942.000   4.760
  543775.900  5403942.000  10.740
  543838.100  5403942.000   8.020
  543869.200  5403942.000   8.110
  543799.000  5403943.000   6.900
  543808.900  5403943.000   7.510
  543879.300  5403943.000   6.080
  543747.800  5403944.000   4.520
  543847.600  5403944.000   7.450
  543888.300  5403944.000   6.160
  543757.600  5403945.000   4.770
  543766.800  5403945.000   3.600
  543776.200  5403945.000   9.180
  543788.000  5403945.000   7.530
  543820.600  5403945.000   6.330
  543829.800  5403945.000   5.440
  543838.300  5403945.000   6.550
  543859.300  5403945.000   6.230
  543748.100  5403946.000   3.910
  543799.300  5403946.000   5.470
  543809.200  5403947.000   5.650
  543869.600  5403947.000   5.300
  543766.800  5403948.000   3.030
  543776.600  5403948.000   7.080
  543820.900  5403948.000   4.930
  543847.900  5403948.000   4.930
  543879.400  5403948.000   3.500
  543788.400  5403949.000   5.290
  543829.900  5403949.000   3.690
  543838.600  5403949.000   4.310
  543859.600  5403949.000   4.180
  543767.000  5403950.000   3.520
  543767.100  5403950.000   3.430
  543799.700  5403950.000   3.860
  543809.400  5403950.000   4.120
  543821.200  5403950.000   4.060
  543749.100  5403952.000   0.000
  543758.400  5403952.000   0.000
  543809.500  5403952.000   3.510
  543821.300  5403952.000   3.270
  543830.200  5403952.000   2.140
  543838.800  5403952.000   2.690
  543848.300  5403952.000   3.090
  543788.800  5403953.000   3.300
  543859.800  5403953.000   2.400
  543870.100  5403953.000   3.340
  543888.100  5403953.000   0.000
  543809.700  5403954.000   2.510
  543767.300  5403955.000   0.000
  543789.100  5403955.000   2.290
  543800.100  5403955.000   0.000
  543848.400  5403955.000   2.180
  543879.600  5403955.000   0.000
  543821.800  5403957.000   0.000
  543830.400  5403957.000   0.000
  543860.000  5403957.000   0.000
  543777.600  5403958.000   0.000
  543839.300  5403958.000   0.000
  543848.600  5403958.000   0.000
  543870.400  5403958.000   0.000
  543789.400  5403959.000   0.000
  543810.000  5403959.000   0.000
