   5.0000000e+00
   5.0000000e+00
   5.0000000e+00
   5.0000000e+00
   5.0000000e+00
   2.3629997e+00
   2.6305816e+00
   2.4954323e+00
   1.0590040e+00
   1.0893046e+00
   1.1879904e+00
   1.5222690e+00
   1.5460025e+00
   1.0454588e+00
   1.5861812e+00
   1.6590332e+00
   1.1369238e+00
   8.6024878e-01
   8.8059183e-01
   1.0584585e+00
   8.9523331e-01
   8.9423752e-01
   9.1432932e-01
  -1.6653958e-10
   5.2637630e-01
   7.1123391e-01
   5.3023639e-01
   5.2990601e-01
   5.3224291e-01
   2.0979202e+00
   1.4612270e+00
   9.5295332e-01
   9.6502782e-01
   8.4304916e-01
   1.2503395e+00
   8.1199379e-01
   1.5234365e+00
   1.1941534e+00
   8.3489161e-01
   8.2876212e-01
   8.3267234e-01
   8.2629160e-01
   1.4177144e+00
   1.4464665e+00
   1.1769678e+00
   9.4513142e-01
   9.2874807e-01
   1.8692875e+00
   2.3957460e+00
   2.3689673e+00
   2.1670391e+00
   2.1338560e+00
   5.0000000e+00
   5.0000000e+00
   5.0000000e+00
   5.0000000e+00
   5.0000000e+00
   2.3554161e+00
   2.6138236e+00
   2.4577416e+00
   1.0415326e+00
   1.0762782e+00
   1.1451143e+00
   1.5011991e+00
   1.5241942e+00
   1.7129408e+00
   1.5720860e+00
   1.6800129e+00
   1.1259694e+00
   8.5418967e-01
   8.7426100e-01
   2.3030040e+00
   8.8789244e-01
   8.8619021e-01
   8.9749992e-01
   2.5227929e-09
   5.2314954e-01
   5.2617421e-01
   5.2761415e-01
   5.2721638e-01
   5.2917631e-01
   2.0785120e+00
   1.4729908e+00
   9.5510768e-01
   9.6687503e-01
   1.2693484e+00
   1.2404466e+00
   7.8217812e-01
   1.0059616e+00
   1.1873427e+00
   8.3037822e-01
   8.2305428e-01
   8.2595302e-01
   1.1437713e+00
   1.4040939e+00
   1.4343926e+00
   1.3573350e+00
   9.3949698e-01
   1.3748288e+00
   1.8606330e+00
   2.3937464e+00
   2.8300126e+00
   2.1617516e+00
   2.1256569e+00
   5.0000000e+00
   9.1615702e-01
   1.2533536e+00
   1.8649355e+00
   2.2102655e+00
   2.5664172e+00
   2.6259351e+00
   2.3936657e+00
   1.0169923e+00
   1.6046558e+00
   1.1252656e+00
   1.4729836e+00
   1.8789299e+00
   1.6923236e+00
   1.5994843e+00
   1.4906852e+00
   1.2732828e+00
   8.5791268e-01
   2.2818062e+00
   2.2779980e+00
   1.7024128e+00
   8.7582502e-01
   8.8715898e-01
   1.3689010e+00
   5.1916889e-01
   5.2282822e-01
   5.2444508e-01
   1.1984539e+00
   5.2541888e-01
   2.2088665e+00
   1.4690526e+00
   1.4881562e+00
   9.6808490e-01
   1.2290694e+00
   1.2284578e+00
   1.4933766e+00
   1.0094700e+00
   1.1790045e+00
   8.2470087e-01
   8.1586858e-01
   8.1792358e-01
   1.0927478e+00
   1.3878124e+00
   1.4200100e+00
   1.3431989e+00
   9.3274605e-01
   1.3647380e+00
   1.8503587e+00
   2.3910682e+00
   2.2268071e+00
   2.1554457e+00
   2.1158979e+00
   5.0000000e+00
   4.8624702e-01
   1.4059834e+00
   1.7799825e+00
   2.1275720e+00
   2.4739240e+00
   2.5143527e+00
   1.9819211e+00
   1.4995640e+00
   1.6975765e+00
   1.0967781e+00
   1.3935673e+00
   9.6787869e-01
   1.6808764e+00
   1.5739292e+00
   1.4860383e+00
   1.2298389e+00
   2.2478092e+00
   2.2510554e+00
   2.2430802e+00
   1.6024419e+00
   1.5975166e+00
   1.5663992e+00
   1.5691997e+00
   5.1413434e-01
   1.1561312e+00
   5.2053771e-01
   1.5052344e+00
   1.6767554e+00
   2.1792462e+00
   2.1311961e+00
   1.4829261e+00
   9.6811394e-01
   1.1687099e+00
   1.1550500e+00
   1.4786819e+00
   1.1393149e+00
   1.1685945e+00
   8.0998272e-01
   8.0665222e-01
   1.0978135e+00
   1.3839828e+00
   7.7841537e-01
   1.2689174e+00
   1.5983633e+00
   9.2452126e-01
   1.3524813e+00
   1.8379650e+00
   2.3873911e+00
   2.2226783e+00
   2.1477930e+00
   2.1040900e+00
  -5.9276015e-01
   2.1218069e-01
   1.0646283e+00
   1.5266133e+00
   1.8834241e+00
   2.2037964e+00
   1.9105517e+00
   1.9812055e+00
   1.8606865e+00
   1.2829923e+00
   1.5046480e+00
   1.3538979e+00
   1.4649864e+00
   1.5934084e+00
   1.5188852e+00
   1.4517069e+00
   1.8069487e+00
   2.3448058e+00
   2.2062598e+00
   1.6531604e+00
   1.5775590e+00
   1.5793783e+00
   1.5679805e+00
   2.1051559e+00
   1.1390342e+00
   5.1351269e-01
   5.1559384e-01
   1.4849007e+00
   2.1380081e+00
   2.1413083e+00
   2.1135836e+00
   1.4747303e+00
   9.3596642e-01
   1.1518922e+00
   1.1372520e+00
   1.1767712e+00
   1.1304061e+00
   1.1177217e+00
   8.0052069e-01
   7.9456993e-01
   1.0817369e+00
   1.3617844e+00
   1.2652433e+00
   1.2494073e+00
   1.5939832e+00
   1.5918811e+00
   1.7180587e+00
   1.8227469e+00
   2.3822346e+00
   2.2174096e+00
   2.1383243e+00
   2.0736525e+00
  -2.9567516e+00
  -2.7439715e+00
  -1.0787988e+00
   2.1249512e-01
   9.2634266e-01
   1.3415542e+00
   1.3791715e+00
   1.5215381e+00
   1.6200656e+00
   1.6446321e+00
   1.3594909e+00
   2.1679835e+00
   1.4187632e+00
   1.8809329e+00
   1.4060029e+00
   1.9180026e+00
   2.1893812e+00
   2.2752809e+00
   2.1372417e+00
   1.6043039e+00
   1.6411636e+00
   1.8030786e+00
   1.3185849e+00
   2.0641339e+00
   1.1194067e+00
   1.0071012e+00
   5.0912675e-01
   1.4580703e+00
   2.0871479e+00
   1.5082625e+00
   2.0881868e+00
   2.0266394e+00
   1.9274087e+00
   1.1301780e+00
   1.1157990e+00
   1.1756847e+00
   1.1641172e+00
   1.1025870e+00
   7.8771972e-01
   8.4475133e-01
   1.0613464e+00
   1.3336532e+00
   1.2429362e+00
   1.2247472e+00
   1.5762512e+00
   1.5748083e+00
   1.8131339e+00
   2.4060304e+00
   2.3747824e+00
   2.2104775e+00
   2.1263185e+00
   1.7353720e+00
  -4.3643755e+00
  -4.2205751e+00
  -4.0751445e+00
  -3.5444143e+00
  -2.8127881e+00
  -1.0708204e+00
  -3.9435944e-02
   6.3263805e-01
   9.8964235e-01
   1.2372286e+00
   1.5654366e+00
   2.0367798e+00
   1.8671633e+00
   1.3002684e+00
   1.9018465e+00
   2.2942509e+00
   1.9953727e+00
   2.1585751e+00
   2.2242500e+00
   1.3740885e+00
   1.5936241e+00
   1.4276899e+00
   1.4814249e+00
   1.0774255e+00
   1.0906270e+00
   9.8544173e-01
   1.0667147e+00
   1.5620564e+00
   2.0169708e+00
   1.5864016e+00
   2.0495927e+00
   1.9776432e+00
   1.6971306e+00
   1.1956204e+00
   1.4448887e+00
   1.0426327e+00
   1.1500965e+00
   7.7084869e-01
   7.5013639e-01
   1.0537205e+00
   1.0623186e+00
   1.2915509e+00
   1.2138575e+00
   1.0798043e+00
   1.5523747e+00
   1.6079081e+00
   1.7897173e+00
   2.3971172e+00
   2.3636220e+00
   2.1622119e+00
   2.2692817e+00
   1.7634546e+00
  -5.0631887e+00
  -4.9446292e+00
  -4.7201035e+00
  -4.5753720e+00
  -4.4232782e+00
  -4.0293111e+00
  -3.4158667e+00
  -2.4780775e+00
  -1.2627357e+00
   1.5608460e-01
   1.1896706e+00
   1.4590783e+00
   1.8687034e+00
   2.0687864e+00
   1.6988683e+00
   2.0080363e+00
   1.8870424e+00
   1.7559096e+00
   1.7745028e+00
   1.8346232e+00
   1.5124284e+00
   1.1477137e+00
   1.6583382e+00
   1.0280885e+00
   1.0447023e+00
   1.4622770e+00
   1.4489781e+00
   1.4968661e+00
   2.0210859e+00
   1.7165798e+00
   1.8736781e+00
   1.9068831e+00
   2.0220476e+00
   1.6844763e+00
   1.1944753e+00
   1.6733872e+00
   1.1295953e+00
   7.5292374e-01
   1.4421587e+00
   1.0502440e+00
   1.6139817e+00
   1.7269672e+00
   1.1744638e+00
   1.2196030e+00
   1.5187218e+00
   1.9210623e+00
   1.7582333e+00
   2.6856299e+00
   2.8411732e+00
   2.1479053e+00
   2.2441560e+00
   1.7538295e+00
  -5.7358524e+00
  -5.6084157e+00
  -5.3849114e+00
  -5.1625231e+00
  -5.0022816e+00
  -4.7893203e+00
  -4.5719270e+00
  -4.2065292e+00
  -3.8677689e+00
  -2.9954489e+00
  -2.3465819e+00
  -5.0758603e-01
   5.8521296e-01
   8.8829084e-01
   1.0330036e+00
   1.1529797e+00
   1.4108298e+00
   1.5872788e+00
   1.1889851e+00
   1.4442292e+00
   1.4439135e+00
   1.1748533e+00
   1.1357936e+00
   1.2002361e+00
   9.6135456e-01
   1.3556404e+00
   1.4656365e+00
   1.4124334e+00
   1.2930425e+00
   1.5193201e+00
   1.5328706e+00
   1.7970304e+00
   1.7115617e+00
   1.6407094e+00
   1.3716219e+00
   1.6317791e+00
   1.6143604e+00
   1.4277337e+00
   1.3674231e+00
   1.5658035e+00
   1.5444653e+00
   1.6486390e+00
   1.5343957e+00
   1.7203779e+00
   1.4683816e+00
   2.1140184e+00
   1.9696028e+00
   2.6291099e+00
   2.3767528e+00
   2.2779437e+00
   2.2084369e+00
   1.7373820e+00
  -6.2497922e+00
  -6.1793582e+00
  -5.7607443e+00
  -5.5538429e+00
  -5.3477900e+00
  -5.2029153e+00
  -5.0854420e+00
  -4.9377981e+00
  -4.8151424e+00
  -4.5373535e+00
  -4.4835623e+00
  -4.4284029e+00
  -3.5630679e+00
  -3.2932680e+00
  -2.7467339e+00
  -1.9652645e+00
  -3.1031803e-01
  -7.1436182e-02
   6.5978031e-01
   1.1054947e+00
   1.0831962e+00
   1.1543407e+00
   1.2124688e+00
   1.0557286e+00
   1.2534777e+00
   1.4606700e+00
   1.4378049e+00
   1.1296039e+00
   1.2253849e+00
   1.1377035e+00
   1.3808838e+00
   1.6083617e+00
   1.7211241e+00
   1.3713112e+00
   1.6244439e+00
   1.5580379e+00
   1.5370446e+00
   1.4541124e+00
   1.0437813e+00
   1.5231212e+00
   1.5634425e+00
   1.3490100e+00
   1.4256172e+00
   1.3977624e+00
   1.3868041e+00
   1.9731050e+00
   1.8919643e+00
   2.5394885e+00
   2.3314669e+00
   2.2352750e+00
   2.2187382e+00
   1.7073273e+00
  -6.5224935e+00
  -6.4407198e+00
  -6.3632238e+00
  -6.2074071e+00
  -6.0318082e+00
  -5.7165276e+00
  -5.4951814e+00
  -5.3603065e+00
  -5.2157363e+00
  -5.0919283e+00
  -5.0566185e+00
  -4.9958614e+00
  -4.7629135e+00
  -4.6387664e+00
  -4.2384635e+00
  -3.4320874e+00
  -2.2858353e+00
  -2.8317609e+00
  -2.8665219e+00
  -1.2110059e+00
  -1.9791957e+00
   1.2700026e-01
   2.1726208e-02
   3.2622091e-01
   5.9179716e-01
   7.2531508e-01
   7.6519754e-01
   8.7531025e-01
   1.0326369e+00
   8.5202179e-01
   9.4219556e-01
   1.3477735e+00
   1.4780158e+00
   1.2862574e+00
   1.2804231e+00
   1.5607439e+00
   1.4700944e+00
   1.3144348e+00
   1.2063026e+00
   1.4703297e+00
   1.3743952e+00
   1.2378957e+00
   1.1969224e+00
   1.1604745e+00
   1.3829958e+00
   1.8511801e+00
   1.7843026e+00
   1.9767451e+00
   2.5176866e+00
   2.2170529e+00
   1.7982495e+00
   1.6471652e+00
  -6.7618521e+00
  -6.6398660e+00
  -6.5436517e+00
  -6.5055555e+00
  -6.3969911e+00
  -6.1532444e+00
  -6.1313726e+00
  -5.9260459e+00
  -5.6966118e+00
  -5.4990591e+00
  -5.3936015e+00
  -5.3461947e+00
  -5.1745382e+00
  -5.1202387e+00
  -4.9485791e+00
  -4.5717093e+00
  -3.6325600e+00
  -4.0518883e+00
  -4.0618776e+00
  -3.2945130e+00
  -3.7111720e+00
  -3.1066141e+00
  -3.0640290e+00
  -2.1501045e+00
  -1.2888207e+00
  -1.9925339e+00
  -1.3454664e+00
  -5.3934390e-01
  -4.1569748e-01
  -5.5760781e-01
  -2.4186577e-01
   4.3717464e-01
   7.8386698e-01
   9.7973794e-01
   1.0678620e+00
   1.2435240e+00
   1.1827574e+00
   9.9228612e-01
   1.3122084e+00
   1.0652207e+00
   9.8298483e-01
   8.9089550e-01
   8.4430811e-01
   9.4261354e-01
   9.6228591e-01
   1.4422825e+00
   1.6074486e+00
   1.6139153e+00
   1.9605117e+00
   2.0203834e+00
   1.6261721e+00
   1.5110410e+00
  -7.2915425e+00
  -7.1255944e+00
  -7.0467926e+00
  -6.9103392e+00
  -6.8513516e+00
  -6.6097910e+00
  -6.4450275e+00
  -6.3349972e+00
  -6.1507484e+00
  -6.0653974e+00
  -5.8630917e+00
  -5.8381805e+00
  -5.6739273e+00
  -5.6301234e+00
  -5.4157081e+00
  -5.1362191e+00
  -4.7645918e+00
  -4.8471883e+00
  -4.7304057e+00
  -4.3361197e+00
  -4.6581653e+00
  -4.3958122e+00
  -4.2704410e+00
  -3.4820501e+00
  -3.0724346e+00
  -3.3540478e+00
  -3.1200638e+00
  -2.9985496e+00
  -3.0275219e+00
  -2.7656143e+00
  -2.6912176e+00
  -2.6875254e+00
  -1.8463236e+00
  -2.2999613e+00
  -5.1961449e-01
  -2.6879195e-01
  -6.5846597e-02
  -1.1018801e-01
  -5.7055337e-03
   1.5982578e-01
  -5.7330006e-02
   4.8417281e-02
   2.1769645e-02
  -7.4643333e-02
   4.4952545e-01
   7.1131417e-01
   8.1628400e-01
   1.1015459e+00
   1.3567538e+00
   1.3710897e+00
   1.2672054e+00
   9.6916590e-01
  -8.3308441e+00
  -8.1437819e+00
  -7.9676191e+00
  -7.7639326e+00
  -7.5615589e+00
  -7.4684649e+00
  -7.3381652e+00
  -7.0793915e+00
  -6.8470159e+00
  -6.7205320e+00
  -6.3964337e+00
  -6.2759890e+00
  -6.3638065e+00
  -6.1594713e+00
  -5.8853953e+00
  -5.6470650e+00
  -5.2008086e+00
  -5.2475219e+00
  -5.1361534e+00
  -4.9860648e+00
  -5.0822410e+00
  -4.9371634e+00
  -4.9095233e+00
  -4.5732649e+00
  -4.3130598e+00
  -4.4856083e+00
  -4.4016188e+00
  -4.1177167e+00
  -3.6475395e+00
  -3.5272706e+00
  -3.3536745e+00
  -3.1232187e+00
  -3.1097316e+00
  -3.0849332e+00
  -3.1147649e+00
  -2.9529115e+00
  -2.9604062e+00
  -2.8195926e+00
  -2.8543875e+00
  -2.7706212e+00
  -2.9476361e+00
  -2.8361777e+00
  -2.4004275e+00
  -2.6230969e+00
  -2.7292542e+00
  -2.4985026e+00
  -2.2954307e+00
  -2.2744647e+00
  -1.5090755e+00
  -1.2967236e+00
  -1.0599021e+00
  -4.7903700e-01
  -9.7763994e+00
  -9.4936488e+00
  -9.2049079e+00
  -8.8104404e+00
  -8.6319061e+00
  -8.5442599e+00
  -8.3094208e+00
  -7.8864113e+00
  -7.4903531e+00
  -7.4327667e+00
  -7.3275377e+00
  -7.1663571e+00
  -7.2718937e+00
  -7.0822232e+00
  -6.5428582e+00
  -6.0275978e+00
  -5.6675641e+00
  -5.7685735e+00
  -5.6718162e+00
  -5.5051068e+00
  -5.6077457e+00
  -5.4470945e+00
  -5.3632536e+00
  -5.1122135e+00
  -4.9361808e+00
  -4.9747491e+00
  -4.9215567e+00
  -4.7871622e+00
  -4.7158804e+00
  -4.6139675e+00
  -4.4729664e+00
  -4.1992776e+00
  -3.8025632e+00
  -3.7317301e+00
  -3.3015467e+00
  -3.1885618e+00
  -3.2143310e+00
  -3.2189946e+00
  -3.1602558e+00
  -3.1947831e+00
  -3.2505071e+00
  -3.2289175e+00
  -3.2224643e+00
  -3.2011786e+00
  -3.1867809e+00
  -3.2610587e+00
  -3.3447072e+00
  -3.3785759e+00
  -3.3467111e+00
  -3.3790497e+00
  -3.4294780e+00
  -3.3684272e+00
  -1.1299973e+01
  -1.1003423e+01
  -1.0626537e+01
  -1.0173479e+01
  -1.0108784e+01
  -9.9703834e+00
  -9.5325046e+00
  -9.0606121e+00
  -8.7647567e+00
  -8.6635393e+00
  -8.2506667e+00
  -8.0057470e+00
  -8.0616102e+00
  -8.0506319e+00
  -7.6838107e+00
  -7.0063443e+00
  -6.3879966e+00
  -6.5527934e+00
  -6.2814875e+00
  -6.1336716e+00
  -6.2053066e+00
  -6.0478475e+00
  -5.9245150e+00
  -5.5710278e+00
  -5.3933502e+00
  -5.3866044e+00
  -5.4169534e+00
  -5.3058431e+00
  -5.2582857e+00
  -5.1643837e+00
  -5.0893844e+00
  -4.9542572e+00
  -4.8344650e+00
  -4.8176220e+00
  -4.5859506e+00
  -4.2479806e+00
  -4.0631903e+00
  -4.0745026e+00
  -3.8242407e+00
  -3.7658399e+00
  -3.9841743e+00
  -3.9449913e+00
  -3.7391247e+00
  -3.7942009e+00
  -3.8614563e+00
  -3.7045238e+00
  -3.7549968e+00
  -3.6658183e+00
  -3.7165382e+00
  -3.8253372e+00
  -3.8433269e+00
  -3.7604441e+00
  -1.2945057e+01
  -1.2682882e+01
  -1.2216652e+01
  -1.1791311e+01
  -1.1677965e+01
  -1.1293161e+01
  -1.1010225e+01
  -1.0476280e+01
  -1.0128592e+01
  -9.9675452e+00
  -9.5802420e+00
  -9.2102834e+00
  -9.3300439e+00
  -9.3683222e+00
  -8.9486369e+00
  -8.0873121e+00
  -7.4835331e+00
  -7.6678133e+00
  -7.4382914e+00
  -7.4960476e+00
  -7.5503992e+00
  -7.4169595e+00
  -7.2934390e+00
  -6.5130052e+00
  -5.9964164e+00
  -6.1029970e+00
  -6.1236151e+00
  -5.9653670e+00
  -5.9255498e+00
  -5.8037319e+00
  -5.6114192e+00
  -5.4198366e+00
  -5.3197708e+00
  -5.3098044e+00
  -5.1551868e+00
  -4.9542637e+00
  -4.8044966e+00
  -4.8808311e+00
  -4.8318775e+00
  -4.6279999e+00
  -4.7211999e+00
  -4.6738271e+00
  -4.6302670e+00
  -4.6098532e+00
  -4.7090904e+00
  -4.5734796e+00
  -4.6372003e+00
  -4.4807819e+00
  -4.5159946e+00
  -4.4613165e+00
  -4.4397093e+00
  -4.4919341e+00
  -1.4083936e+01
  -1.3936834e+01
  -1.3501310e+01
  -1.3031297e+01
  -1.2988802e+01
  -1.2579241e+01
  -1.2278133e+01
  -1.1866224e+01
  -1.1613819e+01
  -1.1398965e+01
  -1.1090266e+01
  -1.0872758e+01
  -1.0922791e+01
  -1.0885814e+01
  -1.0479245e+01
  -9.5123514e+00
  -8.7934443e+00
  -8.8583454e+00
  -8.6015391e+00
  -9.0441012e+00
  -9.0031334e+00
  -8.8953268e+00
  -8.9735522e+00
  -8.2467190e+00
  -7.7578091e+00
  -7.9067124e+00
  -8.1232039e+00
  -7.9103049e+00
  -7.7462438e+00
  -7.3696549e+00
  -6.9334550e+00
  -6.6489726e+00
  -6.4753490e+00
  -6.3907896e+00
  -6.1478106e+00
  -5.7174320e+00
  -5.4865208e+00
  -5.6265478e+00
  -5.5807208e+00
  -5.3917807e+00
  -5.5263774e+00
  -5.4078949e+00
  -5.4130676e+00
  -5.3571481e+00
  -5.5709990e+00
  -5.4299376e+00
  -5.5391786e+00
  -5.4626065e+00
  -5.5137096e+00
  -5.4248258e+00
  -5.3707354e+00
  -5.3760241e+00
  -1.4780490e+01
  -1.4851595e+01
  -1.4630333e+01
  -1.4210188e+01
  -1.4079817e+01
  -1.3762649e+01
  -1.3520332e+01
  -1.3088159e+01
  -1.3014316e+01
  -1.3007132e+01
  -1.2780785e+01
  -1.2552235e+01
  -1.2512747e+01
  -1.2326554e+01
  -1.1775211e+01
  -1.0926044e+01
  -1.0368631e+01
  -1.0297964e+01
  -1.0000677e+01
  -1.0434268e+01
  -1.0449023e+01
  -1.0294830e+01
  -1.0294855e+01
  -9.7110284e+00
  -9.4206026e+00
  -9.5001802e+00
  -9.7530427e+00
  -9.3779271e+00
  -9.3342111e+00
  -9.1490072e+00
  -8.9523073e+00
  -8.8037233e+00
  -8.7902560e+00
  -8.6981819e+00
  -8.4483110e+00
  -8.1166089e+00
  -7.4600555e+00
  -7.4930064e+00
  -7.7839356e+00
  -6.9061086e+00
  -7.4281589e+00
  -6.9705700e+00
  -6.9351113e+00
  -6.5942865e+00
  -6.8720643e+00
  -6.8240741e+00
  -6.9133422e+00
  -6.5921081e+00
  -6.7362839e+00
  -6.6895668e+00
  -6.6399214e+00
  -6.6233561e+00
  -1.3713528e+01
  -1.3815480e+01
  -1.4155415e+01
  -1.4740543e+01
  -1.4654416e+01
  -1.4569002e+01
  -1.4533777e+01
  -1.4471586e+01
  -1.4357962e+01
  -1.4334764e+01
  -1.4276864e+01
  -1.4055233e+01
  -1.3885707e+01
  -1.3683558e+01
  -1.3197708e+01
  -1.2274806e+01
  -1.1825061e+01
  -1.1742755e+01
  -1.1181872e+01
  -1.1648209e+01
  -1.1644284e+01
  -1.1582041e+01
  -1.1696702e+01
  -1.1204311e+01
  -1.0874212e+01
  -1.1106517e+01
  -1.1126927e+01
  -1.0832234e+01
  -1.0819934e+01
  -1.0584078e+01
  -1.0310019e+01
  -1.0212082e+01
  -1.0261671e+01
  -1.0159520e+01
  -9.9529963e+00
  -9.7079163e+00
  -9.3631214e+00
  -9.3122934e+00
  -9.4633919e+00
  -8.8425863e+00
  -9.2339402e+00
  -8.9413177e+00
  -9.0047321e+00
  -8.5648331e+00
  -8.7975318e+00
  -8.7439336e+00
  -8.7913496e+00
  -8.5418471e+00
  -8.7057669e+00
  -8.5305218e+00
  -8.4002732e+00
  -8.7520980e+00
  -1.1689696e+01
  -1.2104282e+01
  -1.2623739e+01
  -1.3310774e+01
  -1.3770852e+01
  -1.4050210e+01
  -1.4265468e+01
  -1.4668459e+01
  -1.4845176e+01
  -1.4984750e+01
  -1.5195207e+01
  -1.5101363e+01
  -1.4779335e+01
  -1.4742400e+01
  -1.4395163e+01
  -1.3570468e+01
  -1.3138432e+01
  -1.3263774e+01
  -1.2961428e+01
  -1.3152922e+01
  -1.3226216e+01
  -1.3007531e+01
  -1.3005475e+01
  -1.2467500e+01
  -1.2235093e+01
  -1.2449155e+01
  -1.2362374e+01
  -1.2113514e+01
  -1.2123680e+01
  -1.1898523e+01
  -1.1668085e+01
  -1.1432934e+01
  -1.1242553e+01
  -1.1088609e+01
  -1.0935040e+01
  -1.0737650e+01
  -1.0361576e+01
  -1.0161178e+01
  -1.0358042e+01
  -9.9342143e+00
  -1.0250546e+01
  -9.9698504e+00
  -1.0117624e+01
  -1.0025327e+01
  -1.0100936e+01
  -1.0073158e+01
  -1.0116334e+01
  -9.8340828e+00
  -1.0070852e+01
  -1.0077267e+01
  -1.0011338e+01
  -1.0107997e+01
  -1.0928136e+01
  -1.1435801e+01
  -1.2122752e+01
  -1.2715137e+01
  -1.3079087e+01
  -1.3399363e+01
  -1.3478618e+01
  -1.3623473e+01
  -1.3640845e+01
  -1.3705968e+01
  -1.4066363e+01
  -1.4875016e+01
  -1.5352580e+01
  -1.5645363e+01
  -1.5435801e+01
  -1.4826033e+01
  -1.4452943e+01
  -1.4539451e+01
  -1.4366450e+01
  -1.4517033e+01
  -1.4193974e+01
  -1.4057916e+01
  -1.4059766e+01
  -1.3567498e+01
  -1.3207906e+01
  -1.3222628e+01
  -1.3270938e+01
  -1.2886501e+01
  -1.2917392e+01
  -1.2700993e+01
  -1.2419179e+01
  -1.2109240e+01
  -1.1931759e+01
  -1.1770344e+01
  -1.1689058e+01
  -1.1614639e+01
  -1.1340637e+01
  -1.1094111e+01
  -1.1143144e+01
  -1.0638303e+01
  -1.1106448e+01
  -1.0961357e+01
  -1.0948655e+01
  -1.0911339e+01
  -1.1045489e+01
  -1.0992603e+01
  -1.1319273e+01
  -1.1104038e+01
  -1.1250251e+01
  -1.1180701e+01
  -1.0995109e+01
  -1.1216106e+01
  -9.1758579e+00
  -9.2400834e+00
  -1.0428265e+01
  -1.1581932e+01
  -1.1375356e+01
  -1.1717462e+01
  -1.2013879e+01
  -1.2102038e+01
  -1.1957497e+01
  -1.1995885e+01
  -1.2435564e+01
  -1.3195121e+01
  -1.3917825e+01
  -1.4883552e+01
  -1.5358520e+01
  -1.5966340e+01
  -1.5659628e+01
  -1.5505690e+01
  -1.5374985e+01
  -1.5283230e+01
  -1.5031885e+01
  -1.4766801e+01
  -1.4774697e+01
  -1.4523196e+01
  -1.4172204e+01
  -1.4030251e+01
  -1.3999732e+01
  -1.3498786e+01
  -1.3436494e+01
  -1.3077228e+01
  -1.2793669e+01
  -1.2692825e+01
  -1.2535764e+01
  -1.2381251e+01
  -1.2241065e+01
  -1.2132069e+01
  -1.1955521e+01
  -1.1733630e+01
  -1.1751098e+01
  -1.1526940e+01
  -1.1648255e+01
  -1.1766902e+01
  -1.1806163e+01
  -1.1755368e+01
  -1.1808721e+01
  -1.1760488e+01
  -1.1810133e+01
  -1.1819620e+01
  -1.1945241e+01
  -1.1976208e+01
  -1.1773131e+01
  -1.1794548e+01
  -4.0438514e+00
  -4.7564899e+00
  -5.6782959e+00
  -6.5877151e+00
  -6.4022674e+00
  -5.4849225e+00
  -6.0599597e+00
  -6.6563259e+00
  -6.8431759e+00
  -7.0453842e+00
  -7.9379485e+00
  -9.4197310e+00
  -1.1965940e+01
  -1.2996718e+01
  -1.4233128e+01
  -1.6324895e+01
  -1.6076523e+01
  -1.5229996e+01
  -1.5443307e+01
  -1.5162114e+01
  -1.5290468e+01
  -1.5099204e+01
  -1.5011778e+01
  -1.4912474e+01
  -1.4627344e+01
  -1.4282565e+01
  -1.4251239e+01
  -1.3919436e+01
  -1.3664138e+01
  -1.3406034e+01
  -1.3262052e+01
  -1.3274501e+01
  -1.3172559e+01
  -1.2993323e+01
  -1.2754336e+01
  -1.2494314e+01
  -1.2225606e+01
  -1.2067856e+01
  -1.2183224e+01
  -1.2025662e+01
  -1.2121734e+01
  -1.2094293e+01
  -1.2045564e+01
  -1.2019476e+01
  -1.1991281e+01
  -1.1907645e+01
  -1.1854841e+01
  -1.2042163e+01
  -1.2261471e+01
  -1.2273569e+01
  -1.2207789e+01
  -1.2132488e+01
   5.0000000e+00
  -3.3170509e-01
  -1.1776864e+00
  -1.4346383e+00
  -1.3888950e+00
  -1.4553184e+00
  -1.3067357e+00
  -7.8119773e-01
  -4.0131711e-01
  -1.7570202e+00
  -2.8926342e+00
  -4.0317973e+00
  -7.9048440e+00
  -9.0413428e+00
  -1.1249771e+01
  -1.4515401e+01
  -1.4231801e+01
  -1.1697823e+01
  -1.2744274e+01
  -1.1906400e+01
  -1.3029986e+01
  -1.3311696e+01
  -1.2946707e+01
  -1.3631000e+01
  -1.4296976e+01
  -1.4012202e+01
  -1.4267838e+01
  -1.4537115e+01
  -1.4353024e+01
  -1.4093398e+01
  -1.3949118e+01
  -1.3984880e+01
  -1.3897007e+01
  -1.3770330e+01
  -1.3538162e+01
  -1.3251442e+01
  -1.2953909e+01
  -1.2716738e+01
  -1.2829775e+01
  -1.2597403e+01
  -1.2758498e+01
  -1.2689183e+01
  -1.2577224e+01
  -1.2473485e+01
  -1.2385692e+01
  -1.2307587e+01
  -1.2129973e+01
  -1.2356655e+01
  -1.2509189e+01
  -1.3079868e+01
  -1.3980718e+01
  -1.3900949e+01
   5.0000000e+00
   1.3713646e+00
   1.2601546e+00
   1.2194412e+00
   1.2157254e+00
   1.1490429e+00
   1.1498038e+00
   1.1175593e+00
   1.2021398e+00
   7.7819543e-01
   2.2056036e-01
  -1.6466556e-01
  -2.6213001e+00
  -3.6258744e+00
  -7.6168639e+00
  -1.0997634e+01
  -1.0536933e+01
  -7.9041816e+00
  -1.0282941e+01
  -7.6625182e+00
  -8.4965326e+00
  -8.4656240e+00
  -8.5986857e+00
  -1.0364668e+01
  -1.1896835e+01
  -1.2200691e+01
  -1.2665946e+01
  -1.3434680e+01
  -1.3247995e+01
  -1.3386114e+01
  -1.4091156e+01
  -1.4756355e+01
  -1.4755401e+01
  -1.4490885e+01
  -1.4383205e+01
  -1.4273767e+01
  -1.4025114e+01
  -1.3634514e+01
  -1.3846406e+01
  -1.3551711e+01
  -1.3395675e+01
  -1.3221496e+01
  -1.3035943e+01
  -1.3116598e+01
  -1.3162365e+01
  -1.3047399e+01
  -1.2752303e+01
  -1.2528253e+01
  -1.2287212e+01
  -1.2960830e+01
  -1.4236325e+01
  -1.3904579e+01
   5.0000000e+00
   1.9637723e+00
   2.0041734e+00
   2.1822446e+00
   1.8621502e+00
   1.9999927e+00
   1.9269525e+00
   1.1169398e+00
   1.3635680e+00
   1.2121781e+00
   1.1112341e+00
   1.0316099e+00
   5.9313750e-01
  -4.2154826e-01
  -2.1031475e+00
  -5.0802545e+00
  -6.3730282e+00
  -3.2475980e+00
  -5.3137956e+00
  -3.7036877e+00
  -4.4219481e+00
  -3.2842887e+00
  -4.3249381e+00
  -7.3763188e+00
  -8.5107562e+00
  -8.4334334e+00
  -8.7237990e+00
  -9.3919552e+00
  -9.4190397e+00
  -1.0110559e+01
  -1.1268340e+01
  -1.2184164e+01
  -1.2734155e+01
  -1.3204930e+01
  -1.3730086e+01
  -1.4348120e+01
  -1.4907254e+01
  -1.4397821e+01
  -1.4261527e+01
  -1.3906294e+01
  -1.3636886e+01
  -1.3575794e+01
  -1.3419778e+01
  -1.3519964e+01
  -1.3595767e+01
  -1.3628120e+01
  -1.3470605e+01
  -1.3172640e+01
  -1.2599358e+01
  -1.2511264e+01
  -1.2684896e+01
  -1.2519954e+01
   5.0000000e+00
   2.2502832e+00
   2.5423549e+00
   2.6187191e+00
   2.2814705e+00
  -5.2657573e-10
   1.4958263e+00
   1.7081438e-09
  -1.9815693e-09
   6.5130378e-01
   1.3400440e+00
   1.5025201e+00
   1.1820756e+00
   1.3111746e+00
   1.4563506e+00
   1.2087990e+00
   9.5380491e-01
   4.6161479e-01
  -3.4506618e-01
   5.4196205e-01
   5.2329089e-01
   8.7523344e-01
  -1.1662352e-01
  -4.0249223e+00
  -4.8985080e+00
  -3.1376590e+00
  -2.0949468e+00
  -2.9529407e+00
  -3.7641912e+00
  -5.3125813e+00
  -7.3059227e+00
  -7.3844002e+00
  -7.9737757e+00
  -8.9916456e+00
  -1.0451547e+01
  -1.1684681e+01
  -1.3178560e+01
  -1.3924578e+01
  -1.3598777e+01
  -1.3826530e+01
  -1.3944208e+01
  -1.3467403e+01
  -1.3076236e+01
  -1.3222799e+01
  -1.3204629e+01
  -1.3517618e+01
  -1.3900698e+01
  -1.3804052e+01
  -1.3845342e+01
  -1.3660476e+01
  -1.2797851e+01
  -1.2665289e+01
   5.0000000e+00
   2.3872817e+00
   2.7028996e+00
   2.8571195e+00
   1.2164298e+00
  -1.3242101e-09
  -1.3175936e-09
  -1.2476048e-09
   6.2091300e-10
   5.0715941e-01
   4.7961805e-01
   5.6765876e-01
   2.0121626e+00
   1.8903975e+00
   2.7137795e+00
   2.5529776e+00
   2.4162385e+00
   2.2851808e+00
   1.6451431e+00
   1.3418340e+00
   1.6492253e+00
   1.3846803e+00
   1.3516873e+00
   8.3823864e-01
   8.3530257e-01
   1.3009627e+00
   1.6785476e+00
   1.4014242e+00
   8.1888176e-01
   5.0607886e-01
  -1.1814445e+00
  -1.0436544e+00
  -2.6391704e+00
  -4.1196622e+00
  -5.3321100e+00
  -6.6169703e+00
  -7.7535134e+00
  -9.7245117e+00
  -1.0161344e+01
  -1.0944414e+01
  -1.3146752e+01
  -1.1625158e+01
  -1.0310792e+01
  -1.0758119e+01
  -1.0673750e+01
  -1.1032418e+01
  -1.1638263e+01
  -1.1632666e+01
  -1.1999700e+01
  -1.1823905e+01
  -1.0789983e+01
  -1.1089968e+01
   5.0000000e+00
   2.5112025e+00
   2.8409051e+00
   2.8883972e+00
   1.2674181e+00
  -3.2072614e-09
  -3.0368505e-09
  -1.7218790e-09
   5.2020701e-01
   5.3357337e-01
   6.0743866e-01
   6.1738919e-01
   2.1898851e+00
   2.3746269e+00
   3.1433710e+00
   2.9207580e+00
   2.5621123e+00
   3.1085049e+00
   2.1956968e+00
   2.2014766e+00
   2.0866440e+00
   1.5765900e+00
   1.6340048e+00
   1.9948681e+00
   2.0500022e+00
   2.2297381e+00
   2.2566840e+00
   2.0090230e+00
   2.2427215e+00
   1.8319574e+00
   1.4890153e+00
   1.4659561e+00
   7.0312767e-01
  -4.5622187e-01
  -1.3168173e+00
  -2.2034749e+00
  -3.2684802e+00
  -4.3488406e+00
  -4.4897250e+00
  -5.3316218e+00
  -9.1517169e+00
  -7.2135674e+00
  -5.9846504e+00
  -6.5467281e+00
  -6.3590491e+00
  -5.4638289e+00
  -6.6043411e+00
  -6.7658054e+00
  -6.2780742e+00
  -6.2381625e+00
  -5.1174603e+00
  -5.5259955e+00
   5.0000000e+00
   2.5991566e+00
   2.7692396e+00
   1.3074177e+00
   1.2979082e+00
  -5.1163124e-10
   9.6945249e-10
   1.0032395e-09
   5.3313025e-01
   6.7011251e-01
   6.3746894e-01
   6.4121653e-01
   2.5805913e+00
   2.6934591e+00
   3.3220607e+00
   3.2400828e+00
   2.7641139e+00
   2.9288967e+00
   2.3217864e+00
   2.0507062e+00
   2.1149144e+00
   1.6869408e+00
   1.7361210e+00
   2.4354424e+00
   2.5173914e+00
   2.3046674e+00
   2.1893729e+00
   2.2499850e+00
   1.8294690e+00
   2.3320339e+00
   2.4570419e+00
   2.1563663e+00
   1.8770771e+00
   1.4608189e+00
   1.0112103e+00
   7.0510058e-01
   8.0456800e-01
   6.5430564e-01
   5.7432122e-01
  -5.3957521e-01
  -2.0256607e+00
  -2.1432813e+00
  -2.6274868e-02
  -1.8447337e+00
  -1.3386907e+00
  -9.1050954e-01
  -1.2164332e+00
  -1.3733819e+00
  -1.2270651e+00
  -1.7865116e+00
   2.1691770e-02
   2.8180569e-01
   5.0000000e+00
   2.6645529e+00
   2.8290723e+00
   1.3230224e+00
   1.3154563e+00
  -1.2484291e-09
  -1.6571674e-10
   5.5375602e-01
   5.3730948e-01
   6.8732895e-01
   6.5223219e-01
   2.0667990e+00
   2.6824514e+00
   2.5157049e+00
   3.4098192e+00
   3.3652392e+00
   2.8827534e+00
   2.1792569e+00
   2.0411151e+00
   2.2350064e+00
   2.4693605e+00
   2.2132905e+00
   1.3529999e+00
   3.2421837e+00
   2.3432296e+00
   2.4375405e+00
   2.2977654e+00
   2.8030867e+00
   1.9233208e+00
   2.2209712e+00
   2.9252008e+00
   2.5595084e+00
   2.4027412e+00
   2.3381835e+00
   2.1180792e+00
   2.1757411e+00
   2.3599798e+00
   1.0513113e+00
   1.4441198e+00
   1.5348424e+00
   1.5312073e+00
   1.0559064e+00
   1.1716294e+00
   1.0612166e+00
   1.1005662e+00
   1.4048705e+00
   1.3677036e+00
   1.5346428e+00
   1.6282196e+00
   1.6589741e+00
   1.6117834e+00
   1.5102105e+00
   5.0000000e+00
   2.7149505e+00
   2.8740750e+00
   1.3306828e+00
   2.5429150e-09
   1.3896042e-09
   5.5375524e-01
   5.5737178e-01
   5.3715278e-01
   6.9821516e-01
   6.6074190e-01
   1.4121497e+00
   2.7478527e+00
   3.0981342e+00
   3.6698150e+00
   2.7269051e+00
   2.9604671e+00
   2.2553239e+00
   2.0974017e+00
   2.2997117e+00
   2.5428890e+00
   2.8979633e+00
   1.7812006e+00
   2.7528125e+00
   2.4289749e+00
   2.2200176e+00
   2.3426786e+00
   2.9138754e+00
   1.7476535e+00
   1.9857238e+00
   3.4648848e+00
   2.9318368e+00
   2.8499032e+00
   2.5534948e+00
   2.6384922e+00
   2.5028539e+00
   3.3272971e+00
   1.9487046e+00
   1.9782241e+00
   2.2741039e+00
   2.0102447e+00
   1.7055389e+00
   1.7220803e+00
   1.6825279e+00
   1.4497022e+00
   2.0831509e+00
   1.9787356e+00
   2.1717467e+00
   2.2286113e+00
   2.0850866e+00
   2.1330562e+00
   1.4902905e+00
   5.0000000e+00
   1.9848881e+00
   1.6743348e+00
   1.3359118e+00
  -5.8808026e-11
  -5.3065766e-11
   5.5657241e-01
   5.5784685e-01
   7.0191121e-01
   7.0497783e-01
   7.1849354e-01
   2.6958682e+00
   2.3835623e+00
   3.5854948e+00
   3.7685522e+00
   2.7861160e+00
   2.6631999e+00
   2.3072624e+00
   3.1123385e+00
   2.3374600e+00
   2.5856915e+00
   2.9666030e+00
   1.9906702e+00
   2.0496296e+00
   3.1585303e+00
   2.3172037e+00
   2.9319757e+00
   2.8860907e+00
   1.7787171e+00
   2.8306783e+00
   3.1819235e+00
   2.9613784e+00
   2.9150220e+00
   2.8477996e+00
   2.7621089e+00
   3.4326816e+00
   3.3651445e+00
   2.0230987e+00
   1.7670972e+00
   1.8189956e+00
   2.2848012e+00
   2.0123581e+00
   2.0261149e+00
   1.9384355e+00
   1.7741643e+00
   1.9378524e+00
   2.3873781e+00
   2.3797240e+00
   2.1960538e+00
   2.0655157e+00
   1.6570404e+00
   1.3991246e+00
   2.7299482e+00
   2.8875621e+00
   1.6037506e+00
   1.3736614e+00
  -2.2243050e-10
  -2.4057028e-10
   5.5705846e-01
  -2.3164960e-09
   7.0768509e-01
   7.0926458e-01
   7.2352347e-01
   1.4098193e+00
   2.4115179e+00
   3.8402027e+00
   3.8433501e+00
   2.8305248e+00
   2.6859112e+00
   2.3448091e+00
   3.1627885e+00
   2.3606984e+00
   2.6121163e+00
   3.0117691e+00
   2.1430955e+00
   2.8732211e+00
   2.3164660e+00
   2.3417570e+00
   2.9737105e+00
   3.1433424e+00
   2.4416220e+00
   3.0396982e+00
   2.4429838e+00
   3.1159219e+00
   3.0842337e+00
   3.0350976e+00
   2.9686912e+00
   2.7899447e+00
   2.8739903e+00
   1.8993755e+00
   2.1800795e+00
   1.9112977e+00
   2.4289023e+00
   2.1808893e+00
   2.1886989e+00
   2.0131931e+00
   1.7850783e+00
   1.8889140e+00
   2.2949448e+00
   2.0987112e+00
   2.2293345e+00
   1.5538639e+00
   1.2266961e-13
   1.3718450e+00
