   5.0000000e+00
   5.0000000e+00
   5.0000000e+00
   5.0000000e+00
   5.0000000e+00
   5.0000000e+00
   2.6641728e+00
   2.6625434e+00
   2.5102486e+00
   1.0679932e+00
   1.1175082e+00
   1.1658316e+00
   1.5260615e+00
   1.0313113e+00
   1.4948182e+00
   1.5926901e+00
   1.2847039e+00
   1.8994857e+00
   8.7432043e-01
   1.7322107e+00
   1.0960523e+00
   1.6408863e+00
   8.8890531e-01
   9.0444128e-01
   7.4950104e-01
   5.2640949e-01
   7.0912661e-01
   5.2896288e-01
   5.3137530e-01
   1.9462705e+00
   2.0900413e+00
   1.4842303e+00
   9.6044682e-01
   9.6020062e-01
   1.2498619e+00
   7.9861850e-01
   1.4746499e+00
   1.0373252e+00
   1.1876717e+00
   8.2957000e-01
   8.2226984e-01
   8.2623472e-01
   1.4174143e+00
   7.9928799e-01
   1.4352168e+00
   9.3498046e-01
   9.4072739e-01
   1.3756189e+00
   2.3989051e+00
   2.3814955e+00
   2.2174429e+00
   2.1476925e+00
   2.1112812e+00
   5.0000000e+00
   5.0000000e+00
   1.0808857e+00
   1.3752640e+00
   2.1556374e+00
   2.2944905e+00
   2.6410726e+00
   2.1559034e+00
   2.4634111e+00
   1.0502870e+00
   1.1190677e+00
   1.1507260e+00
   1.5018252e+00
   1.0082034e+00
   1.4847790e+00
   1.6213516e+00
   1.2690228e+00
   8.4504370e-01
   8.6710671e-01
   2.2935704e+00
   8.8393876e-01
   1.6278561e+00
   1.5510250e+00
   8.9552202e-01
   1.5915601e+00
   5.2314968e-01
   5.2573631e-01
   5.2608101e-01
   1.2604549e+00
   2.2208099e+00
   1.9451313e+00
   1.4812967e+00
   9.6231247e-01
   9.7195521e-01
   1.2604633e+00
   1.1504234e+00
   1.4605580e+00
   1.1866819e+00
   1.1794619e+00
   8.2386617e-01
   8.1516862e-01
   8.1852047e-01
   1.4032654e+00
   1.2977029e+00
   1.4214605e+00
   9.3785086e-01
   9.3427982e-01
   1.7454939e+00
   2.1483666e+00
   2.3780547e+00
   2.2133431e+00
   2.1404205e+00
   2.1567424e+00
   5.0000000e+00
   5.0000000e+00
   9.9406560e-01
   1.3341175e+00
   2.0895284e+00
   2.2494798e+00
   2.5310533e+00
   2.0906742e+00
   1.5646952e+00
   1.5595378e+00
   1.1225734e+00
   1.4330365e+00
   1.4284255e+00
   9.9545130e-01
   1.5709680e+00
   1.5996736e+00
   1.4887682e+00
   8.2737383e-01
   2.2669272e+00
   2.2660812e+00
   1.6948781e+00
   1.6111712e+00
   1.5355047e+00
   1.3632482e+00
   1.4289959e+00
   5.1911306e-01
   5.2213905e-01
   5.2256241e-01
   1.2477720e+00
   2.1944065e+00
   2.1211950e+00
   1.4769789e+00
   9.6350809e-01
   1.1784960e+00
   1.2475251e+00
   1.1372647e+00
   1.4433911e+00
   1.1388150e+00
   8.1822107e-01
   8.1661704e-01
   8.0379337e-01
   1.1285703e+00
   1.3862267e+00
   1.2841068e+00
   1.1515002e+00
   1.6125552e+00
   9.2648037e-01
   1.8485814e+00
   2.4033488e+00
   2.3736009e+00
   2.1705358e+00
   2.1316951e+00
   2.1678654e+00
  -3.9154748e-01
   1.6700528e-01
   8.3882656e-01
   1.4611238e+00
   1.9334626e+00
   2.1226997e+00
   2.3527370e+00
   2.0425229e+00
   1.8346053e+00
   1.9655058e+00
   1.0816307e+00
   1.3457631e+00
   1.4002286e+00
   9.7222102e-01
   1.4602922e+00
   1.5507839e+00
   1.4579683e+00
   2.2989552e+00
   2.2317437e+00
   2.2269367e+00
   1.6659548e+00
   1.5891695e+00
   1.5602830e+00
   1.3492601e+00
   5.0746092e-01
   1.1487693e+00
   5.1763769e-01
   5.1816940e-01
   1.2318400e+00
   2.1610018e+00
   2.1043918e+00
   1.4704797e+00
   1.4862661e+00
   1.1640640e+00
   1.2032089e+00
   1.1403941e+00
   1.0336687e+00
   1.1299464e+00
   8.1104658e-01
   8.0720941e-01
   7.8526936e-01
   1.1113993e+00
   1.3653423e+00
   1.2674872e+00
   1.3232180e+00
   1.6006875e+00
   2.0231699e+00
   1.8353824e+00
   2.4001839e+00
   2.8279690e+00
   2.1639285e+00
   2.1210403e+00
   1.7627129e+00
  -1.9052744e+00
  -1.1333814e+00
   1.5535889e-01
   8.9638820e-01
   1.3441083e+00
   1.6301087e+00
   1.9029885e+00
   1.6168683e+00
   1.7045061e+00
   1.8163481e+00
   1.7893712e+00
   1.6820940e+00
   1.8667279e+00
   1.5418500e+00
   1.4044329e+00
   1.6216154e+00
   1.9416001e+00
   2.3072314e+00
   2.6073157e+00
   2.1685469e+00
   1.6235332e+00
   1.6581841e+00
   1.3404369e+00
   1.3302984e+00
   1.1260252e+00
   1.1322132e+00
   5.1183382e-01
   5.1252006e-01
   1.4719060e+00
   2.1175310e+00
   2.0810109e+00
   2.1198033e+00
   1.3940694e+00
   1.1456801e+00
   1.1367824e+00
   1.1988123e+00
   1.1751327e+00
   1.1184024e+00
   7.8051983e-01
   7.8726645e-01
   1.0799667e+00
   1.0543763e+00
   1.3391947e+00
   1.2467286e+00
   1.3004851e+00
   1.5855770e+00
   2.0028453e+00
   1.8189938e+00
   2.3953561e+00
   2.2315461e+00
   2.1555901e+00
   2.1077523e+00
   1.7574003e+00
  -3.6849199e+00
  -3.8359796e+00
  -3.8130581e+00
  -3.1164478e+00
  -1.1269572e+00
   4.7532521e-01
   8.9366290e-01
   1.1801740e+00
   1.2777673e+00
   1.5338626e+00
   1.5969503e+00
   2.0039923e+00
   1.7714735e+00
   1.4799391e+00
   1.3844011e+00
   1.8706636e+00
   2.3644629e+00
   2.2181972e+00
   2.2250938e+00
   1.8472299e+00
   1.6164788e+00
   1.6187468e+00
   1.4372608e+00
   2.0321208e+00
   1.1018605e+00
   1.1086575e+00
   9.9677559e-01
   1.4385780e+00
   1.6712925e+00
   2.0589385e+00
   2.0469294e+00
   2.0908963e+00
   1.3617493e+00
   1.7139901e+00
   1.1083499e+00
   1.2004596e+00
   1.1649440e+00
   1.1028551e+00
   7.6861174e-01
   7.7027589e-01
   1.0581483e+00
   1.6700139e+00
   7.4268049e-01
   1.2201094e+00
   1.8744649e+00
   1.5657367e+00
   1.9766802e+00
   1.7981234e+00
   2.3877866e+00
   2.2249763e+00
   2.1447478e+00
   2.2502112e+00
   1.7496368e+00
  -4.8262749e+00
  -4.6136989e+00
  -4.4725310e+00
  -4.3673008e+00
  -4.0944216e+00
  -3.7669340e+00
  -3.0299957e+00
  -1.3591593e+00
  -1.7160147e-01
   6.7353463e-01
   9.9745182e-01
   1.6498766e+00
   1.5845616e+00
   2.2371847e+00
   1.7789480e+00
   1.9373377e+00
   2.1318228e+00
   2.0580923e+00
   1.8615020e+00
   2.0832126e+00
   1.5554869e+00
   1.5547869e+00
   1.3951779e+00
   1.9511443e+00
   1.0650849e+00
   9.6482230e-01
   1.4917235e+00
   1.9137945e+00
   2.0518124e+00
   1.9841006e+00
   1.9942086e+00
   1.9339093e+00
   1.9535881e+00
   1.7137930e+00
   1.7262847e+00
   1.2007026e+00
   1.1505174e+00
   1.1292389e+00
   7.5138151e-01
   1.5027973e+00
   1.0571302e+00
   1.7711077e+00
   1.2592863e+00
   1.1848206e+00
   1.5890513e+00
   1.5386641e+00
   1.9418496e+00
   1.7707131e+00
   2.3755171e+00
   2.2776572e+00
   2.1301385e+00
   2.2242044e+00
   1.7378706e+00
  -5.5260408e+00
  -5.4062955e+00
  -5.2148840e+00
  -4.9617475e+00
  -4.8068530e+00
  -4.5718647e+00
  -4.3749744e+00
  -3.7842992e+00
  -3.3015078e+00
  -2.2214575e+00
  -2.5494799e-01
   5.6469691e-01
   1.3140298e+00
   1.4872057e+00
   1.7774497e+00
   1.6756845e+00
   1.5434244e+00
   1.6053071e+00
   1.6609827e+00
   1.7917549e+00
   1.4433512e+00
   1.3246804e+00
   1.7162493e+00
   1.6205229e+00
   1.0028909e+00
   1.4136761e+00
   1.4143606e+00
   1.4471417e+00
   1.7266177e+00
   1.5328832e+00
   1.5783149e+00
   1.8409858e+00
   1.8706981e+00
   1.6567643e+00
   1.6706546e+00
   1.1972225e+00
   1.6497382e+00
   1.0996716e+00
   1.4362796e+00
   1.0971107e+00
   1.0141268e+00
   1.7082238e+00
   1.5818559e+00
   1.1359885e+00
   1.4895667e+00
   1.4998158e+00
   1.9982496e+00
   2.5963954e+00
   2.6608727e+00
   2.2118764e+00
   2.2628623e+00
   1.7380648e+00
   1.7192102e+00
  -6.0414377e+00
  -5.9521125e+00
  -5.7101684e+00
  -5.4497214e+00
  -5.2481213e+00
  -5.0569770e+00
  -5.0103951e+00
  -4.8150015e+00
  -4.5792090e+00
  -4.1751671e+00
  -3.7011962e+00
  -3.9465794e+00
  -2.5152584e+00
  -1.4798874e+00
  -3.5153020e-01
  -6.6428117e-02
   5.8128353e-01
   9.5946476e-01
   9.5151491e-01
   1.3992235e+00
   1.6055010e+00
   1.4290238e+00
   1.2803655e+00
   1.3559201e+00
   1.1280911e+00
   1.2720894e+00
   1.2942700e+00
   1.0465664e+00
   1.2317709e+00
   1.2219201e+00
   1.4617492e+00
   1.6875428e+00
   1.6345833e+00
   1.8145658e+00
   1.5869621e+00
   1.6938963e+00
   1.5944692e+00
   1.6424810e+00
   1.3515335e+00
   1.5761987e+00
   1.5520260e+00
   1.6139374e+00
   1.4329111e+00
   1.4297175e+00
   1.4713723e+00
   1.8092428e+00
   1.9335178e+00
   2.5791601e+00
   2.5924627e+00
   2.2929456e+00
   2.2255982e+00
   1.7222589e+00
   1.6878393e+00
  -6.4053762e+00
  -6.3286697e+00
  -6.1914540e+00
  -5.9347555e+00
  -5.7816494e+00
  -5.5285614e+00
  -5.3557071e+00
  -5.2571473e+00
  -5.1168411e+00
  -5.0113744e+00
  -4.8499990e+00
  -4.8330192e+00
  -4.3610111e+00
  -4.2809294e+00
  -3.7320778e+00
  -3.2854286e+00
  -2.3196194e+00
  -1.7148332e+00
  -1.7113064e+00
  -3.1380955e-02
   3.3624524e-01
   6.1451266e-01
   8.3968976e-01
   8.7999860e-01
   9.3714317e-01
   1.2318311e+00
   1.2804836e+00
   1.0074115e+00
   1.1901688e+00
   9.4094261e-01
   1.1561653e+00
   1.3885940e+00
   1.5719326e+00
   1.4880184e+00
   1.3559905e+00
   1.5441811e+00
   1.4904690e+00
   1.4824484e+00
   1.3218778e+00
   1.5690470e+00
   1.4145927e+00
   1.2847294e+00
   1.3129535e+00
   1.5751408e+00
   1.2303435e+00
   1.7231962e+00
   1.8310853e+00
   2.0436300e+00
   2.7860764e+00
   2.2283932e+00
   2.2272243e+00
   1.7266753e+00
   1.6309929e+00
  -6.6827191e+00
  -6.5822960e+00
  -6.5014821e+00
  -6.4347841e+00
  -6.3311032e+00
  -6.1277499e+00
  -5.9092640e+00
  -5.7050965e+00
  -5.5409655e+00
  -5.3723334e+00
  -5.2593839e+00
  -5.2069018e+00
  -5.0271966e+00
  -5.0206966e+00
  -4.8443659e+00
  -4.5289674e+00
  -3.3508232e+00
  -3.2080345e+00
  -3.7596881e+00
  -2.9532846e+00
  -2.8983366e+00
  -2.8918630e+00
  -2.4307141e+00
  -1.7470735e+00
  -1.1243419e-01
  -2.3514961e-01
   1.2714199e-03
   3.1310401e-01
   5.2734773e-01
   3.2619654e-01
   4.0240569e-01
   6.6729171e-01
   1.0708110e+00
   1.2534524e+00
   1.3921164e+00
   1.5932560e+00
   1.6339680e+00
   1.2246217e+00
   1.1640409e+00
   1.2569028e+00
   1.3055920e+00
   1.0608145e+00
   1.0858056e+00
   1.1871718e+00
   1.0802772e+00
   1.4859014e+00
   1.6148623e+00
   1.7699018e+00
   2.3990410e+00
   2.1649890e+00
   2.0940688e+00
   1.6589517e+00
   1.5174926e+00
  -7.1139352e+00
  -6.8945620e+00
  -6.7994555e+00
  -6.7201587e+00
  -6.6489221e+00
  -6.5644706e+00
  -6.2786335e+00
  -6.2423167e+00
  -6.0347934e+00
  -6.0124015e+00
  -5.7196980e+00
  -5.6126118e+00
  -5.4924052e+00
  -5.4300940e+00
  -5.2419227e+00
  -5.0944888e+00
  -4.6002289e+00
  -4.4003826e+00
  -4.6221415e+00
  -3.7975393e+00
  -4.0543637e+00
  -4.1755154e+00
  -3.7090838e+00
  -3.1433316e+00
  -2.8103580e+00
  -2.6704424e+00
  -3.0114352e+00
  -2.8549841e+00
  -2.4425082e+00
  -2.0201204e+00
  -1.6885418e+00
  -1.4473334e+00
  -4.8462901e-01
   2.3516684e-01
   4.3304151e-01
   7.1101425e-01
   7.4451320e-01
   6.8616696e-01
   6.8831380e-01
   7.7804329e-01
   7.6882791e-01
   7.4615137e-01
   5.8825357e-01
   5.3884858e-01
   7.5929355e-01
   1.1110984e+00
   1.2468591e+00
   1.3760476e+00
   1.6709397e+00
   1.8194998e+00
   1.6408249e+00
   1.4724429e+00
   8.2969884e-01
  -7.9298961e+00
  -7.6532066e+00
  -7.5060304e+00
  -7.3507620e+00
  -7.1050656e+00
  -7.0440939e+00
  -6.9497274e+00
  -6.7566664e+00
  -6.5898527e+00
  -6.4078550e+00
  -6.1781841e+00
  -5.9749743e+00
  -6.0126297e+00
  -6.0524944e+00
  -5.7609537e+00
  -5.5609672e+00
  -5.0973543e+00
  -4.9988082e+00
  -5.0588067e+00
  -4.7656974e+00
  -4.8151615e+00
  -4.8339268e+00
  -4.7076263e+00
  -4.4093983e+00
  -3.7497009e+00
  -3.7843804e+00
  -3.9502817e+00
  -3.3995930e+00
  -3.1009266e+00
  -3.0910366e+00
  -3.0874582e+00
  -3.0487282e+00
  -3.0144480e+00
  -2.9445012e+00
  -2.8287250e+00
  -2.2059382e+00
  -1.8218895e+00
  -1.6791884e+00
  -1.8395010e+00
  -1.5383303e+00
  -1.5749836e+00
  -1.7755886e+00
  -1.2227998e+00
  -1.6157378e+00
  -1.3822926e+00
  -8.0530119e-01
   1.4459779e-01
  -3.2010605e-01
   3.4770091e-01
   5.7655490e-01
   7.7837829e-01
   6.9214508e-01
   3.9857888e-01
  -9.1455407e+00
  -8.8560841e+00
  -8.6782134e+00
  -8.4114838e+00
  -8.1730774e+00
  -8.0514378e+00
  -7.9153532e+00
  -7.6457254e+00
  -7.2751051e+00
  -7.0597324e+00
  -7.0625907e+00
  -6.7669343e+00
  -6.7256567e+00
  -6.7433958e+00
  -6.2994959e+00
  -6.0418760e+00
  -5.5815063e+00
  -5.4441320e+00
  -5.4956359e+00
  -5.1815455e+00
  -5.3113409e+00
  -5.2861396e+00
  -5.2481050e+00
  -5.0430244e+00
  -4.7005704e+00
  -4.6886029e+00
  -4.7901505e+00
  -4.6739570e+00
  -4.5695513e+00
  -4.2984746e+00
  -4.0148719e+00
  -3.7743459e+00
  -3.3091292e+00
  -3.1312879e+00
  -3.1508078e+00
  -3.1567655e+00
  -3.1704325e+00
  -3.1691600e+00
  -3.1807002e+00
  -3.1222457e+00
  -3.1536756e+00
  -3.2000346e+00
  -3.1703513e+00
  -3.1190866e+00
  -3.1240190e+00
  -3.1271644e+00
  -3.1889077e+00
  -3.0315818e+00
  -3.0604985e+00
  -3.0144485e+00
  -3.1778749e+00
  -3.0730362e+00
  -2.9194719e+00
  -1.0612126e+01
  -1.0395313e+01
  -1.0080223e+01
  -9.6799651e+00
  -9.3481087e+00
  -9.3290089e+00
  -9.1127176e+00
  -8.7168373e+00
  -8.2233497e+00
  -8.0194384e+00
  -7.8688992e+00
  -7.6281473e+00
  -7.5764324e+00
  -7.7028539e+00
  -7.4222348e+00
  -6.7731772e+00
  -6.0310269e+00
  -5.9801389e+00
  -6.1080319e+00
  -5.7967403e+00
  -5.8862152e+00
  -5.8997459e+00
  -5.7634212e+00
  -5.4845402e+00
  -5.2218896e+00
  -5.1455082e+00
  -5.1553136e+00
  -5.0754260e+00
  -4.9856502e+00
  -4.9282163e+00
  -4.8683883e+00
  -4.7661334e+00
  -4.5455431e+00
  -4.5040425e+00
  -4.1794601e+00
  -3.6967779e+00
  -3.4868536e+00
  -3.4192362e+00
  -3.4880074e+00
  -3.1380743e+00
  -3.2597133e+00
  -3.4780927e+00
  -3.3078361e+00
  -3.2797363e+00
  -3.3147371e+00
  -3.2181949e+00
  -3.3428012e+00
  -3.4086757e+00
  -3.3719079e+00
  -3.4646140e+00
  -3.5050061e+00
  -3.5394066e+00
  -3.4455495e+00
  -1.2284649e+01
  -1.2041350e+01
  -1.1717036e+01
  -1.1221410e+01
  -1.0883839e+01
  -1.0596003e+01
  -1.0406529e+01
  -9.9859350e+00
  -9.4279933e+00
  -9.3368995e+00
  -9.1743850e+00
  -8.7012866e+00
  -8.5700909e+00
  -8.7087406e+00
  -8.4372460e+00
  -7.9166750e+00
  -7.1220779e+00
  -7.0170048e+00
  -7.3265988e+00
  -6.5693012e+00
  -6.8582814e+00
  -6.5984613e+00
  -6.5389745e+00
  -6.1887002e+00
  -5.6376548e+00
  -5.6139601e+00
  -5.6946149e+00
  -5.6685611e+00
  -5.5544538e+00
  -5.4698599e+00
  -5.3832013e+00
  -5.2581400e+00
  -5.1122103e+00
  -5.1089111e+00
  -5.0315319e+00
  -4.9029123e+00
  -4.5544464e+00
  -4.4392644e+00
  -4.5346665e+00
  -4.1259857e+00
  -4.4335279e+00
  -4.4051828e+00
  -4.2707335e+00
  -4.1745968e+00
  -4.2601210e+00
  -4.1874776e+00
  -4.1709675e+00
  -4.0962572e+00
  -4.0324605e+00
  -4.0888557e+00
  -4.1311725e+00
  -4.1096996e+00
  -4.0947448e+00
  -1.3564666e+01
  -1.3441253e+01
  -1.3085457e+01
  -1.2629676e+01
  -1.2346692e+01
  -1.2232519e+01
  -1.1800081e+01
  -1.1402838e+01
  -1.0924350e+01
  -1.0801458e+01
  -1.0463201e+01
  -1.0096831e+01
  -1.0001510e+01
  -1.0106064e+01
  -9.9980299e+00
  -9.2675216e+00
  -8.1935418e+00
  -8.1242512e+00
  -8.3514199e+00
  -8.1014873e+00
  -8.4329798e+00
  -8.1436297e+00
  -8.3085303e+00
  -7.8330278e+00
  -7.0277900e+00
  -6.9932213e+00
  -7.2099339e+00
  -7.0346289e+00
  -6.7351061e+00
  -6.5591208e+00
  -6.2466450e+00
  -5.8558774e+00
  -5.6983343e+00
  -5.6973454e+00
  -5.6046496e+00
  -5.3702490e+00
  -5.1600472e+00
  -5.0907598e+00
  -5.2523842e+00
  -4.9755343e+00
  -5.0747689e+00
  -5.0444078e+00
  -5.0246210e+00
  -4.9666011e+00
  -5.0684576e+00
  -5.0594367e+00
  -5.0500001e+00
  -5.0329776e+00
  -4.9727760e+00
  -4.9624813e+00
  -4.9073080e+00
  -4.8427071e+00
  -4.8806291e+00
  -1.4435092e+01
  -1.4580543e+01
  -1.4458821e+01
  -1.3876386e+01
  -1.3557903e+01
  -1.3296511e+01
  -1.3053766e+01
  -1.2712725e+01
  -1.2385242e+01
  -1.2151005e+01
  -1.2069200e+01
  -1.1806433e+01
  -1.1700361e+01
  -1.1695612e+01
  -1.1510806e+01
  -1.0713372e+01
  -9.7989047e+00
  -9.5365280e+00
  -9.5868841e+00
  -9.3919393e+00
  -9.8830046e+00
  -9.3083588e+00
  -9.7059915e+00
  -9.3113936e+00
  -8.6697519e+00
  -8.4913889e+00
  -8.7817868e+00
  -8.8694956e+00
  -8.6431244e+00
  -8.4837587e+00
  -8.2464494e+00
  -7.9900302e+00
  -7.7864177e+00
  -7.8517683e+00
  -7.4531933e+00
  -7.0779244e+00
  -6.4667194e+00
  -6.0590678e+00
  -6.5565226e+00
  -5.9326601e+00
  -6.0346438e+00
  -6.0184298e+00
  -5.9649169e+00
  -5.8405045e+00
  -5.9429887e+00
  -6.0188351e+00
  -5.9749269e+00
  -5.9673193e+00
  -5.9414220e+00
  -6.0208162e+00
  -5.9146953e+00
  -5.9242686e+00
  -6.0038452e+00
  -1.4168845e+01
  -1.4633182e+01
  -1.4625870e+01
  -1.4698001e+01
  -1.4610441e+01
  -1.4373238e+01
  -1.4212850e+01
  -1.3974989e+01
  -1.3682871e+01
  -1.3684385e+01
  -1.3750107e+01
  -1.3501911e+01
  -1.3347363e+01
  -1.3082883e+01
  -1.2794731e+01
  -1.1931212e+01
  -1.1286325e+01
  -1.1012435e+01
  -1.0789504e+01
  -1.0649574e+01
  -1.1090432e+01
  -1.0757460e+01
  -1.0995121e+01
  -1.0748969e+01
  -1.0191649e+01
  -1.0328357e+01
  -1.0482935e+01
  -1.0302624e+01
  -1.0144028e+01
  -1.0015444e+01
  -9.7271475e+00
  -9.5423396e+00
  -9.5285160e+00
  -9.6004615e+00
  -9.4260722e+00
  -9.2547683e+00
  -8.9126617e+00
  -8.5579976e+00
  -8.7807953e+00
  -7.8930159e+00
  -8.4980692e+00
  -8.3987723e+00
  -8.1160856e+00
  -7.8369066e+00
  -7.6637854e+00
  -7.9673242e+00
  -7.9434101e+00
  -7.7946464e+00
  -7.6310491e+00
  -7.7536008e+00
  -7.4582996e+00
  -7.6039834e+00
  -7.6650130e+00
  -1.2520469e+01
  -1.2837631e+01
  -1.3025170e+01
  -1.3776037e+01
  -1.4267805e+01
  -1.4424242e+01
  -1.4511505e+01
  -1.4703061e+01
  -1.4844874e+01
  -1.4814937e+01
  -1.4860639e+01
  -1.4692848e+01
  -1.4489082e+01
  -1.4233667e+01
  -1.4187048e+01
  -1.3347518e+01
  -1.2589353e+01
  -1.2482324e+01
  -1.2398704e+01
  -1.2207304e+01
  -1.2511973e+01
  -1.2348574e+01
  -1.2505165e+01
  -1.2133206e+01
  -1.1581071e+01
  -1.1778638e+01
  -1.1878895e+01
  -1.1633819e+01
  -1.1481482e+01
  -1.1380238e+01
  -1.1136914e+01
  -1.0932715e+01
  -1.0834716e+01
  -1.0740032e+01
  -1.0576967e+01
  -1.0373926e+01
  -1.0048970e+01
  -9.7237399e+00
  -9.8549190e+00
  -9.5238903e+00
  -9.5927093e+00
  -9.6155239e+00
  -9.5560441e+00
  -9.5947984e+00
  -9.3872593e+00
  -9.4918820e+00
  -9.4502488e+00
  -9.3739563e+00
  -9.2616363e+00
  -9.4298309e+00
  -9.3261730e+00
  -9.3763040e+00
  -9.4222467e+00
  -1.1093016e+01
  -1.1419418e+01
  -1.1933338e+01
  -1.2459214e+01
  -1.3018113e+01
  -1.3497482e+01
  -1.3786126e+01
  -1.4013784e+01
  -1.4237601e+01
  -1.4471210e+01
  -1.4600400e+01
  -1.5089530e+01
  -1.5354547e+01
  -1.5347689e+01
  -1.5265225e+01
  -1.4573258e+01
  -1.3879140e+01
  -1.3836478e+01
  -1.3888511e+01
  -1.3713963e+01
  -1.3806774e+01
  -1.3533617e+01
  -1.3625401e+01
  -1.3412838e+01
  -1.2836182e+01
  -1.2874483e+01
  -1.2920604e+01
  -1.2673618e+01
  -1.2603162e+01
  -1.2520284e+01
  -1.2252708e+01
  -1.1979227e+01
  -1.1686019e+01
  -1.1501866e+01
  -1.1389989e+01
  -1.1274714e+01
  -1.1051581e+01
  -1.0697068e+01
  -1.0669355e+01
  -1.0398457e+01
  -1.0489504e+01
  -1.0620732e+01
  -1.0474367e+01
  -1.0513098e+01
  -1.0470331e+01
  -1.0602287e+01
  -1.0584604e+01
  -1.0557226e+01
  -1.0415269e+01
  -1.0746159e+01
  -1.0523034e+01
  -1.0638908e+01
  -1.0705236e+01
  -1.0092270e+01
  -1.0710895e+01
  -1.1265302e+01
  -1.2292077e+01
  -1.2703516e+01
  -1.2955007e+01
  -1.3062370e+01
  -1.3047332e+01
  -1.3066458e+01
  -1.3013069e+01
  -1.3077169e+01
  -1.3618665e+01
  -1.4426961e+01
  -1.5553981e+01
  -1.5608916e+01
  -1.5659675e+01
  -1.5212051e+01
  -1.5041730e+01
  -1.5011763e+01
  -1.4964828e+01
  -1.4839827e+01
  -1.4479053e+01
  -1.4502427e+01
  -1.4272340e+01
  -1.3824054e+01
  -1.3748961e+01
  -1.3691627e+01
  -1.3415218e+01
  -1.3216406e+01
  -1.3062801e+01
  -1.2747055e+01
  -1.2504904e+01
  -1.2288736e+01
  -1.2156124e+01
  -1.2034021e+01
  -1.1956503e+01
  -1.1873697e+01
  -1.1532408e+01
  -1.1498842e+01
  -1.1360577e+01
  -1.1249448e+01
  -1.1508067e+01
  -1.1412501e+01
  -1.1428332e+01
  -1.1438903e+01
  -1.1636037e+01
  -1.1484916e+01
  -1.1669482e+01
  -1.1514221e+01
  -1.1797114e+01
  -1.1513284e+01
  -1.1500297e+01
  -1.1546338e+01
  -6.4862941e+00
  -6.9082558e+00
  -7.2760483e+00
  -8.9557201e+00
  -9.5592001e+00
  -8.4650563e+00
  -9.5514444e+00
  -9.8366933e+00
  -9.7323488e+00
  -9.6902734e+00
  -1.0090134e+01
  -1.1236304e+01
  -1.2467246e+01
  -1.4554622e+01
  -1.4812623e+01
  -1.6350791e+01
  -1.6242842e+01
  -1.5778085e+01
  -1.5589252e+01
  -1.5450524e+01
  -1.5354695e+01
  -1.5144672e+01
  -1.5008832e+01
  -1.4851432e+01
  -1.4665858e+01
  -1.4239860e+01
  -1.4226382e+01
  -1.3932103e+01
  -1.3592935e+01
  -1.3386387e+01
  -1.3106631e+01
  -1.2993940e+01
  -1.2986578e+01
  -1.2813658e+01
  -1.2581531e+01
  -1.2378448e+01
  -1.2174297e+01
  -1.1998510e+01
  -1.2008224e+01
  -1.1996582e+01
  -1.1778807e+01
  -1.1893303e+01
  -1.1962328e+01
  -1.1973563e+01
  -1.1890780e+01
  -1.1901613e+01
  -1.1859443e+01
  -1.1928159e+01
  -1.2010915e+01
  -1.2143448e+01
  -1.2099078e+01
  -1.1967059e+01
  -1.1975486e+01
  -1.3890184e+00
  -2.0532586e+00
  -3.1129718e+00
  -3.6172728e+00
  -3.9356655e+00
  -3.7200717e+00
  -3.4821598e+00
  -3.3639816e+00
  -3.4894504e+00
  -3.8028710e+00
  -5.2746783e+00
  -5.6995530e+00
  -7.3546892e+00
  -1.1996368e+01
  -1.1667538e+01
  -1.4805317e+01
  -1.5648014e+01
  -1.4444304e+01
  -1.4561040e+01
  -1.4335039e+01
  -1.4310855e+01
  -1.4730658e+01
  -1.4491887e+01
  -1.4558280e+01
  -1.4858769e+01
  -1.4339937e+01
  -1.4299061e+01
  -1.4310003e+01
  -1.4153016e+01
  -1.3880702e+01
  -1.3562410e+01
  -1.3490653e+01
  -1.3463199e+01
  -1.3407155e+01
  -1.3228213e+01
  -1.2975779e+01
  -1.2682559e+01
  -1.2432692e+01
  -1.2379046e+01
  -1.2345395e+01
  -1.2329821e+01
  -1.2511259e+01
  -1.2250223e+01
  -1.2251387e+01
  -1.2089100e+01
  -1.2094662e+01
  -1.1902512e+01
  -1.1992699e+01
  -1.2311936e+01
  -1.2434959e+01
  -1.2794896e+01
  -1.2986444e+01
  -1.2908110e+01
   5.0000000e+00
   5.0000000e+00
   6.1660015e-01
   2.6968180e-01
   3.0863851e-01
   3.5919449e-01
   2.4263532e-01
   3.5147780e-01
   6.6716418e-01
   4.7636465e-01
  -4.2732663e-01
  -8.6353064e-01
  -2.6632479e+00
  -4.9661519e+00
  -6.1186843e+00
  -1.2350032e+01
  -1.3520752e+01
  -1.1174874e+01
  -1.1759550e+01
  -1.0210312e+01
  -1.0303471e+01
  -1.1164758e+01
  -1.0753037e+01
  -1.1151714e+01
  -1.3106260e+01
  -1.3498618e+01
  -1.3478557e+01
  -1.4084134e+01
  -1.4246722e+01
  -1.4097712e+01
  -1.4214488e+01
  -1.4441507e+01
  -1.4628501e+01
  -1.4374692e+01
  -1.4134791e+01
  -1.3907240e+01
  -1.3597325e+01
  -1.3248510e+01
  -1.3123417e+01
  -1.3245626e+01
  -1.2992996e+01
  -1.3183986e+01
  -1.2859165e+01
  -1.2886286e+01
  -1.2783596e+01
  -1.2832739e+01
  -1.2474256e+01
  -1.2394125e+01
  -1.2467699e+01
  -1.2583181e+01
  -1.4014849e+01
  -1.4384251e+01
  -1.3960007e+01
   5.0000000e+00
   5.0000000e+00
   1.7364970e+00
   1.8239262e+00
   1.7920231e+00
   1.5776757e+00
   1.6756157e+00
   1.5953870e+00
   9.6712260e-01
   1.2813215e+00
   1.0178640e+00
   7.3317229e-01
   4.2416693e-01
  -9.5594519e-01
  -2.7768123e+00
  -6.6297692e+00
  -8.7158412e+00
  -6.5627822e+00
  -7.8502733e+00
  -6.0424671e+00
  -6.2754537e+00
  -5.9465619e+00
  -5.6408572e+00
  -7.7284973e+00
  -9.8354333e+00
  -1.0348826e+01
  -1.0608799e+01
  -1.1390100e+01
  -1.1630963e+01
  -1.1782664e+01
  -1.2694630e+01
  -1.3742656e+01
  -1.4351108e+01
  -1.4225553e+01
  -1.4258717e+01
  -1.4485898e+01
  -1.4640735e+01
  -1.4395084e+01
  -1.3944069e+01
  -1.4246177e+01
  -1.3534222e+01
  -1.3556469e+01
  -1.3247596e+01
  -1.3267722e+01
  -1.3380392e+01
  -1.3443357e+01
  -1.3067023e+01
  -1.2985683e+01
  -1.2395390e+01
  -1.2210112e+01
  -1.3104478e+01
  -1.3382189e+01
  -1.3149920e+01
   5.0000000e+00
   5.0000000e+00
   2.1646197e+00
   2.4287718e+00
   2.3245688e+00
   2.0868952e+00
   2.1631684e+00
   1.3637670e+00
   4.3031691e-01
   5.8923868e-01
   1.4208126e+00
   1.4138119e+00
   1.1497364e+00
   6.7212060e-01
   3.0622429e-01
  -3.0835562e-01
  -2.2344455e+00
  -2.7240936e+00
  -4.8469941e+00
  -7.2431211e-01
  -1.5068132e+00
  -8.6146357e-01
  -8.3363448e-01
  -3.9234553e+00
  -7.0467576e+00
  -6.4398481e+00
  -6.0685618e+00
  -6.3837963e+00
  -6.7014021e+00
  -7.2006901e+00
  -8.4713770e+00
  -9.5287123e+00
  -1.0162762e+01
  -1.1027452e+01
  -1.1904347e+01
  -1.2891949e+01
  -1.4022550e+01
  -1.4694948e+01
  -1.4272161e+01
  -1.4168126e+01
  -1.3729488e+01
  -1.3746412e+01
  -1.3576168e+01
  -1.3582373e+01
  -1.3549097e+01
  -1.3620170e+01
  -1.3875187e+01
  -1.3850640e+01
  -1.3467368e+01
  -1.3213831e+01
  -1.2779694e+01
  -1.2618648e+01
  -1.2625168e+01
   5.0000000e+00
   5.0000000e+00
   2.3526202e+00
   2.7361473e+00
   2.4184249e+00
   1.1523754e+00
  -3.7317788e-10
  -4.3820534e-10
  -2.0827347e-10
  -3.2472753e-09
   4.5307520e-01
   9.5638418e-01
   1.4557484e+00
   1.7658976e+00
   1.7637581e+00
   2.1688410e+00
   1.7689500e+00
   1.7792089e+00
   1.0247074e+00
   1.0026977e+00
   1.4221629e+00
   1.0138255e+00
   1.2900920e+00
   3.4034011e-01
  -1.4779300e+00
  -8.5282235e-01
   1.5087916e-01
   8.2698589e-01
  -2.3728827e-01
  -1.4246919e+00
  -3.7598579e+00
  -4.9737293e+00
  -4.9184795e+00
  -5.8033683e+00
  -7.1381579e+00
  -8.4048402e+00
  -9.9722363e+00
  -1.1680352e+01
  -1.2710724e+01
  -1.1813103e+01
  -1.3850241e+01
  -1.3422310e+01
  -1.2118127e+01
  -1.2226787e+01
  -1.2328463e+01
  -1.2423493e+01
  -1.3052319e+01
  -1.3134389e+01
  -1.3364639e+01
  -1.3564888e+01
  -1.2692256e+01
  -1.2443894e+01
  -1.2280950e+01
   5.0000000e+00
   5.0000000e+00
   2.4996409e+00
   2.9190309e+00
   1.2578132e+00
  -1.2959917e-10
  -1.2686603e-10
  -1.1037186e-10
  -2.9117851e-10
   5.1798765e-01
   4.8944823e-01
   5.9234232e-01
   1.9146120e+00
   2.0706721e+00
   2.2080218e+00
   2.8448727e+00
   2.7372072e+00
   2.3728856e+00
   1.9224969e+00
   2.0501134e+00
   1.8226030e+00
   1.4376754e+00
   1.5604402e+00
   1.5343137e+00
   1.8812339e+00
   1.7495011e+00
   2.0005390e+00
   2.1620904e+00
   1.7406871e+00
   1.5163555e+00
   1.0308851e+00
   8.0780624e-01
   2.2042253e-01
  -1.1495085e+00
  -2.5785635e+00
  -3.8496890e+00
  -4.8311774e+00
  -5.8059450e+00
  -8.1424985e+00
  -6.2025626e+00
  -1.1070674e+01
  -1.0678158e+01
  -8.9051534e+00
  -8.6311535e+00
  -8.7437381e+00
  -8.4560971e+00
  -8.9823815e+00
  -9.3696475e+00
  -9.4450016e+00
  -9.4697969e+00
  -8.4660005e+00
  -8.2341896e+00
  -8.7668043e+00
   5.0000000e+00
   5.0000000e+00
   2.7613647e+00
   2.7629052e+00
   1.2921693e+00
  -9.6849526e-10
  -4.7663507e-09
  -2.1093227e-10
  -9.3836371e-10
   5.3271132e-01
   6.6276457e-01
   6.2788327e-01
   2.2740887e+00
   2.4930620e+00
   3.3012994e+00
   3.1844934e+00
   2.6607466e+00
   3.0541249e+00
   2.5852044e+00
   2.2988687e+00
   2.0206808e+00
   2.0531118e+00
   1.7130738e+00
   1.7893071e+00
   2.7071284e+00
   2.3832033e+00
   1.9863230e+00
   2.1890948e+00
   2.4406107e+00
   1.8295705e+00
   2.0571640e+00
   2.0632866e+00
   1.5683193e+00
   9.3716244e-01
   4.2161633e-01
  -1.7460768e-01
  -8.3184036e-01
  -1.0830429e+00
  -1.3207618e+00
  -2.8248102e+00
  -4.8474059e+00
  -5.3287078e+00
  -3.9997395e+00
  -3.8949992e+00
  -4.2266026e+00
  -3.6349819e+00
  -3.4418447e+00
  -3.9825758e+00
  -3.9633743e+00
  -4.2171484e+00
  -3.2410890e+00
  -2.0105205e+00
  -2.6724098e+00
   5.0000000e+00
   5.0000000e+00
   2.7683057e+00
   2.8305112e+00
   1.3135440e+00
  -9.4481701e-11
   2.3161867e-10
   2.0044050e-10
   5.5354271e-01
   5.3808819e-01
   6.8552275e-01
   6.4647503e-01
   2.6475938e+00
   2.6233691e+00
   3.4279106e+00
   3.3063163e+00
   2.8098609e+00
   3.2998862e+00
   2.7611381e+00
   2.0610456e+00
   2.1889019e+00
   2.1777282e+00
   1.3514360e+00
   2.3883253e+00
   2.9652243e+00
   2.3381554e+00
   2.6209239e+00
   2.3228865e+00
   1.7084207e+00
   1.9044507e+00
   2.6994271e+00
   2.5887076e+00
   2.3277851e+00
   2.0581787e+00
   1.7434696e+00
   1.4530238e+00
   1.4395662e+00
   1.5290571e+00
   1.2157922e+00
   1.3439459e+00
   8.0627672e-01
   2.6666001e-01
   4.1758115e-01
   4.9648071e-01
   2.3807730e-01
   7.4908953e-01
   6.4771084e-01
   4.9886189e-01
   6.6319056e-01
   7.2307652e-01
   7.7299730e-01
   1.0574575e+00
   8.8100646e-01
   5.0000000e+00
   5.0000000e+00
   2.8231311e+00
   2.8797847e+00
   1.3251458e+00
  -2.2753452e-09
   1.9653587e-11
   5.5379589e-01
   5.5777197e-01
   5.3799141e-01
   6.9895433e-01
   6.5895582e-01
   2.7297039e+00
   2.3065840e+00
   3.4922992e+00
   3.6058291e+00
   2.6862308e+00
   2.8970066e+00
   2.8886239e+00
   2.1228810e+00
   2.2754774e+00
   2.5019289e+00
   1.3669597e+00
   1.8477111e+00
   2.3346094e+00
   2.4395290e+00
   2.3045803e+00
   2.8478643e+00
   1.7065326e+00
   1.9853217e+00
   3.3508275e+00
   2.8054226e+00
   2.7139555e+00
   2.5845571e+00
   2.5812610e+00
   2.2914868e+00
   2.1423833e+00
   2.3602745e+00
   1.6479049e+00
   2.0303033e+00
   1.4729012e+00
   2.0033166e+00
   1.6005612e+00
   1.5025669e+00
   1.3942172e+00
   1.5568016e+00
   1.7262404e+00
   1.5082681e+00
   1.8745801e+00
   1.9683101e+00
   2.0408014e+00
   1.8247022e+00
   1.8035716e+00
   5.0000000e+00
   5.0000000e+00
   2.8654259e+00
   1.6907968e+00
   1.3323195e+00
  -2.4700054e-10
   5.5368291e-01
   5.5696166e-01
   5.5826288e-01
   6.9861358e-01
   6.7089245e-01
   7.0895912e-01
   2.7841114e+00
   2.6520537e+00
   3.5280237e+00
   3.7211169e+00
   2.7564868e+00
   2.6560362e+00
   3.0948077e+00
   2.1300803e+00
   2.3237002e+00
   2.5587667e+00
   1.5108975e+00
   1.8079192e+00
   2.7929192e+00
   2.2053027e+00
   2.3349950e+00
   2.9299560e+00
   1.7528650e+00
   2.0083389e+00
   3.1545011e+00
   3.0892016e+00
   3.0399343e+00
   2.7621104e+00
   2.6701172e+00
   2.7829061e+00
   3.1953512e+00
   2.5757746e+00
   1.4863381e+00
   2.4213483e+00
   2.1897731e+00
   2.4268247e+00
   1.8645124e+00
   1.9963807e+00
   1.8568905e+00
   1.5804711e+00
   2.3028357e+00
   2.1839853e+00
   2.1499162e+00
   2.4885357e+00
   2.2558401e+00
   1.5170242e+00
   1.3645413e+00
   5.0000000e+00
   5.0000000e+00
   1.6568875e+00
   1.3372820e+00
   1.3709819e+00
   7.1788447e-11
   5.6409546e-01
   5.5743927e-01
  -3.1573220e-09
   7.0496208e-01
   7.0922839e-01
   1.3995452e+00
   2.3023659e+00
   3.0033168e+00
   3.8076320e+00
   4.2091229e+00
   2.8079940e+00
   2.3287474e+00
   2.1237311e+00
   2.9133868e+00
   2.3523287e+00
   2.5930590e+00
   2.9706922e+00
   1.5990438e+00
   2.8593009e+00
   2.2303165e+00
   2.3621597e+00
   2.9793092e+00
   3.1320408e+00
   2.4244136e+00
   2.9866142e+00
   3.0572278e+00
   3.0291615e+00
   2.9818694e+00
   2.9159454e+00
   3.3748740e+00
   3.5179383e+00
   2.8402616e+00
   1.9085421e+00
   1.8622821e+00
   2.3731359e+00
   2.0991062e+00
   2.1027683e+00
   1.8566250e+00
   1.9750961e+00
   1.9673246e+00
   2.4087185e+00
   2.5454115e+00
   2.1035622e+00
   1.7097962e+00
   1.4730333e+00
   1.3424959e+00
   1.4409770e+00
