  0.000000
  0.000000
  0.000000
  0.000000
  0.000000
  0.000000
  0.000000
  0.000000
  0.000000
  0.000000
  0.000000
  0.000000
  0.000000
  0.000000
  0.000000
  0.000000
  0.000000
  0.000000
  0.000000
  0.000000
  0.000000
  0.000000
  0.000000
  0.000000
  0.000000
  0.000000
  0.000000
  0.000000
  0.000000
  0.000000
  0.000000
  0.000000
  0.000000
  0.000000
  0.000000
  0.000000
  0.000000
  0.000000
  0.000000
  0.000000
  0.000000
  0.000000
  0.000000
  0.000000
  0.000000
  0.000000
  0.000000
  0.000000
  0.000000
  0.000000
  0.000000
  0.000000
  0.000000
  0.000000
  0.000000
  0.000000
  0.000000
  0.000000
  0.000000
  0.000000
  0.000000
  0.000000
  0.000000
  0.000000
  0.000000
  0.000000
  0.000000
  0.000000
  0.000000
  0.000000
  0.000000
  0.000000
  0.000000
  0.000000
  0.000000
  0.000000
  0.000000
  0.000000
  0.000000
  0.000000
  0.000000
  0.000000
  0.000000
  0.000000
  0.000000
  0.000000
  0.000000
  0.000000
  0.000000
  0.000000
  0.000000
  0.000000
  0.000000
  0.000000
  0.000000
  0.000000
  0.000000
  0.000000
  0.000000
  0.000000
  0.000000
  0.000000
  0.000000
  0.000000
  0.000000
  0.000000
  0.000000
  0.000000
  0.000000
  0.000000
  0.000000
  0.000000
  0.000000
  0.000000
  0.000000
  0.000000
  0.000000
  0.000000
  0.000000
  0.000000
  0.000000
  0.000000
  0.000000
  0.000000
  0.000000
  0.000000
  0.000000
  0.000000
  0.000000
  0.000000
  0.000000
  0.000000
  0.000000
  0.000000
  0.000000
  0.000000
  0.000000
  0.000000
  0.000000
  0.000000
  0.000000
  0.000000
  0.000000
  0.000000
  0.000000
  0.000000
  0.000000
  0.000000
  0.000000
  0.000000
  0.000000
  0.000000
  0.000000
  0.000000
  0.000000
  0.000000
  0.000000
  0.000000
  0.000000
  0.004903
  0.000000
  0.000000
  0.000000
  0.000000
  0.000000
  0.000000
  0.000000
  0.000000
  0.000000
  0.000000
  0.000000
  0.000000
  0.000000
  0.000000
  0.000000
  0.000000
  0.000000
  0.000000
  0.000000
  0.000000
  0.000000
  0.000000
  0.000000
  0.000000
  0.000000
  0.000000
  0.000000
  0.000000
  0.000000
  0.000000
  0.000000
  0.000000
  0.000000
  0.000000
  0.000000
  0.000000
  0.000000
  0.000000
  0.000000
  0.000000
  0.000000
  0.000000
  0.000000
  0.000000
  0.000000
  0.000000
  0.000000
  0.000000
  0.000000
  0.000000
  0.000000
  0.000000
  0.133545
 -0.273354
  0.000000
  0.000000
  0.000000
  0.000000
  0.000000
  0.000000
  0.000000
  0.000000
  0.000000
  0.000000
  0.000000
  0.000000
  0.000000
  0.000000
  0.000000
  0.000000
  0.000000
  0.000000
  0.000000
  0.000000
  0.000000
  0.000000
  0.000000
  0.000000
  0.000000
  0.000000
  0.000000
  0.000000
  0.000000
  0.000000
  0.000000
  0.000000
  0.000000
  0.000000
  0.000000
  0.000000
  0.000000
  0.000000
  0.000000
  0.000000
  0.000000
  0.000000
  0.000000
  0.000000
  0.000000
  0.000000
  0.000000
  0.000000
  0.000000
  0.000000
  0.000000
  0.520225
  0.341913
  0.276764
  0.261190
  0.310365
  0.000000
  0.000000
  0.000000
  0.000000
  0.000000
  0.000000
  0.000000
  0.000000
  0.000000
  0.000000
  0.000000
  0.000000
  0.000000
  0.000000
  0.000000
  0.000000
  0.000000
  0.000000
  0.000000
  0.000000
  0.000000
  0.000000
  0.000000
  0.000000
  0.000000
  0.000000
  0.000000
  0.000000
  0.000000
  0.000000
  0.000000
  0.000000
  0.000000
  0.000000
  0.000000
  0.000000
  0.000000
  0.000000
  0.000000
  0.000000
  0.000000
  0.000000
  0.000000
  0.000000
  0.000000
  0.000000
  0.000000
  0.000000
  0.582640
  0.446795
  0.403628
  0.394394
  0.413134
  0.388738
  0.296053
  0.292000
  0.150004
  0.000000
  0.000000
  0.000000
  0.000000
  0.000000
  0.000000
  0.000000
  0.000000
  0.000000
  0.000000
  0.000000
  0.000000
  0.000000
  0.000000
  0.000000
  0.000000
  0.000000
  0.000000
  0.000000
  0.000000
  0.000000
  0.000000
  0.000000
  0.000000
  0.000000
  0.000000
  0.000000
  0.000000
  0.000000
  0.000000
  0.000000
  0.000000
  0.000000
  0.000000
  0.000000
  0.000000
  0.000000
  0.000000
  0.000000
  0.000000
  0.000000
  0.000000
  0.000000
  0.000000
  0.657264
  0.545817
  0.518748
  0.505918
  0.496933
  0.502074
  0.484603
  0.477052
  0.426489
  0.326844
  0.275100
  0.000000
  0.000000
  0.000000
  0.000000
  0.000000
  0.000000
  0.000000
  0.000000
  0.000000
  0.000000
  0.000000
  0.000000
  0.000000
  0.000000
  0.000000
  0.000000
  0.000000
  0.000000
  0.000000
  0.000000
  0.000000
  0.000000
  0.000000
  0.000000
  0.000000
  0.000000
  0.000000
  0.000000
  0.000000
  0.000000
  0.000000
  0.000000
  0.000000
  0.000000
  0.000000
  0.000000
  0.000000
  0.000000
  0.000000
  0.000000
  0.000000
  0.000000
  0.708234
  0.614482
  0.599232
  0.590538
  0.579237
  0.575534
  0.562493
  0.565637
  0.561340
  0.558977
  0.561199
  0.377536
  0.352129
  0.283363
  0.201485
  0.000000
  0.000000
  0.000000
  0.000000
  0.000000
  0.000000
  0.000000
  0.000000
  0.000000
  0.000000
  0.000000
  0.000000
  0.000000
  0.000000
  0.000000
  0.000000
  0.000000
  0.000000
  0.000000
  0.000000
  0.000000
  0.000000
  0.000000
  0.000000
  0.000000
  0.000000
  0.000000
  0.000000
  0.000000
  0.000000
  0.000000
  0.000000
  0.000000
  0.000000
  0.000000
  0.000000
  0.000000
  0.000000
  0.738426
  0.662879
  0.651331
  0.645759
  0.633462
  0.630760
  0.624822
  0.619597
  0.621155
  0.625228
  0.634599
  0.591468
  0.581436
  0.513127
  0.483463
  0.407013
  0.425337
  0.398678
  0.185901
  0.000000
  0.000000
  0.000000
  0.000000
  0.000000
  0.000000
  0.000000
  0.000000
  0.000000
  0.000000
  0.000000
  0.000000
  0.000000
  0.000000
  0.000000
  0.000000
  0.000000
  0.000000
  0.000000
  0.000000
  0.000000
  0.000000
  0.000000
  0.000000
  0.000000
  0.000000
  0.000000
  0.000000
  0.000000
  0.000000
  0.000000
  0.000000
  0.000000
  0.000000
  0.753802
  0.697912
  0.687107
  0.678585
  0.670373
  0.668763
  0.669959
  0.665402
  0.663811
  0.662776
  0.662653
  0.647302
  0.649296
  0.620081
  0.605685
  0.577783
  0.638800
  0.591915
  0.456966
  0.496171
  0.358973
  0.235684
  0.199203
  0.177067
  0.134507
 -0.044411
  0.000000
  0.000000
  0.000000
  0.000000
  0.000000
  0.000000
  0.000000
  0.000000
  0.000000
  0.000000
  0.000000
  0.000000
  0.000000
  0.000000
  0.000000
  0.000000
  0.000000
  0.000000
  0.000000
  0.000000
  0.000000
  0.000000
  0.000000
  0.000000
  0.000000
  0.000000
  0.000000
  0.760496
  0.720854
  0.707227
  0.697815
  0.693149
  0.686759
  0.694491
  0.689338
  0.697428
  0.688707
  0.694868
  0.684396
  0.672967
  0.652099
  0.652989
  0.651266
  0.699805
  0.677740
  0.599653
  0.660575
  0.574133
  0.494412
  0.453168
  0.430757
  0.452237
  0.375167
  0.252919
  0.232319
  0.229264
  0.216466
  0.194633
  0.170972
  0.000000
  0.000000
  0.000000
  0.000000
  0.000000
  0.000000
  0.000000
  0.000000
  0.000000
  0.000000
  0.000000
  0.000000
  0.000000
  0.000000
  0.000000
  0.000000
  0.000000
  0.000000
  0.000000
  0.000000
  0.000000
  0.800748
  0.765671
  0.746807
  0.734320
  0.731278
  0.718777
  0.711897
  0.712427
  0.717587
  0.716436
  0.715660
  0.716240
  0.697110
  0.667828
  0.676827
  0.681899
  0.724701
  0.714292
  0.673779
  0.698769
  0.648572
  0.611120
  0.589099
  0.579306
  0.611406
  0.558643
  0.480949
  0.460961
  0.428635
  0.393362
  0.365183
  0.338765
  0.362034
  0.323441
  0.291628
  0.309628
  0.310879
  0.290035
  0.242574
  0.256158
  0.223590
  0.177974
  0.205117
  0.155024
  0.148981
  0.160690
  0.000000
  0.000000
  0.000000
  0.000000
  0.000000
  0.000000
  0.000000
  0.805890
  0.781296
  0.770540
  0.768965
  0.768416
  0.754197
  0.743045
  0.744165
  0.755282
  0.754118
  0.738512
  0.743183
  0.722334
  0.689565
  0.698800
  0.707149
  0.750575
  0.742006
  0.704385
  0.722164
  0.678514
  0.653086
  0.636665
  0.643360
  0.668941
  0.639462
  0.594413
  0.577428
  0.552142
  0.529614
  0.506765
  0.480484
  0.491026
  0.469356
  0.443582
  0.445902
  0.444511
  0.432889
  0.407664
  0.410856
  0.385539
  0.355904
  0.354272
  0.337939
  0.323051
  0.318148
  0.312809
  0.299848
  0.285446
  0.278297
  0.260089
  0.260439
  0.267966
  0.836330
  0.804527
  0.797773
  0.801095
  0.802822
  0.784488
  0.776880
  0.783084
  0.799268
  0.788217
  0.773050
  0.775604
  0.757051
  0.720890
  0.717566
  0.739105
  0.789656
  0.772286
  0.726796
  0.745479
  0.701949
  0.677790
  0.662536
  0.670730
  0.692177
  0.675447
  0.642123
  0.624377
  0.610954
  0.595977
  0.582186
  0.571529
  0.573417
  0.544834
  0.533727
  0.540416
  0.535585
  0.517521
  0.478728
  0.496848
  0.456114
  0.419855
  0.421810
  0.409210
  0.389868
  0.387676
  0.378975
  0.372995
  0.369705
  0.355989
  0.344545
  0.337544
  0.339383
  0.861569
  0.835261
  0.832651
  0.840520
  0.837656
  0.827644
  0.820692
  0.826356
  0.843389
  0.825872
  0.812705
  0.818829
  0.799314
  0.759067
  0.751098
  0.771762
  0.829318
  0.813229
  0.755187
  0.790009
  0.724321
  0.716226
  0.687247
  0.690470
  0.725058
  0.704625
  0.666655
  0.646910
  0.638977
  0.627253
  0.619219
  0.617811
  0.616655
  0.595458
  0.586824
  0.586536
  0.600178
  0.588978
  0.549867
  0.574178
  0.523811
  0.504925
  0.499479
  0.490823
  0.466868
  0.459136
  0.447341
  0.440461
  0.435437
  0.420951
  0.410897
  0.405663
  0.398595
  0.835110
  0.820793
  0.832798
  0.851239
  0.857938
  0.853371
  0.861321
  0.869905
  0.884171
  0.869553
  0.863991
  0.864523
  0.843394
  0.808534
  0.791415
  0.815906
  0.875555
  0.855291
  0.812247
  0.822814
  0.763522
  0.767753
  0.727537
  0.735320
  0.776611
  0.752092
  0.704162
  0.685661
  0.680304
  0.665029
  0.660295
  0.664161
  0.653493
  0.627407
  0.617995
  0.621803
  0.634476
  0.632144
  0.591196
  0.613143
  0.578680
  0.562084
  0.553068
  0.549323
  0.529393
  0.517896
  0.508767
  0.501408
  0.496887
  0.484309
  0.479448
  0.474706
  0.461918
  0.784791
  0.772791
  0.786605
  0.813050
  0.826805
  0.840427
  0.855509
  0.875062
  0.893809
  0.897912
  0.892092
  0.894684
  0.880368
  0.856712
  0.842324
  0.871660
  0.914556
  0.901382
  0.870977
  0.869599
  0.809428
  0.829252
  0.781236
  0.792251
  0.825150
  0.808709
  0.763993
  0.744110
  0.742470
  0.731677
  0.728878
  0.726809
  0.716474
  0.683817
  0.681160
  0.676631
  0.690787
  0.699819
  0.637510
  0.673867
  0.634923
  0.615069
  0.607085
  0.606401
  0.590587
  0.571330
  0.564222
  0.558388
  0.555798
  0.540262
  0.543430
  0.535328
  0.523937
  0.822210
  0.798710
  0.807623
  0.809365
  0.813038
  0.827551
  0.842004
  0.861459
  0.882685
  0.891229
  0.891487
  0.898944
  0.891742
  0.884235
  0.875621
  0.909883
  0.940251
  0.932642
  0.919278
  0.914447
  0.866208
  0.879595
  0.845924
  0.853316
  0.883996
  0.858489
  0.825331
  0.818991
  0.812305
  0.801127
  0.802037
  0.799243
  0.785716
  0.763302
  0.758895
  0.753451
  0.761674
  0.768538
  0.723080
  0.767757
  0.709123
  0.697038
  0.693847
  0.690392
  0.686562
  0.656750
  0.649623
  0.647905
  0.647886
  0.626474
  0.636461
  0.621470
  0.614409
  0.808419
  0.806834
  0.819847
  0.810685
  0.814226
  0.828823
  0.845581
  0.860868
  0.875852
  0.890289
  0.894616
  0.897064
  0.891640
  0.888662
  0.878533
  0.912954
  0.947387
  0.942339
  0.935403
  0.936410
  0.907844
  0.916604
  0.895133
  0.906772
  0.935716
  0.909608
  0.886480
  0.886921
  0.880161
  0.869794
  0.870251
  0.866752
  0.855520
  0.841778
  0.833861
  0.827367
  0.830892
  0.837662
  0.808964
  0.825637
  0.797100
  0.780336
  0.776528
  0.766211
  0.767552
  0.746411
  0.740672
  0.737743
  0.739179
  0.718359
  0.724335
  0.715918
  0.710364
  0.785444
  0.797061
  0.803574
  0.802015
  0.810440
  0.827843
  0.848401
  0.870353
  0.891377
  0.909472
  0.924750
  0.916849
  0.904090
  0.889368
  0.883489
  0.905101
  0.934426
  0.932603
  0.928273
  0.933761
  0.921833
  0.936502
  0.924954
  0.933131
  0.960215
  0.944820
  0.929939
  0.934327
  0.929187
  0.921970
  0.924231
  0.921685
  0.916706
  0.906601
  0.897174
  0.889206
  0.887948
  0.895753
  0.876783
  0.883559
  0.865355
  0.844327
  0.844609
  0.835356
  0.834020
  0.818065
  0.816529
  0.811380
  0.815963
  0.789379
  0.801515
  0.793741
  0.790921
  0.613086
  0.644693
  0.676223
  0.679154
  0.707754
  0.749813
  0.781837
  0.821878
  0.860945
  0.900693
  0.928078
  0.927611
  0.915499
  0.881049
  0.899643
  0.897229
  0.917372
  0.924638
  0.926328
  0.929282
  0.931398
  0.946427
  0.941869
  0.949490
  0.965995
  0.961044
  0.951630
  0.956853
  0.957401
  0.954162
  0.960165
  0.958129
  0.951994
  0.944011
  0.938413
  0.932703
  0.929048
  0.938875
  0.925266
  0.923622
  0.919112
  0.895227
  0.896006
  0.890138
  0.888992
  0.875195
  0.882782
  0.871288
  0.876457
  0.851450
  0.860807
  0.856849
  0.857395
  0.380501
  0.417597
  0.454174
  0.438709
  0.467707
  0.566800
  0.587108
  0.643660
  0.716221
  0.787771
  0.828455
  0.845423
  0.850090
  0.804654
  0.870388
  0.844552
  0.871994
  0.902891
  0.914846
  0.926880
  0.936940
  0.947848
  0.957581
  0.962807
  0.960493
  0.971839
  0.962271
  0.965797
  0.970738
  0.972463
  0.979306
  0.973906
  0.961899
  0.957333
  0.955649
  0.953183
  0.954150
  0.959160
  0.949634
  0.942124
  0.945454
  0.927532
  0.925251
  0.921441
  0.923124
  0.917014
  0.922752
  0.918346
  0.913552
  0.899729
  0.892585
  0.890719
  0.905051
  0.150040
  0.188614
  0.188391
  0.189043
  0.220464
  0.309373
  0.364649
  0.433252
  0.515599
  0.612827
  0.602628
  0.673013
  0.672240
  0.584748
  0.714527
  0.698588
  0.744263
  0.830166
  0.858231
  0.901519
  0.932783
  0.939928
  0.979495
  0.987518
  0.964624
  0.987655
  0.988607
  0.985406
  0.989718
  0.997984
  1.002229
  0.989923
  0.976198
  0.970363
  0.968080
  0.965309
  0.965458
  0.968129
  0.960680
  0.952156
  0.952892
  0.934440
  0.944855
  0.937472
  0.940579
  0.933295
  0.945996
  0.945154
  0.936582
  0.935392
  0.906349
  0.892337
  0.940229
  0.000000
  0.000000
  0.000000
  0.000000
  0.000000
  0.000000
  0.000000
  0.000000
  0.000000
  0.000000
  0.017911
  0.136607
  0.096977
 -0.006191
  0.068554
  0.082928
  0.185307
  0.375519
  0.472082
  0.616011
  0.702377
  0.746997
  0.853447
  0.891253
  0.854969
  0.898467
  0.942825
  0.947469
  0.971390
  1.001941
  1.005539
  0.994097
  0.981388
  0.988689
  0.989277
  0.982463
  0.976671
  0.977877
  0.975203
  0.955949
  0.966518
  0.947517
  0.963019
  0.955273
  0.954937
  0.944050
  0.959812
  0.960448
  0.964975
  0.975556
  0.912753
  0.896383
  0.969714
  0.000000
  0.000000
  0.000000
  0.000000
  0.000000
  0.000000
  0.000000
  0.000000
  0.000000
  0.000000
  0.000000
  0.000000
  0.000000
 -0.097685
 -0.059391
 -0.046341
 -0.011081
  0.063758
  0.112765
  0.276776
  0.360713
  0.471579
  0.630764
  0.613035
  0.593049
  0.660874
  0.738273
  0.775533
  0.837837
  0.900595
  0.912443
  0.914029
  0.927849
  0.960758
  0.975823
  0.974179
  0.965906
  0.967234
  0.982048
  0.957253
  0.980241
  0.965721
  0.981321
  0.976781
  0.971360
  0.962611
  0.972532
  0.965114
  0.987486
  0.997763
  0.951162
  0.936160
  0.985680
  0.000000
  0.000000
  0.000000
  0.000000
  0.000000
  0.000000
  0.000000
  0.000000
  0.000000
  0.000000
  0.000000
  0.000000
  0.000000
  0.000000
  0.000000
  0.000000
 -0.095012
 -0.070291
 -0.026390
  0.113008
  0.136785
  0.277602
  0.389773
  0.122716
  0.088300
  0.163890
  0.278626
  0.365951
  0.477141
  0.577537
  0.611294
  0.645427
  0.708812
  0.766216
  0.812513
  0.842015
  0.854204
  0.868914
  0.907256
  0.923754
  0.935646
  0.940836
  0.965463
  0.968811
  0.973970
  0.976409
  0.967947
  0.969404
  0.985448
  0.988606
  1.000709
  1.001282
  0.985534
  0.000000
  0.000000
  0.000000
  0.000000
  0.000000
  0.000000
  0.000000
  0.000000
  0.000000
  0.000000
  0.000000
  0.000000
  0.000000
  0.000000
  0.000000
  0.000000
  0.000000
  0.000000
  0.000000
  0.000000
  0.000000
  0.000000
  0.000000
  0.000000
 -0.003293
  0.039868
  0.000000
  0.000000
  0.000000
  0.106964
  0.105739
  0.156801
  0.264539
  0.343909
  0.400257
  0.455449
  0.495997
  0.536900
  0.592546
  0.697826
  0.685269
  0.729036
  0.808662
  0.824779
  0.842038
  0.864623
  0.854853
  0.870027
  0.881282
  0.884417
  0.943927
  0.971900
  0.905246
  0.000000
  0.000000
  0.000000
  0.000000
  0.000000
  0.000000
  0.000000
  0.000000
  0.000000
  0.000000
  0.000000
  0.000000
  0.000000
  0.000000
  0.000000
  0.000000
  0.000000
  0.000000
  0.000000
  0.000000
  0.000000
  0.000000
  0.000000
  0.000000
  0.000000
  0.000000
  0.000000
  0.000000
  0.000000
  0.000000
  0.000000
  0.000000
  0.000000
  0.027861
  0.033363
  0.045259
  0.062625
  0.091910
  0.129818
  0.273953
  0.227670
  0.306569
  0.433092
  0.493657
  0.526000
  0.574983
  0.577092
  0.583344
  0.600292
  0.611875
  0.701971
  0.782182
  0.666817
  0.000000
  0.000000
  0.000000
  0.000000
  0.000000
  0.000000
  0.000000
  0.000000
  0.000000
  0.000000
  0.000000
  0.000000
  0.000000
  0.000000
  0.000000
  0.000000
  0.000000
  0.000000
  0.000000
  0.000000
  0.000000
  0.000000
  0.000000
  0.000000
  0.000000
  0.000000
  0.000000
  0.000000
  0.000000
  0.000000
  0.000000
  0.000000
  0.000000
  0.000000
  0.000000
  0.000000
 -0.021151
 -0.023803
 -0.011280
  0.060448
  0.006154
  0.044049
  0.154338
  0.224960
  0.254381
  0.325087
  0.351618
  0.326933
  0.346411
  0.339204
  0.431859
  0.606053
  0.296303
  0.000000
  0.000000
  0.000000
  0.000000
  0.000000
  0.000000
  0.000000
  0.000000
  0.000000
  0.000000
  0.000000
  0.000000
  0.000000
  0.000000
  0.000000
  0.000000
  0.000000
  0.000000
  0.000000
  0.000000
  0.000000
  0.000000
  0.000000
  0.000000
  0.000000
  0.000000
  0.000000
  0.000000
  0.000000
  0.000000
  0.000000
  0.000000
  0.000000
  0.000000
  0.000000
  0.000000
  0.000000
  0.000000
  0.000000
  0.000000
  0.000000
  0.000000
  0.000000
  0.000000
  0.000000
  0.000000
  0.000000
  0.000000
  0.000000
  0.000000
  0.000000
  0.000000
  0.000000
  0.000000
  0.000000
  0.000000
  0.000000
  0.000000
  0.000000
  0.000000
  0.000000
  0.000000
  0.000000
  0.000000
  0.000000
  0.000000
  0.000000
  0.000000
  0.000000
  0.000000
  0.000000
  0.000000
  0.000000
  0.000000
  0.000000
  0.000000
  0.000000
  0.000000
  0.000000
  0.000000
  0.000000
  0.000000
  0.000000
  0.000000
  0.000000
  0.000000
  0.000000
  0.000000
  0.000000
  0.000000
  0.000000
  0.000000
  0.000000
  0.000000
  0.000000
  0.000000
  0.000000
  0.000000
  0.000000
  0.000000
  0.000000
  0.000000
  0.000000
  0.000000
  0.000000
  0.000000
  0.000000
  0.000000
  0.000000
  0.000000
  0.000000
  0.000000
  0.000000
  0.000000
  0.000000
  0.000000
  0.000000
  0.000000
  0.000000
  0.000000
  0.000000
  0.000000
  0.000000
  0.000000
  0.000000
  0.000000
  0.000000
  0.000000
  0.000000
  0.000000
  0.000000
  0.000000
  0.000000
  0.000000
  0.000000
  0.000000
  0.000000
  0.000000
  0.000000
  0.000000
  0.000000
  0.000000
  0.000000
  0.000000
  0.000000
  0.000000
  0.000000
  0.000000
  0.000000
  0.000000
  0.000000
  0.000000
  0.000000
  0.000000
  0.000000
  0.000000
  0.000000
  0.000000
  0.000000
  0.000000
  0.000000
  0.000000
  0.000000
  0.000000
  0.000000
  0.000000
  0.000000
  0.000000
  0.000000
  0.000000
  0.000000
  0.000000
  0.000000
  0.000000
  0.000000
  0.000000
  0.000000
  0.000000
  0.000000
  0.000000
  0.000000
  0.000000
  0.000000
  0.000000
  0.000000
  0.000000
  0.000000
  0.000000
  0.000000
  0.000000
  0.000000
  0.000000
  0.000000
  0.000000
  0.000000
  0.000000
  0.000000
  0.000000
  0.000000
  0.000000
  0.000000
  0.000000
  0.000000
  0.000000
  0.000000
  0.000000
  0.000000
  0.000000
  0.000000
  0.000000
  0.000000
  0.000000
