  0.000000
  0.000000
  0.000000
  0.000000
  0.000000
  0.000000
  0.000000
  0.000000
  0.000000
  0.000000
  0.000000
  0.000000
  0.000000
  0.000000
  0.000000
  0.000000
  0.000000
  0.000000
  0.000000
  0.000000
  0.000000
  0.000000
  0.000000
  0.000000
  0.000000
  0.000000
  0.000000
  0.000000
  0.000000
  0.000000
  0.000000
  0.000000
  0.000000
  0.000000
  0.000000
  0.000000
  0.000000
  0.000000
  0.000000
  0.000000
  0.000000
  0.000000
  0.000000
  0.000000
  0.000000
  0.000000
  0.000000
  0.000000
  0.000000
  0.000000
  0.000000
  0.000000
  0.000000
  0.000000
  0.000000
  0.000000
  0.000000
  0.000000
  0.000000
  0.000000
  0.000000
  0.000000
  0.000000
  0.000000
  0.000000
  0.000000
  0.000000
  0.000000
  0.000000
  0.000000
  0.000000
  0.000000
  0.000000
  0.000000
  0.000000
  0.000000
  0.000000
  0.000000
  0.000000
  0.000000
  0.000000
  0.000000
  0.000000
  0.000000
  0.000000
  0.000000
  0.000000
  0.000000
  0.000000
  0.000000
  0.000000
  0.000000
  0.000000
  0.000000
  0.000000
  0.000000
  0.000000
  0.000000
  0.000000
  0.000000
  0.000000
  0.000000
  0.000000
  0.000000
  0.000000
  0.000000
  0.000000
  0.000000
  0.000000
  0.000000
  0.000000
  0.000000
  0.000000
  0.000000
  0.000000
  0.000000
  0.000000
  0.000000
  0.000000
  0.000000
  0.000000
  0.000000
  0.000000
  0.000000
  0.000000
  0.000000
  0.000000
  0.000000
  0.000000
  0.000000
  0.000000
  0.000000
  0.000000
  0.000000
  0.000000
  0.000000
  0.000000
  0.000000
  0.000000
  0.000000
  0.000000
  0.000000
  0.000000
  0.000000
  0.000000
  0.000000
  0.000000
  0.000000
  0.000000
  0.000000
  0.000000
  0.000000
  0.000000
  0.000000
  0.000000
  0.000000
  0.000000
  0.000000
  0.000000
  0.000000
  0.000000
  0.000000
  0.000000
  0.000000
  0.000000
  0.000000
  0.000000
  0.000000
  0.000000
  0.000000
  0.000000
  0.000000
  0.000000
  0.000000
  0.000000
  0.000000
  0.000000
  0.000000
  0.000000
  0.000000
  0.000000
  0.000000
  0.000000
  0.000000
  0.000000
  0.000000
  0.000000
  0.000000
  0.000000
  0.000000
  0.000000
  0.000000
  0.000000
  0.000000
  0.000000
  0.000000
  0.000000
  0.000000
  0.000000
  0.000000
  0.000000
  0.000000
  0.000000
  0.000000
  0.000000
  0.000000
  0.000000
  0.000000
 -1.182250
  0.000000
  0.000000
  0.000000
  0.000000
  0.000000
  0.000000
  0.000000
  0.000000
  0.000000
  0.000000
  0.000000
  0.000000
  0.000000
  0.000000
  0.000000
  0.000000
  0.000000
  0.000000
  0.000000
  0.000000
  0.000000
  0.000000
  0.000000
  0.000000
  0.000000
  0.000000
  0.000000
  0.000000
  0.000000
  0.000000
  0.000000
  0.000000
  0.000000
  0.000000
  0.000000
  0.000000
  0.000000
  0.000000
  0.000000
  0.000000
  0.000000
  0.000000
  0.000000
  0.000000
  0.000000
  0.000000
  0.000000
  0.000000
  0.000000
  0.000000
  0.000000
 -0.124901
 -0.116398
  0.000000
  0.000000
  0.000000
  0.000000
  0.000000
  0.000000
  0.000000
  0.000000
  0.000000
  0.000000
  0.000000
  0.000000
  0.000000
  0.000000
  0.000000
  0.000000
  0.000000
  0.000000
  0.000000
  0.000000
  0.000000
  0.000000
  0.000000
  0.000000
  0.000000
  0.000000
  0.000000
  0.000000
  0.000000
  0.000000
  0.000000
  0.000000
  0.000000
  0.000000
  0.000000
  0.000000
  0.000000
  0.000000
  0.000000
  0.000000
  0.000000
  0.000000
  0.000000
  0.000000
  0.000000
  0.000000
  0.000000
  0.000000
  0.000000
  0.000000
 -0.040764
 -0.015656
  0.058507
  0.127739
  0.128840
  0.000000
  0.000000
  0.000000
  0.000000
  0.000000
  0.000000
  0.000000
  0.000000
  0.000000
  0.000000
  0.000000
  0.000000
  0.000000
  0.000000
  0.000000
  0.000000
  0.000000
  0.000000
  0.000000
  0.000000
  0.000000
  0.000000
  0.000000
  0.000000
  0.000000
  0.000000
  0.000000
  0.000000
  0.000000
  0.000000
  0.000000
  0.000000
  0.000000
  0.000000
  0.000000
  0.000000
  0.000000
  0.000000
  0.000000
  0.000000
  0.000000
  0.000000
  0.000000
  0.000000
  0.000000
  0.000000
  0.000000
  0.029222
  0.038245
  0.068086
  0.105936
  0.133818
  0.140282
  0.143999
  0.149984
  0.025949
  0.000000
  0.000000
  0.000000
  0.000000
  0.000000
  0.000000
  0.000000
  0.000000
  0.000000
  0.000000
  0.000000
  0.000000
  0.000000
  0.000000
  0.000000
  0.000000
  0.000000
  0.000000
  0.000000
  0.000000
  0.000000
  0.000000
  0.000000
  0.000000
  0.000000
  0.000000
  0.000000
  0.000000
  0.000000
  0.000000
  0.000000
  0.000000
  0.000000
  0.000000
  0.000000
  0.000000
  0.000000
  0.000000
  0.000000
  0.000000
  0.000000
  0.000000
  0.000000
  0.067742
  0.077384
  0.095760
  0.117547
  0.137053
  0.154923
  0.176346
  0.183433
  0.184173
  0.216190
  0.035336
  0.000000
  0.000000
  0.000000
  0.000000
  0.000000
  0.000000
  0.000000
  0.000000
  0.000000
  0.000000
  0.000000
  0.000000
  0.000000
  0.000000
  0.000000
  0.000000
  0.000000
  0.000000
  0.000000
  0.000000
  0.000000
  0.000000
  0.000000
  0.000000
  0.000000
  0.000000
  0.000000
  0.000000
  0.000000
  0.000000
  0.000000
  0.000000
  0.000000
  0.000000
  0.000000
  0.000000
  0.000000
  0.000000
  0.000000
  0.000000
  0.000000
  0.091321
  0.108240
  0.124721
  0.141421
  0.152465
  0.160661
  0.177327
  0.187575
  0.197305
  0.200084
  0.150269
  0.135295
  0.130441
  0.105622
  0.028490
  0.000000
  0.000000
  0.000000
  0.000000
  0.000000
  0.000000
  0.000000
  0.000000
  0.000000
  0.000000
  0.000000
  0.000000
  0.000000
  0.000000
  0.000000
  0.000000
  0.000000
  0.000000
  0.000000
  0.000000
  0.000000
  0.000000
  0.000000
  0.000000
  0.000000
  0.000000
  0.000000
  0.000000
  0.000000
  0.000000
  0.000000
  0.000000
  0.000000
  0.000000
  0.000000
  0.000000
  0.000000
  0.111012
  0.129009
  0.144372
  0.154092
  0.164287
  0.171049
  0.180571
  0.187767
  0.191135
  0.189511
  0.176975
  0.184255
  0.169453
  0.159356
  0.128704
  0.100787
  0.131832
  0.130233
  0.111880
  0.000000
  0.000000
  0.000000
  0.000000
  0.000000
  0.000000
  0.000000
  0.000000
  0.000000
  0.000000
  0.000000
  0.000000
  0.000000
  0.000000
  0.000000
  0.000000
  0.000000
  0.000000
  0.000000
  0.000000
  0.000000
  0.000000
  0.000000
  0.000000
  0.000000
  0.000000
  0.000000
  0.000000
  0.000000
  0.000000
  0.000000
  0.000000
  0.000000
  0.128774
  0.144208
  0.155857
  0.165941
  0.177793
  0.181609
  0.188599
  0.189979
  0.195856
  0.189475
  0.187479
  0.192119
  0.185514
  0.179316
  0.174441
  0.178783
  0.151198
  0.136387
  0.140628
  0.129957
  0.096838
  0.063275
  0.056789
  0.135680
  0.023094
 -0.005626
  0.000000
  0.000000
  0.000000
  0.000000
  0.000000
  0.000000
  0.000000
  0.000000
  0.000000
  0.000000
  0.000000
  0.000000
  0.000000
  0.000000
  0.000000
  0.000000
  0.000000
  0.000000
  0.000000
  0.000000
  0.000000
  0.000000
  0.000000
  0.000000
  0.000000
  0.000000
  0.150404
  0.157042
  0.161766
  0.168039
  0.180851
  0.191420
  0.188627
  0.192666
  0.192839
  0.199242
  0.195491
  0.200978
  0.196776
  0.184035
  0.179003
  0.178269
  0.165942
  0.157624
  0.175714
  0.141665
  0.133826
  0.131797
  0.117200
  0.108074
  0.098051
  0.068432
  0.031450
  0.034282
  0.040405
  0.039212
  0.030151
  0.092638
  0.000000
  0.000000
  0.000000
  0.000000
  0.000000
  0.000000
  0.000000
  0.000000
  0.000000
  0.000000
  0.000000
  0.000000
  0.000000
  0.000000
  0.000000
  0.000000
  0.000000
  0.000000
  0.000000
  0.000000
  0.169294
  0.168703
  0.169217
  0.175652
  0.181676
  0.185118
  0.184076
  0.184591
  0.193618
  0.205186
  0.201568
  0.201362
  0.199154
  0.191298
  0.183125
  0.179473
  0.176486
  0.176736
  0.177005
  0.165295
  0.155931
  0.153993
  0.146562
  0.139463
  0.112046
  0.098952
  0.097665
  0.082857
  0.064743
  0.055926
  0.052520
  0.061126
  0.045082
  0.041265
  0.045326
  0.039584
  0.026973
  0.014657
  0.018172
  0.015331
  0.012346
  0.022858
  0.000377
  0.016964
  0.028010
  0.052074
 -0.001098
  0.000000
  0.000000
  0.000000
  0.000000
  0.000000
  0.172973
  0.169255
  0.170267
  0.176230
  0.183480
  0.184306
  0.185701
  0.190487
  0.200064
  0.200435
  0.201513
  0.200549
  0.203061
  0.201266
  0.184704
  0.181948
  0.189061
  0.190312
  0.182952
  0.175265
  0.168408
  0.160033
  0.152235
  0.144487
  0.128109
  0.119543
  0.117508
  0.108140
  0.102344
  0.095209
  0.088861
  0.090314
  0.078002
  0.053554
  0.039845
  0.036422
  0.036692
  0.036343
  0.020824
  0.034454
  0.034902
  0.024966
  0.021844
  0.027953
  0.028563
  0.039235
  0.025876
  0.010581
  0.010418
  0.003721
  0.007643
  0.006490
  0.176174
  0.175261
  0.174512
  0.177293
  0.175401
  0.181996
  0.188492
  0.193855
  0.200058
  0.199663
  0.199233
  0.202380
  0.206017
  0.205253
  0.198850
  0.191341
  0.191147
  0.195132
  0.183873
  0.188605
  0.173700
  0.173957
  0.161402
  0.144273
  0.143454
  0.141146
  0.132877
  0.120815
  0.112613
  0.105075
  0.099880
  0.100371
  0.093193
  0.087761
  0.079464
  0.058253
  0.053364
  0.053313
  0.046038
  0.048788
  0.035163
  0.036891
  0.033217
  0.036792
  0.035186
  0.029501
  0.021923
  0.016609
  0.013039
  0.010048
  0.010220
  0.015196
  0.176318
  0.175835
  0.178337
  0.179822
  0.181685
  0.181067
  0.189464
  0.196434
  0.197234
  0.199271
  0.206155
  0.206022
  0.203865
  0.205600
  0.196153
  0.190966
  0.190706
  0.189608
  0.201193
  0.184458
  0.174769
  0.173336
  0.161354
  0.151912
  0.151604
  0.150802
  0.138697
  0.127244
  0.119999
  0.110407
  0.105806
  0.109629
  0.105644
  0.096510
  0.085709
  0.078765
  0.070168
  0.069424
  0.062104
  0.050097
  0.050447
  0.050685
  0.045124
  0.043432
  0.042943
  0.036411
  0.031099
  0.024465
  0.018495
  0.013965
  0.015725
  0.020070
  0.165561
  0.169677
  0.172232
  0.174976
  0.175335
  0.184433
  0.189879
  0.195491
  0.195251
  0.205228
  0.206239
  0.201798
  0.198424
  0.200775
  0.200923
  0.203123
  0.188699
  0.182968
  0.187669
  0.178247
  0.167277
  0.168073
  0.162868
  0.156626
  0.143351
  0.139570
  0.135828
  0.126517
  0.120336
  0.119205
  0.119664
  0.114475
  0.110001
  0.097551
  0.092175
  0.079837
  0.071907
  0.080391
  0.063481
  0.064432
  0.061435
  0.054299
  0.048051
  0.045915
  0.047616
  0.040124
  0.034351
  0.029777
  0.027474
  0.020838
  0.023109
  0.021829
  0.147124
  0.152127
  0.165146
  0.165661
  0.164302
  0.169173
  0.175719
  0.181532
  0.186681
  0.191083
  0.194996
  0.195864
  0.195724
  0.203631
  0.209056
  0.211475
  0.195837
  0.181471
  0.179722
  0.170677
  0.170917
  0.158723
  0.161919
  0.156069
  0.148923
  0.132839
  0.124405
  0.126196
  0.122495
  0.117614
  0.115547
  0.112573
  0.104976
  0.105275
  0.101233
  0.095980
  0.083514
  0.068511
  0.068841
  0.074723
  0.063192
  0.053704
  0.049050
  0.042265
  0.048988
  0.041839
  0.033246
  0.029271
  0.029903
  0.022678
  0.025238
  0.020069
  0.141595
  0.154482
  0.164849
  0.160949
  0.156811
  0.154911
  0.158637
  0.161624
  0.161174
  0.169213
  0.183065
  0.191750
  0.200462
  0.210135
  0.212764
  0.208328
  0.200959
  0.189264
  0.176867
  0.164266
  0.165755
  0.155196
  0.153526
  0.149881
  0.142553
  0.132981
  0.128291
  0.127576
  0.125793
  0.122712
  0.117427
  0.110902
  0.105466
  0.107329
  0.104152
  0.099337
  0.089284
  0.079678
  0.087126
  0.062440
  0.069457
  0.066820
  0.062380
  0.050013
  0.041622
  0.040929
  0.038713
  0.035093
  0.033157
  0.030734
  0.022615
  0.021042
  0.140663
  0.149811
  0.146310
  0.144551
  0.142369
  0.138273
  0.134660
  0.136123
  0.143372
  0.155015
  0.179602
  0.195851
  0.206648
  0.207667
  0.214300
  0.207617
  0.193707
  0.180100
  0.165468
  0.151030
  0.148980
  0.147945
  0.152801
  0.148039
  0.137091
  0.133385
  0.132620
  0.131740
  0.129454
  0.126568
  0.122383
  0.117253
  0.116661
  0.118301
  0.116509
  0.111621
  0.100533
  0.090199
  0.090112
  0.077597
  0.076523
  0.068231
  0.062414
  0.057376
  0.048250
  0.043998
  0.041989
  0.037626
  0.035883
  0.027873
  0.023332
  0.020968
  0.115949
  0.116144
  0.119263
  0.107553
  0.102360
  0.106147
  0.105525
  0.110461
  0.121747
  0.144789
  0.170564
  0.195773
  0.214069
  0.206130
  0.218999
  0.205027
  0.180822
  0.165187
  0.155327
  0.142300
  0.142556
  0.142111
  0.147562
  0.150109
  0.139486
  0.136868
  0.136643
  0.134075
  0.134546
  0.135850
  0.137880
  0.137915
  0.133892
  0.129250
  0.125585
  0.121530
  0.112334
  0.103270
  0.098765
  0.082989
  0.080510
  0.073058
  0.063658
  0.057325
  0.049559
  0.043115
  0.044364
  0.039454
  0.033566
  0.029450
  0.020434
  0.016913
  0.061054
  0.066765
  0.068831
  0.062652
  0.054224
  0.078940
  0.075972
  0.081019
  0.099644
  0.131003
  0.153338
  0.177259
  0.200513
  0.193908
  0.219657
  0.196361
  0.169977
  0.155122
  0.145137
  0.140760
  0.142512
  0.138409
  0.147777
  0.153881
  0.140091
  0.142180
  0.143297
  0.141623
  0.143530
  0.149169
  0.154114
  0.153929
  0.145315
  0.137661
  0.131494
  0.126349
  0.123653
  0.113829
  0.106174
  0.089959
  0.080001
  0.074568
  0.063575
  0.053590
  0.045190
  0.044140
  0.040191
  0.043508
  0.035601
  0.038672
  0.023988
  0.011608
  0.043436
  0.041402
  0.016992
  0.027931
  0.044565
  0.021834
  0.031125
  0.051295
  0.077372
  0.120500
  0.097063
  0.131822
  0.140222
  0.131141
  0.172912
  0.170319
  0.160413
  0.156982
  0.140731
  0.137619
  0.142241
  0.134309
  0.150414
  0.164213
  0.152683
  0.150225
  0.157203
  0.156090
  0.154218
  0.159195
  0.162416
  0.159562
  0.155358
  0.149924
  0.143862
  0.137371
  0.129800
  0.119511
  0.110757
  0.100036
  0.085618
  0.069510
  0.065268
  0.057151
  0.049816
  0.041177
  0.039229
  0.041246
  0.038538
  0.048030
  0.034628
  0.007755
  0.000000
  0.000000
  0.000000
 -0.000000
  0.000000
  0.000000
  0.000000
  0.000000
  0.000000
  0.004604
  0.039011
  0.034223
 -0.049028
  0.042123
  0.041066
  0.101785
  0.156747
  0.161297
  0.137002
  0.139557
  0.128977
  0.126124
  0.160561
  0.182963
  0.168049
  0.155120
  0.159588
  0.155941
  0.157672
  0.170001
  0.171614
  0.166641
  0.156824
  0.156281
  0.156289
  0.150790
  0.138624
  0.124842
  0.115940
  0.095960
  0.085938
  0.075402
  0.069705
  0.064312
  0.054998
  0.042162
  0.032275
  0.024428
  0.029772
  0.047716
  0.030783
  0.009850
  0.000000
  0.000000
  0.000000
  0.000000
  0.000000
  0.000000
  0.000000
  0.000000
  0.000000
  0.000000
  0.000000
  0.000000
 -0.036428
 -0.019187
 -0.018541
 -0.000336
  0.051005
  0.067209
  0.097643
  0.093339
  0.068193
  0.099241
  0.153695
  0.118572
  0.124388
  0.130623
  0.129791
  0.131939
  0.149298
  0.166649
  0.165524
  0.157891
  0.157457
  0.164349
  0.169425
  0.166870
  0.151199
  0.128037
  0.117270
  0.096870
  0.086861
  0.080547
  0.073024
  0.069034
  0.058856
  0.050641
  0.036248
  0.014068
  0.010506
  0.008217
  0.022969
  0.037913
  0.000000
  0.000000
  0.000000
  0.000000
  0.000000
  0.000000
  0.000000
  0.000000
  0.000000
  0.000000
  0.000000
  0.000000
  0.000000
  0.000000
  0.000000
 -0.042148
  0.003376
  0.019816
  0.040127
  0.033418
  0.008459
  0.026265
  0.034312
  0.018244
  0.055631
  0.071314
  0.073946
  0.091684
  0.118164
  0.124917
  0.120147
  0.129284
  0.154795
  0.161795
  0.163196
  0.163903
  0.156872
  0.137165
  0.117874
  0.120988
  0.098272
  0.085210
  0.074062
  0.064288
  0.061162
  0.065550
  0.047441
  0.035612
  0.014988
 -0.013959
  0.020670
  0.066437
  0.000000
  0.000000
  0.000000
  0.000000
  0.000000
  0.000000
  0.000000
  0.000000
  0.000000
  0.000000
  0.000000
  0.000000
  0.000000
  0.000000
  0.000000
  0.000000
  0.000000
  0.000000
  0.000000
  0.000000
  0.000000
  0.000000
  0.000000
 -0.001220
  0.008106
 -0.011054
  0.000000
  0.000000
  0.040723
  0.046034
  0.052327
  0.070655
  0.091109
  0.101727
  0.101290
  0.105120
  0.117429
  0.128876
  0.113436
  0.139211
  0.089878
  0.072966
  0.072209
  0.062974
  0.055279
  0.056430
  0.046236
  0.045268
  0.028805
  0.007417
  0.032666
  0.066260
  0.000000
  0.000000
  0.000000
  0.000000
  0.000000
  0.000000
  0.000000
  0.000000
  0.000000
  0.000000
  0.000000
  0.000000
  0.000000
  0.000000
  0.000000
  0.000000
  0.000000
  0.000000
  0.000000
  0.000000
  0.000000
  0.000000
  0.000000
  0.000000
  0.000000
  0.000000
  0.000000
  0.000000
  0.000000
  0.000000
  0.000000
  0.000000
  0.012215
  0.013085
  0.016532
  0.016690
  0.028743
  0.054934
  0.081647
  0.061977
  0.072919
  0.083228
  0.064262
  0.049899
  0.034649
  0.031530
  0.032071
  0.023633
  0.015081
  0.009985
  0.028655
  0.080030
  0.000000
  0.000000
  0.000000
  0.000000
  0.000000
  0.000000
  0.000000
  0.000000
  0.000000
  0.000000
  0.000000
  0.000000
  0.000000
  0.000000
  0.000000
  0.000000
  0.000000
  0.000000
  0.000000
  0.000000
  0.000000
  0.000000
  0.000000
  0.000000
  0.000000
  0.000000
  0.000000
  0.000000
  0.000000
  0.000000
  0.000000
  0.000000
  0.000000
  0.000000
  0.000000
 -0.008067
 -0.002505
  0.002534
  0.041444
 -0.026506
  0.022409
  0.053143
  0.043291
  0.030355
  0.016819
  0.005104
  0.013822
  0.010492
  0.009077
 -0.004860
 -0.035882
  0.040062
  0.000000
  0.000000
  0.000000
  0.000000
  0.000000
  0.000000
  0.000000
  0.000000
  0.000000
  0.000000
  0.000000
  0.000000
  0.000000
  0.000000
  0.000000
  0.000000
  0.000000
  0.000000
  0.000000
  0.000000
  0.000000
  0.000000
  0.000000
  0.000000
  0.000000
  0.000000
  0.000000
  0.000000
  0.000000
  0.000000
  0.000000
  0.000000
  0.000000
  0.000000
  0.000000
  0.000000
  0.000000
  0.000000
  0.000000
  0.000000
  0.000000
  0.000000
  0.000000
  0.000000
  0.000000
  0.000000
  0.000000
  0.000000
  0.000000
  0.000000
  0.000000
  0.000000
  0.000000
  0.000000
  0.000000
  0.000000
  0.000000
  0.000000
  0.000000
  0.000000
  0.000000
  0.000000
  0.000000
  0.000000
  0.000000
  0.000000
  0.000000
  0.000000
  0.000000
  0.000000
  0.000000
  0.000000
  0.000000
  0.000000
  0.000000
  0.000000
  0.000000
  0.000000
  0.000000
  0.000000
  0.000000
  0.000000
  0.000000
  0.000000
  0.000000
  0.000000
  0.000000
  0.000000
  0.000000
  0.000000
  0.000000
  0.000000
  0.000000
  0.000000
  0.000000
  0.000000
  0.000000
  0.000000
  0.000000
  0.000000
  0.000000
  0.000000
  0.000000
  0.000000
  0.000000
  0.000000
  0.000000
  0.000000
  0.000000
  0.000000
  0.000000
  0.000000
  0.000000
  0.000000
  0.000000
  0.000000
  0.000000
  0.000000
  0.000000
  0.000000
  0.000000
  0.000000
  0.000000
  0.000000
  0.000000
  0.000000
  0.000000
  0.000000
  0.000000
  0.000000
  0.000000
  0.000000
  0.000000
  0.000000
  0.000000
  0.000000
  0.000000
  0.000000
  0.000000
  0.000000
  0.000000
  0.000000
  0.000000
  0.000000
  0.000000
  0.000000
  0.000000
  0.000000
  0.000000
  0.000000
  0.000000
  0.000000
  0.000000
  0.000000
  0.000000
  0.000000
  0.000000
  0.000000
  0.000000
  0.000000
  0.000000
  0.000000
  0.000000
  0.000000
  0.000000
  0.000000
  0.000000
  0.000000
  0.000000
  0.000000
  0.000000
  0.000000
  0.000000
  0.000000
  0.000000
  0.000000
  0.000000
  0.000000
  0.000000
  0.000000
  0.000000
  0.000000
  0.000000
  0.000000
  0.000000
  0.000000
  0.000000
  0.000000
  0.000000
  0.000000
  0.000000
  0.000000
  0.000000
  0.000000
  0.000000
  0.000000
  0.000000
  0.000000
  0.000000
  0.000000
  0.000000
  0.000000
  0.000000
  0.000000
  0.000000
  0.000000
  0.000000
  0.000000
  0.000000
  0.000000
  0.000000
  0.000000
  0.000000
  0.000000
  0.000000
  0.000000
  0.000000
  0.000000
  0.000000
  0.000000
  0.000000
  0.000000
  0.000000
  0.000000
  0.000000
  0.000000
  0.000000
  0.000000
  0.000000
  0.000000
  0.000000
  0.000000
  0.000000
  0.000000
  0.000000
  0.000000
  0.000000
  0.000000
  0.000000
  0.000000
  0.000000
  0.000000
  0.000000
  0.000000
  0.000000
  0.000000
  0.000000
  0.000000
  0.000000
  0.000000
  0.000000
  0.000000
  0.000000
  0.000000
  0.000000
  0.000000
  0.000000
  0.000000
  0.000000
  0.000000
