   5.4339240e+05   5.4037000e+06   4.1436170e-02
   5.4340400e+05   5.4037050e+06   1.7636968e-01
   5.4339210e+05   5.4037060e+06  -2.0244149e-02
   5.4340370e+05   5.4037090e+06  -1.1961809e-01
   5.4339170e+05   5.4037100e+06  -2.4705053e-01
   5.4342260e+05   5.4037110e+06   1.8160957e-01
   5.4340360e+05   5.4037130e+06   5.1852128e-02
   5.4342860e+05   5.4037130e+06   1.5822234e-01
   5.4339140e+05   5.4037140e+06  -2.3221596e-01
   5.4343560e+05   5.4037140e+06   1.6222128e-01
   5.4342210e+05   5.4037160e+06   8.6915426e-02
   5.4344790e+05   5.4037180e+06   2.4506596e-01
   5.4340300e+05   5.4037190e+06   4.4284574e-02
   5.4342840e+05   5.4037190e+06   2.6811702e-02
   5.4339100e+05   5.4037200e+06  -3.4634309e-01
   5.4342170e+05   5.4037200e+06   2.6087766e-02
   5.4343500e+05   5.4037200e+06   1.7885638e-02
   5.4346180e+05   5.4037220e+06   1.5697713e-01
   5.4343480e+05   5.4037230e+06  -3.1544681e-02
   5.4344750e+05   5.4037230e+06   1.5307846e-01
   5.4340270e+05   5.4037240e+06  -6.8221277e-02
   5.4342140e+05   5.4037240e+06  -9.1250000e-02
   5.4346430e+05   5.4037240e+06   1.9066170e-01
   5.4339060e+05   5.4037250e+06  -2.0042287e-01
   5.4342810e+05   5.4037250e+06   1.3303723e-01
   5.4343440e+05   5.4037270e+06  -6.9326064e-02
   5.4344700e+05   5.4037270e+06   1.0981383e-01
   5.4346400e+05   5.4037280e+06   8.0000000e-03
   5.4340240e+05   5.4037290e+06  -1.0658883e-01
   5.4342090e+05   5.4037290e+06  -1.7207447e-02
   5.4342790e+05   5.4037290e+06   1.3359043e-01
   5.4347470e+05   5.4037290e+06   1.2280213e-01
   5.4346390e+05   5.4037300e+06   1.6200133e-01
   5.4347580e+05   5.4037300e+06   1.0812766e-01
   5.4343410e+05   5.4037310e+06   6.8824601e-02
   5.4344680e+05   5.4037310e+06   1.0900532e-01
   5.4346200e+05   5.4037310e+06  -5.4829787e-02
   5.4339020e+05   5.4037320e+06  -1.7128191e-02
   5.4340210e+05   5.4037330e+06  -6.6331117e-03
   5.4346200e+05   5.4037330e+06   1.0776596e-02
   5.4347540e+05   5.4037330e+06  -8.7039894e-02
   5.4342760e+05   5.4037340e+06   3.5731915e-02
   5.4346350e+05   5.4037340e+06   8.6863032e-02
   5.4347480e+05   5.4037340e+06  -7.8574468e-02
   5.4348930e+05   5.4037340e+06   1.7019149e-01
   5.4343380e+05   5.4037350e+06  -2.8158245e-02
   5.4344650e+05   5.4037350e+06  -9.9840426e-02
   5.4347510e+05   5.4037350e+06   8.4295213e-03
   5.4342030e+05   5.4037360e+06  -2.9812766e-02
   5.4347470e+05   5.4037360e+06  -8.8167553e-02
   5.4346220e+05   5.4037370e+06   1.1255532e-01
   5.4349730e+05   5.4037370e+06   2.6156636e-01
   5.4350360e+05   5.4037370e+06   2.3692766e-01
   5.4338970e+05   5.4037380e+06  -1.2351702e-01
   5.4340180e+05   5.4037380e+06  -1.5851436e-01
   5.4344610e+05   5.4037380e+06   3.1670213e-02
   5.4346310e+05   5.4037380e+06   7.3835372e-02
   5.4347480e+05   5.4037390e+06  -9.8787234e-02
   5.4348910e+05   5.4037390e+06  -3.6666489e-01
   5.4342730e+05   5.4037400e+06   6.7260638e-02
   5.4343340e+05   5.4037400e+06  -1.1403989e-01
   5.4347450e+05   5.4037400e+06   1.1799202e-01
   5.4351660e+05   5.4037400e+06   1.9005053e-01
   5.4346220e+05   5.4037410e+06   5.4835372e-02
   5.4353010e+05   5.4037410e+06   5.2554920e-02
   5.4344580e+05   5.4037420e+06   8.5868085e-02
   5.4340130e+05   5.4037430e+06  -1.2262460e-01
   5.4341960e+05   5.4037430e+06   9.8941489e-03
   5.4346270e+05   5.4037430e+06   1.5860918e-01
   5.4347490e+05   5.4037430e+06   2.2976809e-01
   5.4349740e+05   5.4037430e+06   1.7829840e-01
   5.4350360e+05   5.4037430e+06  -4.8878191e-02
   5.4351660e+05   5.4037430e+06  -8.5703723e-02
   5.4348900e+05   5.4037440e+06  -1.0976596e-01
   5.4353720e+05   5.4037440e+06   2.0315745e-01
   5.4338930e+05   5.4037450e+06  -8.7831117e-02
   5.4346230e+05   5.4037450e+06   1.6786569e-02
   5.4342700e+05   5.4037460e+06   2.7811170e-02
   5.4344540e+05   5.4037460e+06  -6.0378723e-02
   5.4347390e+05   5.4037460e+06   1.6893245e-01
   5.4347490e+05   5.4037460e+06   1.3402287e-01
   5.4352980e+05   5.4037460e+06   5.6476596e-02
   5.4343280e+05   5.4037470e+06  -2.5641489e-02
   5.4349740e+05   5.4037470e+06   8.9622340e-03
   5.4340100e+05   5.4037480e+06  -4.5164894e-02
   5.4350340e+05   5.4037480e+06  -2.9238830e-02
   5.4352980e+05   5.4037480e+06  -3.9498404e-02
   5.4355940e+05   5.4037480e+06   1.5242979e-01
   5.4346210e+05   5.4037490e+06   1.4491343e-01
   5.4351660e+05   5.4037490e+06  -6.6733511e-02
   5.4341890e+05   5.4037500e+06  -1.0443883e-01
   5.4346240e+05   5.4037500e+06   1.3728723e-01
   5.4347500e+05   5.4037500e+06   1.8337766e-01
   5.4344500e+05   5.4037510e+06   1.0206782e-01
   5.4347330e+05   5.4037510e+06   1.6560426e-01
   5.4349750e+05   5.4037510e+06   1.9174202e-01
   5.4338880e+05   5.4037520e+06  -5.4246809e-02
   5.4342680e+05   5.4037520e+06   1.0317021e-01
   5.4348900e+05   5.4037520e+06  -7.5284574e-02
   5.4350350e+05   5.4037520e+06  -2.5682181e-02
   5.4355930e+05   5.4037520e+06  -1.3291250e-01
   5.4357980e+05   5.4037520e+06   8.4190426e-02
   5.4358300e+05   5.4037520e+06   7.7587766e-02
   5.4340080e+05   5.4037530e+06  -1.6258298e-01
   5.4343220e+05   5.4037530e+06  -4.9352926e-02
   5.4351660e+05   5.4037530e+06   9.6640426e-02
   5.4352940e+05   5.4037530e+06  -3.8421277e-02
   5.4356730e+05   5.4037530e+06   2.0798138e-01
   5.4347510e+05   5.4037550e+06   1.0180851e-02
   5.4349760e+05   5.4037550e+06   4.2401596e-02
   5.4353720e+05   5.4037550e+06   1.3480319e-01
   5.4355910e+05   5.4037550e+06  -1.4439162e-01
   5.4360160e+05   5.4037550e+06   1.3822074e-01
   5.4344460e+05   5.4037560e+06   5.5263298e-02
   5.4346160e+05   5.4037560e+06  -1.2696170e-01
   5.4346260e+05   5.4037560e+06   1.0010638e-03
   5.4350340e+05   5.4037560e+06   3.3271809e-02
   5.4357950e+05   5.4037560e+06  -1.2262766e-01
   5.4359030e+05   5.4037560e+06   1.8958963e-01
   5.4359580e+05   5.4037560e+06   1.7523989e-01
   5.4341830e+05   5.4037570e+06  -1.3631037e-01
   5.4342640e+05   5.4037570e+06  -1.3834840e-01
   5.4347280e+05   5.4037570e+06   1.3254894e-01
   5.4340030e+05   5.4037580e+06  -9.9034574e-03
   5.4348880e+05   5.4037580e+06  -1.0631915e-02
   5.4351660e+05   5.4037580e+06   6.3350532e-02
   5.4352910e+05   5.4037580e+06  -1.3792713e-01
   5.4353720e+05   5.4037580e+06   1.9312979e-01
   5.4355900e+05   5.4037580e+06  -3.7664894e-02
   5.4358320e+05   5.4037580e+06  -2.7637021e-01
   5.4338830e+05   5.4037590e+06  -9.6421809e-02
   5.4349760e+05   5.4037590e+06   8.6571809e-02
   5.4357910e+05   5.4037590e+06  -2.8806277e-01
   5.4343160e+05   5.4037600e+06  -1.5372340e-01
   5.4344420e+05   5.4037600e+06   1.9417819e-01
   5.4360180e+05   5.4037600e+06  -2.9079787e-02
   5.4363480e+05   5.4037600e+06   1.1271277e-02
   5.4347530e+05   5.4037610e+06   2.1231489e-01
   5.4350340e+05   5.4037610e+06   1.1397660e-01
   5.4353720e+05   5.4037610e+06   3.2811489e-01
   5.4358330e+05   5.4037610e+06  -7.9209176e-02
   5.4359010e+05   5.4037610e+06   4.6876463e-02
   5.4359590e+05   5.4037610e+06  -1.4395080e-02
   5.4346100e+05   5.4037620e+06   9.5082447e-02
   5.4355870e+05   5.4037620e+06  -1.9478511e-01
   5.4356660e+05   5.4037620e+06   1.9463617e-01
   5.4361740e+05   5.4037620e+06   2.8282234e-01
   5.4364540e+05   5.4037620e+06   6.8708511e-02
   5.4340010e+05   5.4037630e+06   5.2340293e-02
   5.4342630e+05   5.4037630e+06  -2.0862766e-02
   5.4346280e+05   5.4037630e+06  -4.5906383e-02
   5.4347190e+05   5.4037630e+06   1.3500000e-03
   5.4349770e+05   5.4037630e+06  -1.0208404e-01
   5.4357880e+05   5.4037630e+06  -2.9194149e-02
   5.4351660e+05   5.4037640e+06   2.3245585e-01
   5.4352890e+05   5.4037640e+06   2.3971277e-02
   5.4358340e+05   5.4037640e+06  -8.0212234e-02
   5.4358980e+05   5.4037640e+06  -2.5373936e-02
   5.4359600e+05   5.4037640e+06  -7.6537234e-02
   5.4363450e+05   5.4037640e+06  -2.0700133e-01
   5.4365840e+05   5.4037640e+06   1.2483617e-01
   5.4341760e+05   5.4037650e+06  -2.6816489e-02
   5.4353730e+05   5.4037650e+06   2.0803856e-01
   5.4360190e+05   5.4037650e+06   1.4817753e-01
   5.4364470e+05   5.4037650e+06   1.7300000e-01
   5.4338780e+05   5.4037660e+06  -7.9914894e-03
   5.4344380e+05   5.4037660e+06   9.6530851e-02
   5.4347540e+05   5.4037660e+06  -8.0496809e-02
   5.4348890e+05   5.4037660e+06  -9.3020213e-02
   5.4350330e+05   5.4037660e+06  -1.0280080e-01
   5.4355850e+05   5.4037670e+06   3.2640293e-02
   5.4368890e+05   5.4037670e+06   1.0529508e-01
   5.4339980e+05   5.4037680e+06   7.4484043e-03
   5.4343100e+05   5.4037680e+06  -3.0851064e-04
   5.4346040e+05   5.4037680e+06  -4.9304255e-02
   5.4349760e+05   5.4037680e+06   1.9099787e-01
   5.4353720e+05   5.4037680e+06   1.1872766e-01
   5.4356620e+05   5.4037680e+06   1.2800160e-01
   5.4357830e+05   5.4037680e+06  -2.0726596e-01
   5.4358350e+05   5.4037680e+06  -9.1719415e-02
   5.4358940e+05   5.4037680e+06  -1.2329947e-01
   5.4360210e+05   5.4037680e+06  -4.6964894e-02
   5.4364540e+05   5.4037680e+06  -2.9032553e-01
   5.4342600e+05   5.4037690e+06  -7.3694149e-02
   5.4346290e+05   5.4037690e+06   6.2150399e-02
   5.4352860e+05   5.4037690e+06   3.2713564e-02
   5.4359600e+05   5.4037690e+06  -3.0885638e-02
   5.4363410e+05   5.4037690e+06  -2.4693684e-01
   5.4365840e+05   5.4037690e+06   1.4524309e-01
   5.4347110e+05   5.4037700e+06  -3.6401596e-02
   5.4351670e+05   5.4037700e+06   9.0506649e-02
   5.4344330e+05   5.4037710e+06  -1.5089495e-02
   5.4360230e+05   5.4037710e+06  -2.2294415e-02
   5.4361730e+05   5.4037710e+06   1.5819614e-01
   5.4364460e+05   5.4037710e+06  -2.5185479e-01
   5.4365840e+05   5.4037710e+06  -8.4957447e-02
   5.4371120e+05   5.4037710e+06   4.1277128e-02
   5.4339930e+05   5.4037720e+06  -1.6339574e-01
   5.4341690e+05   5.4037720e+06  -1.4924973e-01
   5.4347550e+05   5.4037720e+06  -1.2964096e-02
   5.4355830e+05   5.4037720e+06  -3.3067553e-02
   5.4356580e+05   5.4037720e+06   3.8744468e-01
   5.4358360e+05   5.4037720e+06  -1.0695745e-01
   5.4358920e+05   5.4037720e+06   1.0193617e-01
   5.4359610e+05   5.4037720e+06  -1.2788590e-01
   5.4364550e+05   5.4037720e+06  -1.9243085e-01
   5.4368850e+05   5.4037720e+06  -1.2546144e-01
   5.4370310e+05   5.4037720e+06   8.8789628e-02
   5.4350320e+05   5.4037730e+06  -1.9816489e-02
   5.4353720e+05   5.4037730e+06   1.3581809e-01
   5.4357780e+05   5.4037730e+06   4.6395479e-02
   5.4363380e+05   5.4037730e+06  -2.8421835e-01
   5.4365850e+05   5.4037730e+06  -2.6911569e-02
   5.4338720e+05   5.4037740e+06  -1.8838298e-02
   5.4348870e+05   5.4037740e+06  -5.1594681e-02
   5.4349770e+05   5.4037740e+06   1.0422101e-01
   5.4360230e+05   5.4037740e+06  -4.1417553e-03
   5.4364450e+05   5.4037740e+06  -8.4659574e-02
   5.4371930e+05   5.4037740e+06   1.6045532e-01
   5.4380280e+05   5.4037740e+06   9.5129787e-02
   5.4342560e+05   5.4037750e+06   6.9789894e-02
   5.4343050e+05   5.4037750e+06  -7.3477394e-02
   5.4345990e+05   5.4037750e+06  -3.1946144e-02
   5.4352830e+05   5.4037750e+06   5.8131649e-03
   5.4361730e+05   5.4037750e+06   1.9205519e-01
   5.4368820e+05   5.4037750e+06   3.0744681e-02
   5.4371080e+05   5.4037750e+06  -3.3986968e-01
   5.4373790e+05   5.4037750e+06   1.9920944e-01
   5.4375870e+05   5.4037750e+06   1.7147407e-01
   5.4378300e+05   5.4037750e+06   1.3488697e-01
   5.4346310e+05   5.4037760e+06  -2.4138032e-02
   5.4351670e+05   5.4037760e+06   4.0070479e-02
   5.4358880e+05   5.4037760e+06   9.8606383e-02
   5.4359610e+05   5.4037760e+06   8.3645479e-02
   5.4364560e+05   5.4037760e+06  -5.6618085e-02
   5.4365850e+05   5.4037760e+06  -1.5695479e-01
   5.4375680e+05   5.4037760e+06   2.0833085e-01
   5.4377100e+05   5.4037760e+06   1.8536968e-01
   5.4339890e+05   5.4037770e+06  -8.8949202e-02
   5.4344280e+05   5.4037770e+06   6.7915426e-02
   5.4353730e+05   5.4037770e+06   2.3693511e-01
   5.4355800e+05   5.4037770e+06   5.4470745e-02
   5.4356560e+05   5.4037770e+06   2.0911011e-01
   5.4358370e+05   5.4037770e+06   1.8591755e-02
   5.4361720e+05   5.4037770e+06   2.3655053e-01
   5.4363340e+05   5.4037770e+06   5.0928989e-02
   5.4364440e+05   5.4037770e+06  -2.7798404e-02
   5.4368800e+05   5.4037770e+06  -1.6591223e-01
   5.4379760e+05   5.4037770e+06   1.7395372e-01
   5.4381810e+05   5.4037770e+06   1.4668072e-01
   5.4347040e+05   5.4037780e+06   3.7100000e-02
   5.4347560e+05   5.4037780e+06   5.5304255e-02
   5.4357740e+05   5.4037780e+06   4.3786170e-02
   5.4360250e+05   5.4037780e+06  -9.3956117e-02
   5.4371030e+05   5.4037780e+06  -1.3163830e-02
   5.4382510e+05   5.4037780e+06   1.5320745e-01
   5.4349780e+05   5.4037790e+06  -8.0853723e-03
   5.4359620e+05   5.4037790e+06  -1.0440931e-01
   5.4365850e+05   5.4037790e+06  -5.5615027e-02
   5.4370190e+05   5.4037790e+06   2.1184707e-02
   5.4372020e+05   5.4037790e+06  -3.3356117e-02
   5.4341620e+05   5.4037800e+06  -4.2651596e-02
   5.4350310e+05   5.4037800e+06  -3.9259309e-02
   5.4361730e+05   5.4037800e+06   1.4628059e-01
   5.4364420e+05   5.4037800e+06   1.5318617e-01
   5.4375690e+05   5.4037800e+06  -6.6570479e-02
   5.4384910e+05   5.4037800e+06   6.3550532e-03
   5.4338660e+05   5.4037810e+06  -5.5523138e-02
   5.4342530e+05   5.4037810e+06   8.6903324e-02
   5.4352790e+05   5.4037810e+06   1.8228710e-01
   5.4364570e+05   5.4037810e+06  -8.6942021e-02
   5.4368740e+05   5.4037810e+06  -1.7731569e-01
   5.4370170e+05   5.4037810e+06   3.6515160e-02
   5.4370980e+05   5.4037810e+06   6.5430319e-02
   5.4372050e+05   5.4037810e+06   8.4546543e-02
   5.4380360e+05   5.4037810e+06  -2.3648298e-01
   5.4383540e+05   5.4037810e+06   1.4989787e-01
   5.4342980e+05   5.4037820e+06  -8.6330319e-02
   5.4344240e+05   5.4037820e+06   3.7365957e-02
   5.4345930e+05   5.4037820e+06   2.4431649e-02
   5.4346330e+05   5.4037820e+06   3.6746543e-02
   5.4348860e+05   5.4037820e+06   4.9377128e-02
   5.4351670e+05   5.4037820e+06  -7.3855585e-02
   5.4353730e+05   5.4037820e+06   2.2859255e-01
   5.4355780e+05   5.4037820e+06   1.0532394e-01
   5.4356520e+05   5.4037820e+06   2.3339787e-01
   5.4358840e+05   5.4037820e+06   1.4324362e-01
   5.4360270e+05   5.4037820e+06  -5.2909840e-02
   5.4361720e+05   5.4037820e+06   2.0182766e-01
   5.4363290e+05   5.4037820e+06  -7.3430851e-03
   5.4378370e+05   5.4037820e+06  -2.7682872e-01
   5.4380380e+05   5.4037820e+06   1.0602766e-01
   5.4385690e+05   5.4037820e+06   7.8974468e-02
   5.4339850e+05   5.4037830e+06   1.0800332e-01
   5.4357680e+05   5.4037830e+06   1.5301596e-02
   5.4358390e+05   5.4037830e+06   2.1076862e-02
   5.4359620e+05   5.4037830e+06  -1.0305346e-01
   5.4364410e+05   5.4037830e+06  -1.1185638e-02
   5.4365850e+05   5.4037830e+06  -1.3549867e-02
   5.4372090e+05   5.4037830e+06   7.2773936e-03
   5.4373900e+05   5.4037830e+06   1.5465691e-01
   5.4375710e+05   5.4037830e+06   7.8163032e-02
   5.4380390e+05   5.4037830e+06   2.4616489e-02
   5.4381860e+05   5.4037830e+06  -7.2223670e-02
   5.4382550e+05   5.4037830e+06   8.8574468e-02
   5.4384930e+05   5.4037830e+06  -6.4525798e-02
   5.4370130e+05   5.4037840e+06  -3.7306649e-02
   5.4370940e+05   5.4037840e+06  -1.1180160e-01
   5.4378390e+05   5.4037840e+06  -8.8630053e-02
   5.4379810e+05   5.4037840e+06   7.0303989e-02
   5.4383560e+05   5.4037840e+06  -2.6330957e-01
   5.4387390e+05   5.4037840e+06   1.4989681e-01
   5.4347580e+05   5.4037850e+06   2.5026596e-03
   5.4349790e+05   5.4037850e+06  -4.0359043e-03
   5.4361710e+05   5.4037850e+06  -1.1264761e-01
   5.4364570e+05   5.4037850e+06  -1.0899734e-01
   5.4368690e+05   5.4037850e+06  -2.2183710e-01
   5.4372130e+05   5.4037850e+06  -4.4921543e-02
   5.4373920e+05   5.4037850e+06  -6.7481383e-02
   5.4377190e+05   5.4037850e+06   1.9976064e-02
   5.4380410e+05   5.4037850e+06   1.4920213e-03
   5.4389140e+05   5.4037850e+06   1.8497340e-01
   5.4346940e+05   5.4037860e+06  -1.4633511e-02
   5.4352760e+05   5.4037860e+06  -5.4981915e-02
   5.4360280e+05   5.4037860e+06   3.3531915e-03
   5.4364400e+05   5.4037860e+06   5.0468085e-02
   5.4365860e+05   5.4037860e+06  -1.4526649e-01
   5.4375730e+05   5.4037860e+06  -9.7332447e-03
   5.4379830e+05   5.4037860e+06   1.1690585e-01
   5.4381880e+05   5.4037860e+06  -1.8477553e-01
   5.4382580e+05   5.4037860e+06   2.2292021e-02
   5.4341550e+05   5.4037870e+06   6.9985372e-02
   5.4342510e+05   5.4037870e+06  -9.0417952e-02
   5.4350310e+05   5.4037870e+06  -2.0123444e-01
   5.4355760e+05   5.4037870e+06   2.4653191e-02
   5.4356490e+05   5.4037870e+06   1.3767407e-01
   5.4358800e+05   5.4037870e+06   1.1614362e-02
   5.4359630e+05   5.4037870e+06  -1.1564721e-01
   5.4361700e+05   5.4037870e+06  -3.1949468e-02
   5.4363260e+05   5.4037870e+06  -8.5243351e-02
   5.4370080e+05   5.4037870e+06  -1.1346809e-02
   5.4370900e+05   5.4037870e+06  -8.4539894e-02
   5.4380430e+05   5.4037870e+06  -2.0770904e-01
   5.4384960e+05   5.4037870e+06   1.4344149e-02
   5.4387410e+05   5.4037870e+06  -6.8883245e-02
   5.4389130e+05   5.4037870e+06   3.2898936e-02
   5.4339820e+05   5.4037880e+06   1.2696170e-01
   5.4344180e+05   5.4037880e+06   4.5839894e-02
   5.4351660e+05   5.4037880e+06   8.5453723e-02
   5.4353730e+05   5.4037880e+06   4.1275798e-02
   5.4373950e+05   5.4037880e+06   2.0865691e-02
   5.4377210e+05   5.4037880e+06   6.5815160e-02
   5.4378430e+05   5.4037880e+06  -3.5933511e-03
   5.4383580e+05   5.4037880e+06  -1.2702766e-01
   5.4385750e+05   5.4037880e+06   1.6085106e-01
   5.4342930e+05   5.4037890e+06  -2.1566888e-02
   5.4345880e+05   5.4037890e+06  -2.5083511e-02
   5.4346350e+05   5.4037890e+06   8.1583777e-02
   5.4357630e+05   5.4037890e+06   4.9313830e-03
   5.4358400e+05   5.4037890e+06   4.7970745e-02
   5.4364400e+05   5.4037890e+06   1.3321809e-02
   5.4364590e+05   5.4037890e+06   2.5409574e-03
   5.4365860e+05   5.4037890e+06   1.1037952e-01
   5.4372180e+05   5.4037890e+06  -6.7364894e-02
   5.4379840e+05   5.4037890e+06   4.0795745e-02
   5.4381910e+05   5.4037890e+06  -1.0195625e-01
   5.4382590e+05   5.4037890e+06  -1.2714202e-01
   5.4338610e+05   5.4037900e+06   1.3105053e-02
   5.4361700e+05   5.4037900e+06   4.3750000e-03
   5.4375760e+05   5.4037900e+06   5.9319149e-02
   5.4376030e+05   5.4037900e+06   2.0332447e-02
   5.4380460e+05   5.4037900e+06  -1.3104255e-01
   5.4387420e+05   5.4037900e+06   1.2588830e-01
   5.4347590e+05   5.4037910e+06   2.0688763e-01
   5.4348860e+05   5.4037910e+06  -1.2178378e-01
   5.4349790e+05   5.4037910e+06  -1.5639415e-01
   5.4359640e+05   5.4037910e+06  -5.6481383e-02
   5.4360310e+05   5.4037910e+06  -8.1328989e-02
   5.4368640e+05   5.4037910e+06  -8.1811702e-02
   5.4370040e+05   5.4037910e+06   6.7395745e-02
   5.4370840e+05   5.4037910e+06  -1.1019149e-02
   5.4377240e+05   5.4037910e+06   2.3842021e-02
   5.4389110e+05   5.4037910e+06   4.8311170e-02
   5.4346880e+05   5.4037920e+06   7.4307447e-02
   5.4352730e+05   5.4037920e+06  -3.0856649e-02
   5.4356450e+05   5.4037920e+06   1.3484574e-01
   5.4364380e+05   5.4037920e+06   3.5714362e-02
   5.4365870e+05   5.4037920e+06  -3.1376064e-02
   5.4372240e+05   5.4037920e+06  -4.2023404e-02
   5.4379860e+05   5.4037920e+06  -9.9850000e-02
   5.4381930e+05   5.4037920e+06  -1.1095745e-02
   5.4383610e+05   5.4037920e+06   1.0111543e-01
   5.4384990e+05   5.4037920e+06  -1.2758511e-01
   5.4385770e+05   5.4037920e+06  -8.6419415e-02
   5.4353730e+05   5.4037930e+06   3.6524867e-02
   5.4355720e+05   5.4037930e+06   3.3637766e-02
   5.4358760e+05   5.4037930e+06   1.0341649e-01
   5.4361710e+05   5.4037930e+06   7.6859574e-02
   5.4363230e+05   5.4037930e+06   7.2577660e-02
   5.4374010e+05   5.4037930e+06  -7.5813564e-02
   5.4377270e+05   5.4037930e+06  -3.6186436e-02
   5.4378480e+05   5.4037930e+06  -1.2641330e-01
   5.4380490e+05   5.4037930e+06   2.9043883e-03
   5.4382630e+05   5.4037930e+06   2.7161303e-02
   5.4339780e+05   5.4037940e+06   4.3383511e-02
   5.4341490e+05   5.4037940e+06   8.7917287e-02
   5.4342460e+05   5.4037940e+06   5.1668617e-02
   5.4344130e+05   5.4037940e+06   2.7910372e-02
   5.4350290e+05   5.4037940e+06  -1.9221809e-02
   5.4357580e+05   5.4037940e+06  -1.1616755e-01
   5.4358420e+05   5.4037940e+06  -7.0373404e-02
   5.4364590e+05   5.4037940e+06  -9.8184574e-02
   5.4369980e+05   5.4037940e+06  -1.5522340e-02
   5.4375780e+05   5.4037940e+06  -5.0917553e-02
   5.4376070e+05   5.4037940e+06   1.0995479e-01
   5.4351680e+05   5.4037950e+06   1.7648670e-01
   5.4359640e+05   5.4037950e+06   2.3582447e-02
   5.4361690e+05   5.4037950e+06   6.6143617e-03
   5.4365880e+05   5.4037950e+06  -3.1829787e-02
   5.4372290e+05   5.4037950e+06  -1.8114827e-01
   5.4381940e+05   5.4037950e+06  -1.5886702e-01
   5.4383640e+05   5.4037950e+06  -9.4489362e-02
   5.4385010e+05   5.4037950e+06  -1.0898205e-01
   5.4387440e+05   5.4037950e+06  -7.7260638e-03
   5.4342860e+05   5.4037960e+06  -5.3388298e-03
   5.4345820e+05   5.4037960e+06  -5.4332447e-02
   5.4364380e+05   5.4037960e+06  -1.8692074e-01
   5.4368580e+05   5.4037960e+06   6.4804787e-02
   5.4370780e+05   5.4037960e+06   9.0053191e-04
   5.4379890e+05   5.4037960e+06  -1.0467872e-01
   5.4385800e+05   5.4037960e+06  -3.6127660e-02
   5.4389110e+05   5.4037960e+06   1.5023936e-01
   5.4346370e+05   5.4037970e+06  -3.3975665e-02
   5.4349810e+05   5.4037970e+06  -1.5937766e-02
   5.4360330e+05   5.4037970e+06   2.2822606e-02
   5.4363180e+05   5.4037970e+06   1.3277606e-01
   5.4376100e+05   5.4037970e+06  -7.3244681e-02
   5.4377300e+05   5.4037970e+06  -6.1026596e-02
   5.4338560e+05   5.4037980e+06  -2.5074468e-03
   5.4347600e+05   5.4037980e+06   4.8351064e-02
   5.4352690e+05   5.4037980e+06   1.1753537e-01
   5.4356410e+05   5.4037980e+06   1.1968856e-01
   5.4358710e+05   5.4037980e+06   2.0027287e-01
   5.4361690e+05   5.4037980e+06   1.3767101e-01
   5.4365870e+05   5.4037980e+06   1.8856383e-04
   5.4369910e+05   5.4037980e+06  -1.0507340e-01
   5.4372330e+05   5.4037980e+06  -3.8247074e-02
   5.4375800e+05   5.4037980e+06  -4.4175532e-02
   5.4380540e+05   5.4037980e+06  -7.0040426e-02
   5.4383660e+05   5.4037980e+06   3.8536170e-02
   5.4346800e+05   5.4037990e+06   5.0284574e-02
   5.4348840e+05   5.4037990e+06   7.2656383e-02
   5.4353740e+05   5.4037990e+06   4.2595479e-02
   5.4355690e+05   5.4037990e+06   3.7068617e-02
   5.4359650e+05   5.4037990e+06  -1.0789561e-01
   5.4364600e+05   5.4037990e+06  -9.8553191e-02
   5.4374080e+05   5.4037990e+06   4.9189894e-02
   5.4378530e+05   5.4037990e+06  -8.0446676e-02
   5.4381960e+05   5.4037990e+06  -5.4167553e-02
   5.4385830e+05   5.4037990e+06  -2.5676463e-02
   5.4339740e+05   5.4038000e+06   1.5188830e-02
   5.4341430e+05   5.4038000e+06  -1.3929521e-02
   5.4344070e+05   5.4038000e+06   9.3453457e-02
   5.4350290e+05   5.4038000e+06   7.2593085e-02
   5.4357520e+05   5.4038000e+06   1.1061170e-01
   5.4358430e+05   5.4038000e+06  -8.8871011e-02
   5.4361690e+05   5.4038000e+06   5.2613032e-02
   5.4377340e+05   5.4038000e+06  -5.8252660e-02
   5.4379910e+05   5.4038000e+06  -3.3531915e-02
   5.4385040e+05   5.4038000e+06  -1.2704787e-01
   5.4389110e+05   5.4038000e+06  -9.3750000e-02
   5.4342430e+05   5.4038010e+06   6.9950532e-02
   5.4351680e+05   5.4038010e+06   1.0586489e-01
   5.4364360e+05   5.4038010e+06   2.3024468e-02
   5.4368530e+05   5.4038010e+06  -4.9328989e-02
   5.4370710e+05   5.4038010e+06  -8.9686037e-02
   5.4372380e+05   5.4038010e+06  -9.6997074e-02
   5.4376140e+05   5.4038010e+06   3.7584309e-02
   5.4382680e+05   5.4038010e+06  -3.3143564e-01
   5.4387460e+05   5.4038010e+06  -8.0667021e-02
   5.4345760e+05   5.4038020e+06   4.5274468e-02
   5.4365880e+05   5.4038020e+06  -4.8221277e-02
   5.4375830e+05   5.4038020e+06   8.4697872e-02
   5.4381990e+05   5.4038020e+06   4.4156915e-03
   5.4383680e+05   5.4038020e+06   1.6397872e-02
   5.4342790e+05   5.4038030e+06   4.8589362e-02
   5.4356380e+05   5.4038030e+06   1.2308511e-01
   5.4359650e+05   5.4038030e+06  -5.6370346e-02
   5.4360350e+05   5.4038030e+06  -2.4758178e-01
   5.4361680e+05   5.4038030e+06  -4.8131383e-02
   5.4363140e+05   5.4038030e+06  -1.0613537e-01
   5.4369860e+05   5.4038030e+06  -1.6462766e-02
   5.4379930e+05   5.4038030e+06  -2.0179521e-03
   5.4380590e+05   5.4038030e+06  -1.5831715e-01
   5.4385850e+05   5.4038030e+06  -7.1815824e-02
   5.4346390e+05   5.4038040e+06   1.3337394e-01
   5.4349810e+05   5.4038040e+06   2.1749628e-01
   5.4352670e+05   5.4038040e+06   6.3285904e-02
   5.4372430e+05   5.4038040e+06  -7.1009574e-02
   5.4377380e+05   5.4038040e+06  -2.6178191e-02
   5.4382000e+05   5.4038040e+06  -1.0292553e-01
   5.4347620e+05   5.4038050e+06   2.5131649e-02
   5.4355660e+05   5.4038050e+06   7.1297872e-02
   5.4358440e+05   5.4038050e+06  -1.0183777e-01
   5.4358660e+05   5.4038050e+06   4.8406915e-02
   5.4364340e+05   5.4038050e+06  -2.8843085e-02
   5.4364610e+05   5.4038050e+06  -6.0751330e-02
   5.4365880e+05   5.4038050e+06  -7.7127660e-02
   5.4374160e+05   5.4038050e+06  -1.0552394e-01
   5.4389100e+05   5.4038050e+06  -7.0944149e-02
   5.4338490e+05   5.4038060e+06  -2.1580053e-02
   5.4339700e+05   5.4038060e+06   1.4882979e-01
   5.4346720e+05   5.4038060e+06   3.5487234e-02
   5.4353740e+05   5.4038060e+06   2.4843617e-02
   5.4357480e+05   5.4038060e+06  -2.7340426e-02
   5.4361690e+05   5.4038060e+06  -6.1119415e-02
   5.4368480e+05   5.4038060e+06  -9.9891489e-02
   5.4375840e+05   5.4038060e+06  -5.2022340e-02
   5.4376190e+05   5.4038060e+06  -3.8333245e-02
   5.4378600e+05   5.4038060e+06  -1.8728723e-01
   5.4383720e+05   5.4038060e+06  -1.2270957e-01
   5.4385070e+05   5.4038060e+06  -2.6654415e-01
   5.4385870e+05   5.4038060e+06  -5.0225000e-02
   5.4387480e+05   5.4038060e+06  -5.4953191e-02
   5.4341380e+05   5.4038070e+06   9.6312234e-02
   5.4342420e+05   5.4038070e+06   2.0921330e-01
   5.4344030e+05   5.4038070e+06  -1.9012194e-01
   5.4350280e+05   5.4038070e+06   1.8920745e-02
   5.4369790e+05   5.4038070e+06  -1.5947074e-01
   5.4370630e+05   5.4038070e+06   2.6267420e-02
   5.4372480e+05   5.4038070e+06  -1.7518564e-01
   5.4377410e+05   5.4038070e+06   7.3164229e-02
   5.4379960e+05   5.4038070e+06  -1.0853989e-01
   5.4382030e+05   5.4038070e+06  -8.9861303e-02
   5.4348830e+05   5.4038080e+06   1.0357979e-02
   5.4356360e+05   5.4038080e+06  -3.6595745e-02
   5.4359660e+05   5.4038080e+06  -5.1310106e-02
   5.4360370e+05   5.4038080e+06  -7.3340160e-02
   5.4363090e+05   5.4038080e+06  -8.6845745e-03
   5.4351680e+05   5.4038090e+06   1.1294362e-01
   5.4361680e+05   5.4038090e+06   4.2893085e-02
   5.4364610e+05   5.4038090e+06   4.2295213e-03
   5.4365890e+05   5.4038090e+06  -7.6380186e-02
   5.4380640e+05   5.4038090e+06  -8.5941489e-02
   5.4382750e+05   5.4038090e+06  -2.4647274e-01
   5.4383740e+05   5.4038090e+06  -5.7114096e-02
   5.4345690e+05   5.4038100e+06   4.8047872e-02
   5.4349810e+05   5.4038100e+06   9.6507979e-02
   5.4355620e+05   5.4038100e+06   3.0252660e-02
   5.4358610e+05   5.4038100e+06  -4.2791223e-02
   5.4364330e+05   5.4038100e+06  -4.9214096e-02
   5.4368420e+05   5.4038100e+06  -6.2481383e-02
   5.4372530e+05   5.4038100e+06  -7.4418883e-02
   5.4377440e+05   5.4038100e+06   1.5723404e-02
   5.4382050e+05   5.4038100e+06  -1.1797207e-01
   5.4385910e+05   5.4038100e+06  -9.6989362e-02
   5.4389090e+05   5.4038100e+06  -2.5026596e-01
   5.4339660e+05   5.4038110e+06  -1.7356649e-02
   5.4342740e+05   5.4038110e+06   2.1885638e-03
   5.4352630e+05   5.4038110e+06   1.0265439e-01
   5.4358460e+05   5.4038110e+06   1.8469149e-02
   5.4374220e+05   5.4038110e+06   1.0926862e-02
   5.4375880e+05   5.4038110e+06  -5.1893617e-03
   5.4376240e+05   5.4038110e+06   3.6490426e-02
   5.4379990e+05   5.4038110e+06   5.2537234e-03
   5.4347630e+05   5.4038120e+06  -1.5865957e-02
   5.4357410e+05   5.4038120e+06  -5.4230585e-02
   5.4361670e+05   5.4038120e+06   1.0592367e-01
   5.4365890e+05   5.4038120e+06  -2.0327979e-01
   5.4369730e+05   5.4038120e+06  -2.3888298e-01
   5.4370560e+05   5.4038120e+06  -1.2665745e-01
   5.4385110e+05   5.4038120e+06  -2.6143112e-01
   5.4387490e+05   5.4038120e+06   8.6536968e-02
   5.4342380e+05   5.4038130e+06  -4.6056117e-02
   5.4343960e+05   5.4038130e+06   1.7248032e-01
   5.4346410e+05   5.4038130e+06  -1.8677527e-02
   5.4346630e+05   5.4038130e+06   1.3395612e-02
   5.4353740e+05   5.4038130e+06  -3.6622340e-03
   5.4356310e+05   5.4038130e+06   1.1741090e-02
   5.4359680e+05   5.4038130e+06  -1.8782447e-02
   5.4372590e+05   5.4038130e+06  -1.1036463e-01
   5.4378660e+05   5.4038130e+06  -2.3921277e-02
   5.4382070e+05   5.4038130e+06  -9.9568085e-02
   5.4383770e+05   5.4038130e+06  -2.3937340e-01
   5.4385930e+05   5.4038130e+06  -1.2090013e-01
   5.4338440e+05   5.4038140e+06  -4.2074468e-03
   5.4341310e+05   5.4038140e+06   6.9488032e-02
   5.4350270e+05   5.4038140e+06   5.7180585e-02
   5.4360390e+05   5.4038140e+06  -1.1716011e-01
   5.4364630e+05   5.4038140e+06  -2.1046888e-01
   5.4377480e+05   5.4038140e+06   9.8744681e-03
   5.4380700e+05   5.4038140e+06  -1.4847872e-01
   5.4389080e+05   5.4038140e+06  -1.9728723e-01
   5.4361670e+05   5.4038150e+06   9.7972074e-02
   5.4363040e+05   5.4038150e+06   1.7803191e-02
   5.4364300e+05   5.4038150e+06  -9.5226064e-02
   5.4365890e+05   5.4038150e+06  -3.2599269e-01
   5.4368360e+05   5.4038150e+06   1.5545213e-02
   5.4375910e+05   5.4038150e+06  -6.7111702e-02
   5.4380010e+05   5.4038150e+06  -1.3215691e-01
   5.4351680e+05   5.4038160e+06   1.7779681e-01
   5.4358470e+05   5.4038160e+06   7.4567287e-02
   5.4372630e+05   5.4038160e+06  -9.7108777e-02
   5.4374280e+05   5.4038160e+06   1.9079787e-02
   5.4376290e+05   5.4038160e+06  -5.2193085e-02
   5.4382810e+05   5.4038160e+06  -1.3103750e-01
   5.4339620e+05   5.4038170e+06   9.4875266e-02
   5.4348830e+05   5.4038170e+06   1.6896676e-02
   5.4349820e+05   5.4038170e+06   1.8726489e-01
   5.4355600e+05   5.4038170e+06  -2.8313830e-02
   5.4358560e+05   5.4038170e+06  -1.6593617e-02
   5.4369640e+05   5.4038170e+06   4.2952128e-03
   5.4377510e+05   5.4038170e+06  -5.4467287e-02
   5.4382090e+05   5.4038170e+06  -1.6182128e-01
   5.4383800e+05   5.4038170e+06  -1.4465426e-02
   5.4387510e+05   5.4038170e+06  -2.0460146e-01
   5.4342680e+05   5.4038180e+06  -4.8807447e-02
   5.4352590e+05   5.4038180e+06   3.4963298e-02
   5.4357360e+05   5.4038180e+06  -3.4225532e-02
   5.4359680e+05   5.4038180e+06   4.9755319e-03
   5.4361660e+05   5.4038180e+06   9.2645213e-02
   5.4375910e+05   5.4038180e+06   1.9858511e-02
   5.4385140e+05   5.4038180e+06  -2.6979149e-01
   5.4385970e+05   5.4038180e+06  -2.2507128e-01
   5.4342350e+05   5.4038190e+06  -7.4527926e-03
   5.4345610e+05   5.4038190e+06   5.6420745e-02
   5.4346560e+05   5.4038190e+06   2.7229787e-01
   5.4356270e+05   5.4038190e+06   1.8080186e-02
   5.4364290e+05   5.4038190e+06  -1.2095984e-01
   5.4364640e+05   5.4038190e+06  -1.3299043e-01
   5.4370480e+05   5.4038190e+06  -5.6361702e-03
   5.4372690e+05   5.4038190e+06  -1.2353537e-01
   5.4380040e+05   5.4038190e+06  -9.0230319e-02
   5.4341250e+05   5.4038200e+06  -6.8816489e-03
   5.4347650e+05   5.4038200e+06   9.2473404e-02
   5.4350260e+05   5.4038200e+06   8.4321809e-02
   5.4360420e+05   5.4038200e+06  -1.7752660e-02
   5.4363000e+05   5.4038200e+06  -3.6303191e-02
   5.4365900e+05   5.4038200e+06   4.7872340e-03
   5.4368320e+05   5.4038200e+06  -1.2444681e-01
   5.4374320e+05   5.4038200e+06  -7.9196809e-02
   5.4378730e+05   5.4038200e+06  -1.1657713e-01
   5.4380760e+05   5.4038200e+06  -7.0968085e-02
   5.4382120e+05   5.4038200e+06  -1.0632979e-01
   5.4383830e+05   5.4038200e+06  -1.8229920e-01
   5.4389080e+05   5.4038200e+06  -1.3045213e-01
   5.4343890e+05   5.4038210e+06  -2.3675931e-02
   5.4346430e+05   5.4038210e+06   9.2108378e-02
   5.4353740e+05   5.4038210e+06   1.0167553e-02
   5.4361650e+05   5.4038210e+06   6.9389628e-02
   5.4377550e+05   5.4038210e+06  -1.6335106e-02
   5.4338390e+05   5.4038220e+06   9.0555851e-03
   5.4355560e+05   5.4038220e+06   2.6953191e-02
   5.4369550e+05   5.4038220e+06  -9.9857713e-02
   5.4376360e+05   5.4038220e+06  -2.6179787e-02
   5.4386000e+05   5.4038220e+06  -1.2170213e-01
   5.4387520e+05   5.4038220e+06  -1.7210000e-01
   5.4339580e+05   5.4038230e+06   5.7965426e-02
   5.4349830e+05   5.4038230e+06   8.6492952e-02
   5.4351680e+05   5.4038230e+06   1.2732872e-01
   5.4357300e+05   5.4038230e+06  -7.0305851e-03
   5.4358490e+05   5.4038230e+06  -8.0657048e-02
   5.4359690e+05   5.4038230e+06  -1.1179402e-01
   5.4372760e+05   5.4038230e+06  -5.6875532e-02
   5.4374360e+05   5.4038230e+06  -5.3590426e-03
   5.4375950e+05   5.4038230e+06  -1.3602460e-01
   5.4380070e+05   5.4038230e+06  -5.8675532e-02
   5.4382860e+05   5.4038230e+06  -1.8866144e-01
   5.4383840e+05   5.4038230e+06  -1.2155851e-01
   5.4358500e+05   5.4038240e+06   2.5811170e-02
   5.4364270e+05   5.4038240e+06  -7.9747074e-02
   5.4364640e+05   5.4038240e+06  -9.3797872e-03
   5.4365910e+05   5.4038240e+06  -9.5225532e-02
   5.4377580e+05   5.4038240e+06  -1.0709255e-01
   5.4382140e+05   5.4038240e+06  -2.0172713e-01
   5.4385180e+05   5.4038240e+06  -2.1600479e-01
   5.4342610e+05   5.4038250e+06   1.5376130e-01
   5.4348820e+05   5.4038250e+06   3.8364362e-03
   5.4352560e+05   5.4038250e+06  -1.4829787e-02
   5.4360450e+05   5.4038250e+06   8.0142952e-02
   5.4361660e+05   5.4038250e+06   2.3023936e-02
   5.4370390e+05   5.4038250e+06  -2.0927394e-01
   5.4389060e+05   5.4038250e+06  -2.1489362e-01
   5.4341180e+05   5.4038260e+06  -3.6761170e-02
   5.4342310e+05   5.4038260e+06  -1.2532420e-01
   5.4350260e+05   5.4038260e+06   4.0082979e-02
   5.4356230e+05   5.4038260e+06   1.3364202e-01
   5.4362950e+05   5.4038260e+06   2.5019947e-02
   5.4368260e+05   5.4038260e+06  -4.5487234e-02
   5.4380820e+05   5.4038260e+06  -8.3739362e-02
   5.4346490e+05   5.4038270e+06   3.1839029e-01
   5.4365910e+05   5.4038270e+06  -6.4064894e-02
   5.4372830e+05   5.4038270e+06   6.2040824e-02
   5.4374410e+05   5.4038270e+06  -5.9063830e-02
   5.4378800e+05   5.4038270e+06  -1.5754255e-01
   5.4380100e+05   5.4038270e+06  -9.3484043e-02
   5.4383880e+05   5.4038270e+06  -1.4503191e-01
   5.4386040e+05   5.4038270e+06  -2.1190904e-01
   5.4343830e+05   5.4038280e+06   1.8609335e-01
   5.4345530e+05   5.4038280e+06   5.9594681e-02
   5.4347670e+05   5.4038280e+06  -1.2465213e-01
   5.4359700e+05   5.4038280e+06  -1.0077128e-02
   5.4364650e+05   5.4038280e+06   1.3674202e-02
   5.4369460e+05   5.4038280e+06  -6.1529787e-02
   5.4375980e+05   5.4038280e+06  -1.7785000e-01
   5.4376420e+05   5.4038280e+06  -6.3379787e-02
   5.4377620e+05   5.4038280e+06  -1.6474574e-01
   5.4382160e+05   5.4038280e+06  -1.4158830e-01
   5.4387540e+05   5.4038280e+06  -2.2821223e-01
   5.4353740e+05   5.4038290e+06   1.0701862e-01
   5.4355540e+05   5.4038290e+06   1.9742739e-01
   5.4357240e+05   5.4038290e+06   9.1403191e-02
   5.4361640e+05   5.4038290e+06   2.9731915e-02
   5.4364250e+05   5.4038290e+06  -5.4896941e-02
   5.4338340e+05   5.4038300e+06   3.6747340e-02
   5.4346460e+05   5.4038300e+06   1.8426064e-01
   5.4351690e+05   5.4038300e+06   4.4441489e-02
   5.4358450e+05   5.4038300e+06   1.6591755e-01
   5.4358510e+05   5.4038300e+06  -1.8821809e-02
   5.4370310e+05   5.4038300e+06  -1.3908378e-01
   5.4382920e+05   5.4038300e+06  -1.8214894e-01
   5.4385210e+05   5.4038300e+06  -1.8680851e-01
   5.4389050e+05   5.4038300e+06  -9.1888298e-02
   5.4339530e+05   5.4038310e+06   6.6777527e-02
   5.4349840e+05   5.4038310e+06   1.7998404e-02
   5.4362910e+05   5.4038310e+06  -1.4366223e-02
   5.4368190e+05   5.4038310e+06   1.3980319e-02
   5.4380130e+05   5.4038310e+06  -4.9986702e-04
   5.4383910e+05   5.4038310e+06  -1.8144242e-01
   5.4386070e+05   5.4038310e+06  -1.8716144e-01
   5.4342560e+05   5.4038320e+06   8.3447872e-02
   5.4352510e+05   5.4038320e+06   8.7071809e-03
   5.4356190e+05   5.4038320e+06   1.1662287e-01
   5.4360470e+05   5.4038320e+06  -1.3940851e-01
   5.4365910e+05   5.4038320e+06  -7.3685106e-02
   5.4372910e+05   5.4038320e+06  -9.3005053e-02
   5.4374460e+05   5.4038320e+06  -1.4072713e-01
   5.4377660e+05   5.4038320e+06  -7.7581383e-02
   5.4380890e+05   5.4038320e+06  -1.3515160e-02
   5.4341140e+05   5.4038330e+06   8.5367553e-02
   5.4342280e+05   5.4038330e+06  -1.2918670e-01
   5.4350260e+05   5.4038330e+06   4.5989628e-02
   5.4359700e+05   5.4038330e+06   3.5679521e-02
   5.4361640e+05   5.4038330e+06   6.9851064e-02
   5.4364660e+05   5.4038330e+06   2.1483777e-02
   5.4376010e+05   5.4038330e+06  -1.0029109e-01
   5.4378860e+05   5.4038330e+06  -1.6059920e-01
   5.4382210e+05   5.4038330e+06  -1.0906569e-01
   5.4387560e+05   5.4038330e+06  -2.4191649e-01
   5.4346410e+05   5.4038340e+06   1.0867234e-01
   5.4347670e+05   5.4038340e+06  -1.6829255e-02
   5.4348810e+05   5.4038340e+06   1.1973723e-01
   5.4357190e+05   5.4038340e+06   1.5730585e-01
   5.4369380e+05   5.4038340e+06  -5.7207447e-03
   5.4376480e+05   5.4038340e+06  -3.7794681e-02
   5.4380150e+05   5.4038340e+06  -1.1868085e-01
   5.4343760e+05   5.4038350e+06   1.0264362e-01
   5.4355510e+05   5.4038350e+06   1.7179056e-01
   5.4364240e+05   5.4038350e+06   1.6308511e-02
   5.4377700e+05   5.4038350e+06  -9.9022606e-02
   5.4383940e+05   5.4038350e+06  -2.1707580e-01
   5.4386100e+05   5.4038350e+06  -3.0505319e-02
   5.4389040e+05   5.4038350e+06  -1.8005319e-01
   5.4358410e+05   5.4038360e+06   2.4211436e-02
   5.4362860e+05   5.4038360e+06   1.9244149e-02
   5.4382960e+05   5.4038360e+06  -1.8810745e-01
   5.4385260e+05   5.4038360e+06  -1.2237872e-01
   5.4345460e+05   5.4038370e+06  -2.4785904e-02
   5.4349840e+05   5.4038370e+06   6.1042021e-02
   5.4351680e+05   5.4038370e+06   5.1550000e-02
   5.4353750e+05   5.4038370e+06   1.8008644e-01
   5.4364670e+05   5.4038370e+06  -3.3567952e-02
   5.4368120e+05   5.4038370e+06   5.1671809e-02
   5.4370240e+05   5.4038370e+06   1.0715426e-02
   5.4374510e+05   5.4038370e+06   6.3962367e-02
   5.4376030e+05   5.4038370e+06  -1.5558910e-02
   5.4382230e+05   5.4038370e+06  -1.3518351e-02
   5.4338280e+05   5.4038380e+06   4.1797872e-02
   5.4339460e+05   5.4038380e+06  -9.3732447e-02
   5.4342500e+05   5.4038380e+06  -5.1476064e-02
   5.4346480e+05   5.4038380e+06   6.7310638e-02
   5.4356140e+05   5.4038380e+06   3.3698936e-02
   5.4358530e+05   5.4038380e+06   1.0146543e-01
   5.4360490e+05   5.4038380e+06  -8.9440957e-02
   5.4361630e+05   5.4038380e+06   1.7055984e-01
   5.4365920e+05   5.4038380e+06  -5.3847872e-02
   5.4373000e+05   5.4038380e+06   1.0452128e-02
   5.4380950e+05   5.4038380e+06  -1.1741755e-01
   5.4341080e+05   5.4038390e+06  -4.5701596e-02
   5.4350240e+05   5.4038390e+06   5.4388830e-02
   5.4352480e+05   5.4038390e+06   1.8309681e-01
   5.4359710e+05   5.4038390e+06   5.2792420e-02
   5.4377740e+05   5.4038390e+06  -4.1362500e-02
   5.4380180e+05   5.4038390e+06  -7.7014096e-02
   5.4386130e+05   5.4038390e+06  -2.0100266e-02
   5.4387580e+05   5.4038390e+06  -8.5615426e-02
   5.4357130e+05   5.4038400e+06   5.7533245e-02
   5.4362820e+05   5.4038400e+06   1.9726064e-02
   5.4376540e+05   5.4038400e+06   3.3678191e-02
   5.4378930e+05   5.4038400e+06  -2.6768617e-03
   5.4383970e+05   5.4038400e+06  -1.3150266e-01
   5.4389030e+05   5.4038400e+06  -1.8710106e-01
   5.4342240e+05   5.4038410e+06  -5.2446809e-04
   5.4347680e+05   5.4038410e+06   3.9077660e-02
   5.4364220e+05   5.4038410e+06   9.4215426e-03
   5.4369290e+05   5.4038410e+06  -4.6682314e-02
   5.4343710e+05   5.4038420e+06  -2.5166995e-01
   5.4346320e+05   5.4038420e+06  -1.8072766e-01
   5.4355470e+05   5.4038420e+06   3.7692819e-02
   5.4358360e+05   5.4038420e+06   1.5856489e-01
   5.4361630e+05   5.4038420e+06   1.2102154e-01
   5.4364680e+05   5.4038420e+06   8.6276596e-03
   5.4370160e+05   5.4038420e+06  -1.0501170e-01
   5.4374580e+05   5.4038420e+06   7.0923936e-02
   5.4376060e+05   5.4038420e+06  -2.6858511e-02
   5.4382260e+05   5.4038420e+06  -8.3012766e-02
   5.4385290e+05   5.4038420e+06  -5.1738298e-02
   5.4348790e+05   5.4038430e+06   7.5231649e-02
   5.4365930e+05   5.4038430e+06   1.4492380e-01
   5.4368060e+05   5.4038430e+06   1.6571809e-03
   5.4373090e+05   5.4038430e+06  -2.5151197e-02
   5.4377770e+05   5.4038430e+06  -7.3890293e-02
   5.4383030e+05   5.4038430e+06  -6.3908511e-02
   5.4386160e+05   5.4038430e+06   2.6616489e-02
   5.4339430e+05   5.4038440e+06  -9.1510638e-03
   5.4345380e+05   5.4038440e+06  -3.8176596e-02
   5.4349840e+05   5.4038440e+06   1.3966596e-01
   5.4353750e+05   5.4038440e+06   1.6390957e-01
   5.4380210e+05   5.4038440e+06  -8.6346543e-02
   5.4381010e+05   5.4038440e+06  -1.0220133e-01
   5.4384000e+05   5.4038440e+06  -1.2539894e-01
   5.4342460e+05   5.4038450e+06   1.0044947e-01
   5.4351680e+05   5.4038450e+06   3.1500532e-01
   5.4356100e+05   5.4038450e+06   1.4497340e-01
   5.4359730e+05   5.4038450e+06   1.2837699e-01
   5.4360530e+05   5.4038450e+06   1.3065226e-01
   5.4387610e+05   5.4038450e+06  -1.1734508e-01
   5.4389020e+05   5.4038450e+06  -6.1369681e-02
   5.4341010e+05   5.4038460e+06  -9.4332447e-02
   5.4346500e+05   5.4038460e+06  -1.1170213e-02
   5.4357090e+05   5.4038460e+06  -2.6275532e-02
   5.4358550e+05   5.4038460e+06   1.6502926e-01
   5.4362780e+05   5.4038460e+06   5.2944681e-02
   5.4376090e+05   5.4038460e+06  -3.4908511e-02
   5.4376610e+05   5.4038460e+06   5.6855319e-02
   5.4338210e+05   5.4038470e+06  -7.4438165e-02
   5.4350240e+05   5.4038470e+06   1.0174787e-01
   5.4352440e+05   5.4038470e+06   1.1037181e-01
   5.4361620e+05   5.4038470e+06   1.3047713e-01
   5.4364190e+05   5.4038470e+06   6.5567154e-02
   5.4364680e+05   5.4038470e+06   3.5941489e-02
   5.4365930e+05   5.4038470e+06   1.6216263e-01
   5.4369190e+05   5.4038470e+06   6.7866090e-02
   5.4373160e+05   5.4038470e+06   9.0971809e-02
   5.4374630e+05   5.4038470e+06   7.9585106e-03
   5.4378990e+05   5.4038470e+06  -2.4483777e-02
   5.4382290e+05   5.4038470e+06  -1.1088298e-02
   5.4386180e+05   5.4038470e+06  -6.2550266e-02
   5.4347710e+05   5.4038480e+06  -1.5290691e-02
   5.4355430e+05   5.4038480e+06   7.3856383e-02
   5.4358310e+05   5.4038480e+06   1.5727952e-01
   5.4370080e+05   5.4038480e+06   5.8598936e-02
   5.4377830e+05   5.4038480e+06   9.5017287e-02
   5.4380240e+05   5.4038480e+06   3.4488298e-02
   5.4385330e+05   5.4038480e+06  -2.9036702e-02
   5.4343660e+05   5.4038490e+06  -4.1723404e-03
   5.4346240e+05   5.4038490e+06   2.0889787e-01
   5.4367990e+05   5.4038490e+06   8.3281516e-02
   5.4384040e+05   5.4038490e+06  -2.3160106e-02
   5.4342200e+05   5.4038500e+06  -5.6117021e-02
   5.4381080e+05   5.4038500e+06  -3.7797872e-02
   5.4383080e+05   5.4038500e+06  -5.5537234e-02
   5.4387610e+05   5.4038500e+06  -4.4662234e-02
   5.4339380e+05   5.4038510e+06  -1.2173484e-01
   5.4342390e+05   5.4038510e+06   1.0420186e-01
   5.4348780e+05   5.4038510e+06   6.1426862e-02
   5.4356060e+05   5.4038510e+06   1.5684176e-01
   5.4359740e+05   5.4038510e+06   9.4199468e-03
   5.4362740e+05   5.4038510e+06   2.0303989e-02
   5.4376110e+05   5.4038510e+06   9.7804521e-03
   5.4382330e+05   5.4038510e+06   4.5789229e-02
   5.4386230e+05   5.4038510e+06  -1.8618790e-01
   5.4389010e+05   5.4038510e+06  -9.1183511e-02
   5.4349860e+05   5.4038520e+06   6.5839362e-02
   5.4351690e+05   5.4038520e+06   1.1736011e-01
   5.4353760e+05   5.4038520e+06   1.8715851e-01
   5.4357030e+05   5.4038520e+06   1.5676410e-01
   5.4361620e+05   5.4038520e+06   1.5921862e-01
   5.4364180e+05   5.4038520e+06   5.8590426e-02
   5.4364690e+05   5.4038520e+06   1.3501330e-01
   5.4365930e+05   5.4038520e+06   4.6371277e-02
   5.4373230e+05   5.4038520e+06  -1.1579521e-02
   5.4374680e+05   5.4038520e+06   1.3856170e-01
   5.4376660e+05   5.4038520e+06   4.1014362e-02
   5.4377870e+05   5.4038520e+06   9.6253457e-02
   5.4340940e+05   5.4038530e+06  -9.2969947e-02
   5.4345310e+05   5.4038530e+06  -3.7228059e-02
   5.4358570e+05   5.4038530e+06   9.3682580e-02
   5.4360550e+05   5.4038530e+06   7.0724734e-02
   5.4369110e+05   5.4038530e+06   2.1142420e-02
   5.4380270e+05   5.4038530e+06   4.4111569e-02
   5.4384060e+05   5.4038530e+06  -5.5346277e-02
   5.4346520e+05   5.4038540e+06  -2.9544681e-02
   5.4347720e+05   5.4038540e+06   1.0831915e-02
   5.4358270e+05   5.4038540e+06  -2.9734043e-04
   5.4369990e+05   5.4038540e+06  -5.4205851e-02
   5.4386250e+05   5.4038540e+06  -8.8510638e-02
   5.4338160e+05   5.4038550e+06   2.7534574e-02
   5.4343590e+05   5.4038550e+06  -8.3122340e-02
   5.4350230e+05   5.4038550e+06   9.8018617e-02
   5.4352390e+05   5.4038550e+06   5.7864362e-02
   5.4355400e+05   5.4038550e+06   8.5545213e-02
   5.4379060e+05   5.4038550e+06   4.9960106e-02
   5.4385380e+05   5.4038550e+06  -4.7897606e-02
   5.4346160e+05   5.4038560e+06   1.0979894e-01
   5.4362700e+05   5.4038560e+06   1.0465160e-01
   5.4365940e+05   5.4038560e+06   5.4820213e-02
   5.4367910e+05   5.4038560e+06   5.5987234e-02
   5.4374740e+05   5.4038560e+06   4.3092553e-02
   5.4376140e+05   5.4038560e+06   2.6563298e-02
   5.4381140e+05   5.4038560e+06   9.9544681e-02
   5.4382360e+05   5.4038560e+06   3.2755319e-02
   5.4387630e+05   5.4038560e+06  -2.2960638e-02
   5.4342340e+05   5.4038570e+06  -2.2138830e-02
   5.4356010e+05   5.4038570e+06   5.9488697e-02
   5.4359740e+05   5.4038570e+06   7.5067287e-02
   5.4361610e+05   5.4038570e+06   1.9490718e-01
   5.4373320e+05   5.4038570e+06   1.4504894e-01
   5.4377920e+05   5.4038570e+06   1.3209521e-01
   5.4380300e+05   5.4038570e+06  -2.4215426e-03
   5.4388990e+05   5.4038570e+06  -2.0379521e-02
   5.4339330e+05   5.4038580e+06   9.8436436e-02
   5.4342170e+05   5.4038580e+06   8.1436436e-02
   5.4348770e+05   5.4038580e+06   1.9916223e-02
   5.4364160e+05   5.4038580e+06   1.0798936e-01
   5.4364710e+05   5.4038580e+06   8.0515957e-02
   5.4376720e+05   5.4038580e+06   1.6592340e-01
   5.4384110e+05   5.4038580e+06  -4.5214628e-02
   5.4386280e+05   5.4038580e+06  -3.4872340e-03
   5.4340890e+05   5.4038590e+06   3.1247739e-02
   5.4349860e+05   5.4038590e+06  -4.8332447e-03
   5.4356980e+05   5.4038590e+06  -1.0025665e-01
   5.4369010e+05   5.4038590e+06   4.9183910e-02
   5.4383140e+05   5.4038590e+06   1.1720106e-01
   5.4351690e+05   5.4038600e+06   3.2367021e-03
   5.4353750e+05   5.4038600e+06  -1.1476064e-01
   5.4358210e+05   5.4038600e+06   1.8654654e-01
   5.4358590e+05   5.4038600e+06   4.1981383e-03
   5.4360590e+05   5.4038600e+06   9.4551862e-02
   5.4362650e+05   5.4038600e+06   2.7604388e-01
   5.4374780e+05   5.4038600e+06   4.1117021e-02
   5.4343550e+05   5.4038610e+06   1.3215891e-01
   5.4345250e+05   5.4038610e+06   1.9823803e-02
   5.4346540e+05   5.4038610e+06   4.6023138e-02
   5.4347740e+05   5.4038610e+06   1.6717819e-02
   5.4355370e+05   5.4038610e+06   1.2182513e-01
   5.4361600e+05   5.4038610e+06   2.0216755e-01
   5.4369910e+05   5.4038610e+06   1.5062633e-01
   5.4379120e+05   5.4038610e+06   1.7004787e-02
   5.4385410e+05   5.4038610e+06   1.1112141e-01
   5.4386300e+05   5.4038610e+06   1.7897606e-02
   5.4387660e+05   5.4038610e+06   1.8376330e-02
   5.4365940e+05   5.4038620e+06   4.6831915e-02
   5.4373400e+05   5.4038620e+06   1.5331915e-01
   5.4376180e+05   5.4038620e+06   8.1250000e-02
   5.4377960e+05   5.4038620e+06   7.7638298e-02
   5.4380330e+05   5.4038620e+06   4.7694149e-02
   5.4381210e+05   5.4038620e+06   2.4374202e-02
   5.4382390e+05   5.4038620e+06   6.4348404e-02
   5.4338100e+05   5.4038630e+06  -3.8724734e-02
   5.4346090e+05   5.4038630e+06   1.1460864e-01
   5.4350220e+05   5.4038630e+06   1.2231383e-02
   5.4352350e+05   5.4038630e+06   7.2776596e-02
   5.4355980e+05   5.4038630e+06  -5.1753989e-02
   5.4359750e+05   5.4038630e+06   3.7137633e-02
   5.4364140e+05   5.4038630e+06   1.3139601e-01
   5.4367850e+05   5.4038630e+06   1.0416888e-01
   5.4384140e+05   5.4038630e+06  -4.4447074e-02
   5.4342290e+05   5.4038640e+06   1.3706144e-01
   5.4374830e+05   5.4038640e+06   1.3607819e-01
   5.4376780e+05   5.4038640e+06   1.4275266e-01
   5.4388980e+05   5.4038640e+06   1.0860957e-01
   5.4339280e+05   5.4038650e+06   1.2358511e-01
   5.4340830e+05   5.4038650e+06  -1.0347207e-01
   5.4342130e+05   5.4038650e+06   9.2169548e-02
   5.4356900e+05   5.4038650e+06  -5.0285904e-02
   5.4364720e+05   5.4038650e+06   1.6824734e-01
   5.4386330e+05   5.4038650e+06  -9.5312500e-03
   5.4387660e+05   5.4038650e+06   4.0626330e-02
   5.4343490e+05   5.4038660e+06   9.1047872e-03
   5.4348770e+05   5.4038660e+06  -4.7247074e-02
   5.4358610e+05   5.4038660e+06  -3.2725532e-02
   5.4361590e+05   5.4038660e+06   6.3743351e-02
   5.4362620e+05   5.4038660e+06   1.9850904e-01
   5.4365940e+05   5.4038660e+06   2.8640000e-01
   5.4368920e+05   5.4038660e+06   7.5885106e-02
   5.4373480e+05   5.4038660e+06   1.4508723e-01
   5.4347740e+05   5.4038670e+06   1.0516303e-01
   5.4355340e+05   5.4038670e+06   6.4878989e-02
   5.4358170e+05   5.4038670e+06   1.5541902e-01
   5.4360610e+05   5.4038670e+06   8.9122739e-02
   5.4369830e+05   5.4038670e+06   1.1399335e-01
   5.4376210e+05   5.4038670e+06  -9.5711436e-03
   5.4378010e+05   5.4038670e+06   1.7790971e-01
   5.4379180e+05   5.4038670e+06   9.5747074e-02
   5.4380380e+05   5.4038670e+06   6.0918883e-02
   5.4382440e+05   5.4038670e+06   1.2643617e-01
   5.4383210e+05   5.4038670e+06   8.6263032e-02
   5.4384180e+05   5.4038670e+06  -1.0405053e-02
   5.4346560e+05   5.4038680e+06  -1.1094681e-02
   5.4349880e+05   5.4038680e+06  -1.1165957e-01
   5.4351690e+05   5.4038680e+06  -1.6876223e-01
   5.4353760e+05   5.4038680e+06  -2.9493936e-01
   5.4359760e+05   5.4038680e+06   6.1919149e-02
   5.4367780e+05   5.4038680e+06   1.5268617e-01
   5.4374870e+05   5.4038680e+06   8.7582979e-02
   5.4381270e+05   5.4038680e+06   1.0682872e-01
   5.4385460e+05   5.4038680e+06   1.3160106e-02
   5.4338060e+05   5.4038690e+06  -1.8347048e-01
   5.4342240e+05   5.4038690e+06  -5.9501064e-02
   5.4345180e+05   5.4038690e+06  -4.6026862e-02
   5.4364130e+05   5.4038690e+06   1.5900040e-01
   5.4376840e+05   5.4038690e+06  -3.1117021e-03
   5.4386370e+05   5.4038690e+06   7.8679388e-02
   5.4387680e+05   5.4038690e+06   8.3563830e-03
   5.4340780e+05   5.4038700e+06  -1.1719947e-01
   5.4346010e+05   5.4038700e+06   4.7824468e-02
   5.4350210e+05   5.4038700e+06  -1.2062500e-02
   5.4355930e+05   5.4038700e+06   7.3898936e-02
   5.4362580e+05   5.4038700e+06   1.5342287e-01
   5.4365950e+05   5.4038700e+06   4.8590426e-02
   5.4352310e+05   5.4038710e+06  -7.6084043e-02
   5.4356840e+05   5.4038710e+06  -6.9350532e-02
   5.4361580e+05   5.4038710e+06   1.7467287e-02
   5.4373560e+05   5.4038710e+06   9.0545213e-02
   5.4374910e+05   5.4038710e+06   3.9467952e-02
   5.4376230e+05   5.4038710e+06   8.3231250e-02
   5.4388970e+05   5.4038710e+06   7.6471410e-02
   5.4339230e+05   5.4038720e+06  -1.4351941e-01
   5.4342100e+05   5.4038720e+06  -1.6150266e-01
   5.4343460e+05   5.4038720e+06  -5.8922872e-02
   5.4348750e+05   5.4038720e+06  -1.1998670e-01
   5.4355310e+05   5.4038720e+06   2.3088830e-02
   5.4358630e+05   5.4038720e+06   2.7742021e-03
   5.4364730e+05   5.4038720e+06   6.4017287e-02
   5.4368820e+05   5.4038720e+06   1.6146117e-01
   5.4378080e+05   5.4038720e+06   1.1091383e-01
   5.4380410e+05   5.4038720e+06   7.0993617e-02
   5.4382460e+05   5.4038720e+06   8.7575000e-02
   5.4384230e+05   5.4038720e+06   7.2927394e-02
   5.4387690e+05   5.4038720e+06   4.9226064e-03
   5.4342210e+05   5.4038730e+06  -2.0501995e-02
   5.4358110e+05   5.4038730e+06   7.2913697e-02
   5.4367730e+05   5.4038730e+06   1.0542101e-01
   5.4369760e+05   5.4038730e+06   1.4819840e-01
   5.4379240e+05   5.4038730e+06   1.7646117e-01
   5.4385480e+05   5.4038730e+06   9.0979255e-02
   5.4386400e+05   5.4038730e+06   4.1691489e-02
   5.4338020e+05   5.4038740e+06  -9.7204787e-02
   5.4346580e+05   5.4038740e+06  -8.0992553e-02
   5.4347760e+05   5.4038740e+06  -1.5570745e-01
   5.4360640e+05   5.4038740e+06   1.2661702e-02
   5.4362540e+05   5.4038740e+06   4.8418617e-02
   5.4381330e+05   5.4038740e+06   1.3418484e-01
   5.4340740e+05   5.4038750e+06  -1.6111303e-01
   5.4345120e+05   5.4038750e+06  -1.7339096e-01
   5.4349880e+05   5.4038750e+06  -2.6634309e-01
   5.4359780e+05   5.4038750e+06   3.8723404e-02
   5.4364100e+05   5.4038750e+06   5.4361702e-02
   5.4365960e+05   5.4038750e+06   4.2316489e-02
   5.4376260e+05   5.4038750e+06   7.7152926e-02
   5.4376900e+05   5.4038750e+06   2.2504654e-01
   5.4383280e+05   5.4038750e+06   9.4260638e-02
   5.4342190e+05   5.4038760e+06  -1.0190293e-01
   5.4343410e+05   5.4038760e+06  -7.4222074e-02
   5.4345930e+05   5.4038760e+06  -1.3966516e-01
   5.4351700e+05   5.4038760e+06   2.0922872e-01
   5.4361580e+05   5.4038760e+06   7.9258511e-02
   5.4374960e+05   5.4038760e+06   1.6226915e-01
   5.4378110e+05   5.4038760e+06   1.7398165e-01
   5.4385510e+05   5.4038760e+06   1.0459388e-01
   5.4387700e+05   5.4038760e+06   7.3327128e-02
   5.4348760e+05   5.4038770e+06  -8.2705851e-02
   5.4358640e+05   5.4038770e+06  -3.9737234e-02
   5.4373670e+05   5.4038770e+06   8.2172207e-02
   5.4382500e+05   5.4038770e+06   4.5711436e-02
   5.4384260e+05   5.4038770e+06   9.2438564e-02
   5.4386430e+05   5.4038770e+06   3.2175532e-03
   5.4339190e+05   5.4038780e+06  -1.3111995e-01
   5.4342070e+05   5.4038780e+06  -1.6981383e-02
   5.4350200e+05   5.4038780e+06   3.1026596e-02
   5.4352270e+05   5.4038780e+06  -1.2607340e-01
   5.4353760e+05   5.4038780e+06  -1.5141489e-01
   5.4355280e+05   5.4038780e+06   1.2006596e-01
   5.4356790e+05   5.4038780e+06  -5.4926596e-02
   5.4362510e+05   5.4038780e+06  -1.6891755e-02
   5.4367660e+05   5.4038780e+06   1.5526489e-01
   5.4368720e+05   5.4038780e+06   2.0534468e-01
   5.4369680e+05   5.4038780e+06   8.4507447e-02
   5.4380450e+05   5.4038780e+06   2.1171011e-01
   5.4388960e+05   5.4038780e+06  -5.7728723e-02
   5.4337990e+05   5.4038790e+06  -1.4760638e-03
   5.4340710e+05   5.4038790e+06  -1.8874003e-01
   5.4342160e+05   5.4038790e+06  -4.8510638e-03
   5.4346580e+05   5.4038790e+06  -2.6553112e-01
   5.4347780e+05   5.4038790e+06  -8.0367021e-02
   5.4355860e+05   5.4038790e+06  -7.0636170e-02
   5.4364750e+05   5.4038790e+06  -4.2613032e-02
   5.4376280e+05   5.4038790e+06  -1.3939362e-02
   5.4379290e+05   5.4038790e+06   1.2877646e-01
   5.4343380e+05   5.4038800e+06   1.2353723e-02
   5.4345080e+05   5.4038800e+06  -1.4182979e-01
   5.4358060e+05   5.4038800e+06   1.1985904e-01
   5.4360660e+05   5.4038800e+06  -5.4159574e-02
   5.4365970e+05   5.4038800e+06   9.5936170e-02
   5.4378160e+05   5.4038800e+06   1.8233511e-01
   5.4381390e+05   5.4038800e+06   7.7708777e-02
   5.4385520e+05   5.4038800e+06   1.1329787e-01
   5.4387710e+05   5.4038800e+06   8.9823138e-02
   5.4345880e+05   5.4038810e+06  -6.5753723e-02
   5.4361570e+05   5.4038810e+06   1.0093883e-02
   5.4364090e+05   5.4038810e+06  -8.8469548e-02
   5.4375020e+05   5.4038810e+06   1.9542261e-01
   5.4376960e+05   5.4038810e+06   2.7612979e-01
   5.4386460e+05   5.4038810e+06   1.6456622e-01
   5.4342050e+05   5.4038820e+06   4.6892287e-02
   5.4342140e+05   5.4038820e+06   5.2798404e-02
   5.4348740e+05   5.4038820e+06  -1.3341489e-01
   5.4355260e+05   5.4038820e+06  -2.0090426e-03
   5.4383330e+05   5.4038820e+06   5.2424468e-02
   5.4337960e+05   5.4038830e+06   2.4299202e-01
   5.4339160e+05   5.4038830e+06   3.4511862e-01
   5.4342130e+05   5.4038830e+06   1.4988298e-02
   5.4343340e+05   5.4038830e+06  -1.0403697e-01
   5.4346590e+05   5.4038830e+06  -1.4854348e-01
   5.4349890e+05   5.4038830e+06  -1.3213138e-01
   5.4350190e+05   5.4038830e+06  -1.0577832e-01
   5.4356730e+05   5.4038830e+06   1.0132739e-01
   5.4358650e+05   5.4038830e+06   9.6410239e-02
   5.4362480e+05   5.4038830e+06   7.6455851e-02
   5.4367630e+05   5.4038830e+06   5.5438165e-02
   5.4373760e+05   5.4038830e+06   1.0718085e-01
   5.4376300e+05   5.4038830e+06   2.6155585e-02
   5.4382540e+05   5.4038830e+06   6.4193085e-02
   5.4384300e+05   5.4038830e+06   1.0808511e-01
   5.4385540e+05   5.4038830e+06   6.7157713e-02
   5.4345040e+05   5.4038840e+06  -9.6879787e-02
   5.4347780e+05   5.4038840e+06  -1.3572926e-01
   5.4352230e+05   5.4038840e+06   4.1182979e-02
   5.4359790e+05   5.4038840e+06   3.5626064e-02
   5.4369610e+05   5.4038840e+06   3.8381915e-02
   5.4378190e+05   5.4038840e+06   1.8653112e-01
   5.4380480e+05   5.4038840e+06   1.9382447e-01
   5.4340640e+05   5.4038850e+06   1.6871011e-01
   5.4342040e+05   5.4038850e+06   2.0340691e-01
   5.4364750e+05   5.4038850e+06   3.1632314e-02
   5.4365970e+05   5.4038850e+06   8.6936170e-02
   5.4368620e+05   5.4038850e+06  -6.2539894e-02
   5.4375070e+05   5.4038850e+06   1.8987301e-01
   5.4379350e+05   5.4038850e+06   7.0748005e-02
   5.4387730e+05   5.4038850e+06   3.9741356e-02
   5.4388940e+05   5.4038850e+06  -1.6722074e-02
   5.4337940e+05   5.4038860e+06  -4.8191489e-02
   5.4346600e+05   5.4038860e+06  -1.9462766e-02
   5.4351690e+05   5.4038860e+06  -1.8337766e-01
   5.4353760e+05   5.4038860e+06   5.9904255e-02
   5.4355240e+05   5.4038860e+06   3.4359574e-02
   5.4358000e+05   5.4038860e+06   4.7021277e-02
   5.4360680e+05   5.4038860e+06   7.6112766e-02
   5.4361570e+05   5.4038860e+06   1.1805000e-01
   5.4381450e+05   5.4038860e+06   1.0494016e-01
   5.4386490e+05   5.4038860e+06   1.7330878e-01
   5.4342030e+05   5.4038870e+06   1.7090532e-01
   5.4345810e+05   5.4038870e+06  -6.9250931e-02
   5.4347790e+05   5.4038870e+06  -2.5762101e-02
   5.4348740e+05   5.4038870e+06  -4.3617021e-04
   5.4367580e+05   5.4038870e+06   1.5911303e-01
   5.4377030e+05   5.4038870e+06   2.6882620e-01
   5.4350190e+05   5.4038880e+06   5.7432447e-02
   5.4358670e+05   5.4038880e+06   7.3156117e-02
   5.4362440e+05   5.4038880e+06   9.0875532e-02
   5.4364060e+05   5.4038880e+06   1.2731223e-01
   5.4373850e+05   5.4038880e+06   5.9281915e-02
   5.4376340e+05   5.4038880e+06   1.8336862e-01
   5.4382580e+05   5.4038880e+06   8.5399468e-02
   5.4385580e+05   5.4038880e+06   1.6316117e-01
   5.4339110e+05   5.4038890e+06   9.7338564e-02
   5.4346610e+05   5.4038890e+06  -1.1386689e-01
   5.4355790e+05   5.4038890e+06   3.3525266e-03
   5.4356680e+05   5.4038890e+06   4.1704255e-02
   5.4369540e+05   5.4038890e+06   5.0852128e-02
   5.4378240e+05   5.4038890e+06   2.1359574e-02
   5.4383390e+05   5.4038890e+06   2.1709707e-02
   5.4384340e+05   5.4038890e+06   1.7304787e-01
   5.4387740e+05   5.4038890e+06  -1.9010904e-02
   5.4347800e+05   5.4038900e+06   2.3005319e-02
   5.4348740e+05   5.4038900e+06   2.6445745e-01
   5.4352190e+05   5.4038900e+06   6.9726064e-02
   5.4375120e+05   5.4038900e+06   1.6010106e-01
   5.4380530e+05   5.4038900e+06   1.5306516e-01
   5.4386530e+05   5.4038900e+06   1.1475931e-01
   5.4349900e+05   5.4038910e+06   2.3027793e-01
   5.4350180e+05   5.4038910e+06   2.3982580e-01
   5.4355210e+05   5.4038910e+06  -1.1141090e-01
   5.4360700e+05   5.4038910e+06   6.5492021e-02
   5.4361560e+05   5.4038910e+06   3.9023936e-02
   5.4364770e+05   5.4038910e+06   1.0313404e-01
   5.4365970e+05   5.4038910e+06   4.5261968e-03
   5.4367530e+05   5.4038910e+06   3.4124202e-02
   5.4379410e+05   5.4038910e+06   1.3076476e-01
   5.4388930e+05   5.4038910e+06   2.6063830e-03
   5.4359800e+05   5.4038920e+06   2.5978723e-02
   5.4362400e+05   5.4038920e+06   6.1250000e-02
   5.4368520e+05   5.4038920e+06   1.5638298e-03
   5.4381520e+05   5.4038920e+06   4.6457447e-02
   5.4385600e+05   5.4038920e+06   2.8804255e-01
   5.4387760e+05   5.4038920e+06   2.3316064e-01
   5.4337880e+05   5.4038930e+06   1.7760638e-01
   5.4357960e+05   5.4038930e+06  -7.1776596e-03
   5.4358690e+05   5.4038930e+06   4.2273005e-02
   5.4364040e+05   5.4038930e+06   8.2538298e-02
   5.4369480e+05   5.4038930e+06   2.3596330e-01
   5.4377080e+05   5.4038930e+06   1.1640532e-01
   5.4351690e+05   5.4038940e+06   3.8524574e-01
   5.4353770e+05   5.4038940e+06  -4.3512846e-01
   5.4356640e+05   5.4038940e+06  -1.5278617e-01
   5.4376380e+05   5.4038940e+06   1.7311277e-01
   5.4378290e+05   5.4038940e+06   1.5309787e-01
   5.4382620e+05   5.4038940e+06   9.5193085e-02
   5.4384380e+05   5.4038940e+06   1.7879628e-01
   5.4345730e+05   5.4038950e+06   3.7513032e-01
   5.4360720e+05   5.4038950e+06  -4.2465426e-02
   5.4361560e+05   5.4038950e+06  -2.0890957e-02
   5.4367480e+05   5.4038950e+06   5.1013298e-02
   5.4373950e+05   5.4038950e+06   3.0877660e-02
   5.4375180e+05   5.4038950e+06   1.6621809e-01
   5.4380560e+05   5.4038950e+06   2.5147872e-01
   5.4339060e+05   5.4038960e+06   1.3006489e-01
   5.4350180e+05   5.4038960e+06   7.8409574e-02
   5.4352180e+05   5.4038960e+06  -1.1730319e-01
   5.4355190e+05   5.4038960e+06  -1.4957314e-01
   5.4364770e+05   5.4038960e+06   1.5172979e-01
   5.4383440e+05   5.4038960e+06   9.1755319e-03
   5.4386560e+05   5.4038960e+06   1.3881489e-01
   5.4387760e+05   5.4038960e+06  -1.7060638e-02
   5.4349910e+05   5.4038970e+06   1.3836529e-01
   5.4358690e+05   5.4038970e+06   8.2268218e-02
   5.4362360e+05   5.4038970e+06   1.0100266e-01
   5.4365980e+05   5.4038970e+06   1.5474548e-01
   5.4369410e+05   5.4038970e+06   2.1997633e-01
   5.4381570e+05   5.4038970e+06   1.6996476e-01
   5.4385630e+05   5.4038970e+06  -1.0938830e-03
   5.4388920e+05   5.4038970e+06   1.7816489e-02
   5.4341960e+05   5.4038980e+06   8.2680851e-02
   5.4341990e+05   5.4038980e+06   8.3063830e-02
   5.4344930e+05   5.4038980e+06   1.3420106e-01
   5.4346620e+05   5.4038980e+06   1.8618830e-01
   5.4355740e+05   5.4038980e+06  -2.2318351e-01
   5.4356580e+05   5.4038980e+06  -1.4447979e-01
   5.4359810e+05   5.4038980e+06   2.0130027e-01
   5.4361540e+05   5.4038980e+06  -4.7563830e-02
   5.4368410e+05   5.4038980e+06   1.9207846e-01
   5.4377140e+05   5.4038980e+06   1.3574255e-01
   5.4379480e+05   5.4038980e+06   6.3088298e-02
   5.4340520e+05   5.4038990e+06   3.4140426e-02
   5.4343210e+05   5.4038990e+06   5.2213564e-02
   5.4360740e+05   5.4038990e+06  -3.3252660e-02
   5.4367440e+05   5.4038990e+06   9.1854787e-02
   5.4382660e+05   5.4038990e+06   5.1556649e-02
   5.4357910e+05   5.4039000e+06  -1.3393085e-01
   5.4364020e+05   5.4039000e+06   1.4007447e-01
   5.4375240e+05   5.4039000e+06   2.0540426e-01
   5.4376410e+05   5.4039000e+06   5.4186170e-02
   5.4378350e+05   5.4039000e+06   1.0244016e-01
   5.4384420e+05   5.4039000e+06   2.6602394e-01
   5.4387780e+05   5.4039000e+06  -2.0595745e-02
   5.4351690e+05   5.4039010e+06  -3.6234920e-01
   5.4352150e+05   5.4039010e+06  -4.1365359e-01
   5.4353780e+05   5.4039010e+06  -2.1122739e-01
   5.4355170e+05   5.4039010e+06  -2.9258098e-01
   5.4358700e+05   5.4039010e+06  -8.6134309e-02
   5.4364790e+05   5.4039010e+06   6.4688830e-02
   5.4380600e+05   5.4039010e+06   1.7632979e-01
   5.4386600e+05   5.4039010e+06  -1.4077128e-02
   5.4348730e+05   5.4039020e+06   6.0546809e-02
   5.4350180e+05   5.4039020e+06  -2.8631489e-01
   5.4362330e+05   5.4039020e+06  -5.9284840e-02
   5.4367410e+05   5.4039020e+06   8.6230053e-02
   5.4369360e+05   5.4039020e+06   9.6919149e-02
   5.4374070e+05   5.4039020e+06   3.1144468e-01
   5.4356550e+05   5.4039030e+06  -2.4210372e-01
   5.4359810e+05   5.4039030e+06   5.9888431e-02
   5.4360750e+05   5.4039030e+06  -5.6552527e-02
   5.4361540e+05   5.4039030e+06  -1.0173590e-01
   5.4365990e+05   5.4039030e+06   1.4723564e-01
   5.4381630e+05   5.4039030e+06   2.0807394e-01
   5.4383500e+05   5.4039030e+06   1.1178856e-01
   5.4385670e+05   5.4039030e+06   4.2569415e-02
   5.4388910e+05   5.4039030e+06   2.3231529e-01
   5.4347830e+05   5.4039040e+06   6.0864096e-02
   5.4349910e+05   5.4039040e+06  -4.3631383e-02
   5.4355140e+05   5.4039040e+06  -9.4107979e-02
   5.4355700e+05   5.4039040e+06  -3.9176330e-01
   5.4367380e+05   5.4039040e+06  -8.5292553e-03
   5.4377190e+05   5.4039040e+06   6.4720213e-02
   5.4379530e+05   5.4039040e+06   2.2936144e-01
   5.4382690e+05   5.4039040e+06   1.6006436e-01
   5.4387800e+05   5.4039040e+06   6.4558511e-02
   5.4357850e+05   5.4039050e+06  -1.9694481e-01
   5.4358710e+05   5.4039050e+06   1.8068484e-02
   5.4362290e+05   5.4039050e+06  -4.9896277e-02
   5.4368320e+05   5.4039050e+06   3.1965426e-02
   5.4375300e+05   5.4039050e+06   1.2553191e-01
   5.4376430e+05   5.4039050e+06   1.3570479e-01
   5.4352120e+05   5.4039060e+06  -1.5734574e-01
   5.4364790e+05   5.4039060e+06  -2.7239362e-02
   5.4369310e+05   5.4039060e+06   1.5856197e-01
   5.4384480e+05   5.4039060e+06   1.6320638e-01
   5.4386640e+05   5.4039060e+06  -8.4712766e-03
   5.4353770e+05   5.4039070e+06  -1.7539694e-01
   5.4356500e+05   5.4039070e+06  -8.1050532e-02
   5.4360770e+05   5.4039070e+06  -1.5128949e-01
   5.4361540e+05   5.4039070e+06  -3.5339441e-01
   5.4363990e+05   5.4039070e+06   2.2898816e-01
   5.4378410e+05   5.4039070e+06   1.9525532e-01
   5.4387810e+05   5.4039070e+06  -1.7310771e-02
   5.4355120e+05   5.4039080e+06  -1.6744043e-01
   5.4358730e+05   5.4039080e+06  -1.0351676e-01
   5.4367350e+05   5.4039080e+06  -2.8158245e-02
   5.4374180e+05   5.4039080e+06   1.2968670e-01
   5.4380650e+05   5.4039080e+06   1.5737367e-01
   5.4381690e+05   5.4039080e+06   1.3076968e-01
   5.4385710e+05   5.4039080e+06   8.9440957e-02
   5.4388890e+05   5.4039080e+06   8.0390160e-02
   5.4349930e+05   5.4039090e+06   5.7544681e-02
   5.4351700e+05   5.4039090e+06  -2.8191755e-01
   5.4355660e+05   5.4039090e+06  -1.8375771e-01
   5.4359830e+05   5.4039090e+06  -2.2137101e-02
   5.4362270e+05   5.4039090e+06  -1.0230266e-01
   5.4364790e+05   5.4039090e+06   3.1433511e-02
   5.4365990e+05   5.4039090e+06   1.2773085e-01
   5.4357820e+05   5.4039100e+06  -1.0424734e-01
   5.4360770e+05   5.4039100e+06  -2.2333777e-01
   5.4369260e+05   5.4039100e+06   2.2007979e-02
   5.4376460e+05   5.4039100e+06   2.6384574e-01
   5.4377260e+05   5.4039100e+06   1.0300266e-01
   5.4379590e+05   5.4039100e+06   1.5661569e-01
   5.4382740e+05   5.4039100e+06   7.1898936e-02
   5.4383550e+05   5.4039100e+06   1.3006649e-01
   5.4352090e+05   5.4039110e+06  -2.8825559e-01
   5.4355110e+05   5.4039110e+06  -2.8979787e-02
   5.4356470e+05   5.4039110e+06  -4.0650532e-02
   5.4367310e+05   5.4039110e+06  -1.3375997e-01
   5.4368230e+05   5.4039110e+06  -8.0658245e-03
   5.4375360e+05   5.4039110e+06   2.4040691e-01
   5.4386680e+05   5.4039110e+06   2.0601330e-01
   5.4387820e+05   5.4039110e+06   8.6883777e-02
   5.4350160e+05   5.4039120e+06   4.9982979e-02
   5.4358740e+05   5.4039120e+06  -6.0865426e-02
   5.4359830e+05   5.4039120e+06  -1.0986410e-01
   5.4361530e+05   5.4039120e+06  -4.2206835e-01
   5.4362230e+05   5.4039120e+06  -3.1442101e-01
   5.4384510e+05   5.4039120e+06   5.4547074e-02
   5.4360790e+05   5.4039130e+06  -1.5753271e-01
   5.4363980e+05   5.4039130e+06  -1.6810266e-01
   5.4364810e+05   5.4039130e+06  -1.4330532e-01
   5.4369200e+05   5.4039130e+06  -2.7928191e-02
   5.4378470e+05   5.4039130e+06   1.2928684e-01
   5.4381740e+05   5.4039130e+06   1.0396702e-01
   5.4385740e+05   5.4039130e+06   1.5631170e-01
   5.4351700e+05   5.4039140e+06  -9.1718085e-02
   5.4353770e+05   5.4039140e+06  -2.0561117e-01
   5.4355630e+05   5.4039140e+06  -5.1698936e-02
   5.4357790e+05   5.4039140e+06  -7.9815691e-02
   5.4367270e+05   5.4039140e+06  -1.5096144e-01
   5.4374290e+05   5.4039140e+06   4.5514894e-02
   5.4380690e+05   5.4039140e+06   1.1232181e-01
   5.4355090e+05   5.4039150e+06  -1.5030319e-01
   5.4366010e+05   5.4039150e+06  -1.8500066e-01
   5.4377320e+05   5.4039150e+06   2.0370213e-01
   5.4379630e+05   5.4039150e+06   1.4338896e-01
   5.4386710e+05   5.4039150e+06   1.9646277e-01
   5.4387840e+05   5.4039150e+06   1.0078191e-01
   5.4388890e+05   5.4039150e+06   1.2522872e-01
   5.4356410e+05   5.4039160e+06   4.4214628e-02
   5.4357760e+05   5.4039160e+06   4.6560638e-02
   5.4359840e+05   5.4039160e+06  -6.7222340e-02
   5.4362210e+05   5.4039160e+06  -4.1402394e-02
   5.4368140e+05   5.4039160e+06  -1.4481915e-01
   5.4376490e+05   5.4039160e+06   1.0344069e-01
   5.4382770e+05   5.4039160e+06   1.4125585e-01
   5.4383600e+05   5.4039160e+06   1.4780319e-01
   5.4358750e+05   5.4039170e+06   1.3209774e-01
   5.4360810e+05   5.4039170e+06  -4.1098218e-01
   5.4363960e+05   5.4039170e+06  -1.8236117e-01
   5.4364810e+05   5.4039170e+06  -3.5932234e-01
   5.4369150e+05   5.4039170e+06  -1.8944149e-02
   5.4375430e+05   5.4039170e+06   4.5720080e-02
   5.4352040e+05   5.4039180e+06   1.6992553e-02
   5.4359840e+05   5.4039180e+06   4.3551064e-02
   5.4367240e+05   5.4039180e+06  -1.6984574e-01
   5.4381790e+05   5.4039180e+06   3.8496277e-02
   5.4384560e+05   5.4039180e+06   1.6068298e-01
   5.4385760e+05   5.4039180e+06   7.3550000e-02
   5.4387840e+05   5.4039180e+06  -4.9255319e-04
   5.4351710e+05   5.4039190e+06   7.7492021e-03
   5.4353780e+05   5.4039190e+06  -4.6286888e-01
   5.4357750e+05   5.4039190e+06  -1.2477394e-01
   5.4361530e+05   5.4039190e+06  -4.4486144e-01
   5.4362180e+05   5.4039190e+06  -3.2889521e-01
   5.4378540e+05   5.4039190e+06   1.2082739e-01
   5.4380730e+05   5.4039190e+06  -8.2719415e-03
   5.4355590e+05   5.4039200e+06  -1.4293085e-01
   5.4360820e+05   5.4039200e+06  -1.4569149e-02
   5.4363940e+05   5.4039200e+06  -1.9667553e-02
   5.4364810e+05   5.4039200e+06  -3.0590957e-01
   5.4366000e+05   5.4039200e+06  -2.9308511e-01
   5.4367210e+05   5.4039200e+06  -2.0640957e-02
   5.4369110e+05   5.4039200e+06  -1.7048803e-01
   5.4377360e+05   5.4039200e+06   1.1991489e-01
   5.4379680e+05   5.4039200e+06   1.7755319e-02
   5.4386740e+05   5.4039200e+06   2.0756649e-01
   5.4388870e+05   5.4039200e+06   1.0653723e-01
   5.4356370e+05   5.4039210e+06   6.7407846e-02
   5.4358760e+05   5.4039210e+06   4.2327766e-01
   5.4374410e+05   5.4039210e+06   2.2202314e-01
   5.4382810e+05   5.4039210e+06   1.3898896e-01
   5.4383640e+05   5.4039210e+06   4.8632447e-02
   5.4353780e+05   5.4039220e+06   8.5768085e-02
   5.4359840e+05   5.4039220e+06   3.6814043e-01
   5.4363940e+05   5.4039220e+06  -3.9826596e-01
   5.4368060e+05   5.4039220e+06  -2.9812181e-01
   5.4387860e+05   5.4039220e+06  -1.0109574e-02
   5.4355050e+05   5.4039230e+06   5.1960106e-02
   5.4357720e+05   5.4039230e+06   2.0427340e-01
   5.4360830e+05   5.4039230e+06  -2.3179122e-02
   5.4364830e+05   5.4039230e+06  -2.6583032e-01
   5.4366010e+05   5.4039230e+06  -2.9529521e-01
   5.4367170e+05   5.4039230e+06  -3.4617886e-01
   5.4369080e+05   5.4039230e+06  -1.6427340e-01
   5.4375500e+05   5.4039230e+06  -1.6570479e-01
   5.4376540e+05   5.4039230e+06   5.7793883e-02
   5.4381840e+05   5.4039230e+06   6.0387234e-02
   5.4385790e+05   5.4039230e+06   1.0996795e-01
   5.4361510e+05   5.4039240e+06  -2.2182633e-01
   5.4377410e+05   5.4039240e+06  -1.6895479e-02
   5.4379710e+05   5.4039240e+06  -4.7605851e-02
   5.4384610e+05   5.4039240e+06   6.6095479e-02
   5.4369040e+05   5.4039250e+06  -3.8343883e-01
   5.4380760e+05   5.4039250e+06   1.2733245e-01
   5.4386790e+05   5.4039250e+06   1.0747872e-01
   5.4387860e+05   5.4039250e+06  -7.9188830e-02
   5.4355550e+05   5.4039260e+06   1.9691489e-02
   5.4366010e+05   5.4039260e+06  -4.3393085e-01
   5.4367150e+05   5.4039260e+06  -5.2729388e-01
   5.4378610e+05   5.4039260e+06  -5.6080851e-02
   5.4383680e+05   5.4039260e+06   2.0148936e-03
   5.4361510e+05   5.4039270e+06  -4.0685106e-02
   5.4363930e+05   5.4039270e+06   1.6907646e-01
   5.4366010e+05   5.4039270e+06  -4.7305053e-01
   5.4368010e+05   5.4039270e+06  -4.7536715e-01
   5.4375550e+05   5.4039270e+06  -1.0366223e-01
   5.4381880e+05   5.4039270e+06  -7.2239362e-03
   5.4382840e+05   5.4039270e+06   8.1382447e-02
   5.4385830e+05   5.4039270e+06   8.5469016e-02
   5.4388870e+05   5.4039270e+06   5.4369149e-02
   5.4364830e+05   5.4039280e+06   1.3263511e-01
   5.4367120e+05   5.4039280e+06  -4.1077660e-01
   5.4369010e+05   5.4039280e+06  -4.8951622e-01
   5.4374510e+05   5.4039280e+06  -2.0695213e-02
   5.4379760e+05   5.4039280e+06  -6.8270213e-02
   5.4387870e+05   5.4039280e+06   1.8365426e-02
   5.4376580e+05   5.4039290e+06   3.3288564e-02
   5.4377460e+05   5.4039290e+06  -1.0585160e-01
   5.4383700e+05   5.4039290e+06   1.2867287e-01
   5.4360860e+05   5.4039300e+06   1.2465426e-02
   5.4367950e+05   5.4039300e+06  -5.1039229e-01
   5.4386830e+05   5.4039300e+06   1.2638431e-01
   5.4362090e+05   5.4039310e+06   2.2837500e-02
   5.4375590e+05   5.4039310e+06  -9.6766755e-02
   5.4379790e+05   5.4039310e+06  -3.2964362e-02
   5.4381930e+05   5.4039310e+06  -1.5129654e-02
   5.4385840e+05   5.4039310e+06   2.2244681e-03
   5.4387890e+05   5.4039310e+06   8.6788564e-02
   5.4366020e+05   5.4039320e+06   6.5557447e-02
   5.4367910e+05   5.4039320e+06  -6.8716702e-01
   5.4377490e+05   5.4039320e+06  -2.5842527e-01
   5.4380810e+05   5.4039320e+06  -1.8922340e-02
   5.4383730e+05   5.4039320e+06  -9.4255319e-02
   5.4384660e+05   5.4039320e+06   1.7360904e-01
   5.4361510e+05   5.4039330e+06   1.3611835e-02
   5.4367060e+05   5.4039330e+06   1.1510718e-01
   5.4374590e+05   5.4039330e+06  -8.9886968e-02
   5.4378680e+05   5.4039330e+06  -8.6691489e-03
   5.4382890e+05   5.4039330e+06   6.4584840e-02
   5.4388860e+05   5.4039330e+06   5.8926064e-02
   5.4375630e+05   5.4039340e+06  -1.3147713e-01
   5.4381960e+05   5.4039340e+06  -2.1068085e-01
   5.4383740e+05   5.4039340e+06  -5.2606383e-03
   5.4385860e+05   5.4039340e+06   3.4269681e-02
   5.4387900e+05   5.4039340e+06   1.2316489e-01
   5.4376610e+05   5.4039350e+06  -2.5150266e-02
   5.4379830e+05   5.4039350e+06   9.6250000e-03
   5.4368910e+05   5.4039360e+06   1.2295585e-01
   5.4377530e+05   5.4039360e+06  -2.1546250e-01
   5.4386880e+05   5.4039360e+06   9.8095745e-02
   5.4367850e+05   5.4039370e+06   6.0141622e-02
   5.4374660e+05   5.4039370e+06  -3.3717553e-01
   5.4375660e+05   5.4039370e+06  -2.1221383e-01
   5.4381990e+05   5.4039370e+06  -1.1178657e-01
   5.4383760e+05   5.4039370e+06  -9.1130319e-02
   5.4385880e+05   5.4039370e+06  -5.5966489e-02
   5.4387900e+05   5.4039370e+06   1.3376330e-01
   5.4388840e+05   5.4039370e+06   8.7157447e-02
   5.4380860e+05   5.4039380e+06  -1.3058830e-01
   5.4384710e+05   5.4039380e+06  -9.4179521e-02
   5.4376630e+05   5.4039390e+06  -2.0687420e-01
   5.4377570e+05   5.4039390e+06  -3.9417527e-01
   5.4378730e+05   5.4039390e+06  -1.7486184e-01
   5.4383780e+05   5.4039390e+06  -3.6611702e-02
   5.4375690e+05   5.4039400e+06  -4.3113830e-01
   5.4379880e+05   5.4039400e+06  -1.6348936e-01
   5.4382940e+05   5.4039400e+06  -2.8312500e-01
   5.4385910e+05   5.4039400e+06   6.0119681e-02
   5.4387910e+05   5.4039400e+06   1.9432713e-01
   5.4374730e+05   5.4039410e+06  -2.8552035e-01
   5.4382030e+05   5.4039410e+06   1.5172207e-02
   5.4388840e+05   5.4039410e+06  -2.4335106e-03
   5.4375720e+05   5.4039420e+06  -3.7064149e-01
   5.4376650e+05   5.4039420e+06  -1.3970346e-01
   5.4377590e+05   5.4039420e+06  -4.5694707e-01
   5.4383810e+05   5.4039420e+06  -1.7717553e-02
   5.4386920e+05   5.4039420e+06   4.6332979e-02
   5.4379900e+05   5.4039430e+06  -1.2029920e-01
   5.4380890e+05   5.4039430e+06  -2.6666090e-01
   5.4387930e+05   5.4039430e+06   2.0315173e-01
   5.4374780e+05   5.4039440e+06  -2.0531277e-01
   5.4384760e+05   5.4039440e+06  -4.5410638e-02
   5.4388830e+05   5.4039440e+06  -1.4562500e-01
   5.4375760e+05   5.4039450e+06  -2.4814096e-01
   5.4376680e+05   5.4039450e+06  -1.3570213e-01
   5.4377620e+05   5.4039450e+06  -3.8165691e-01
   5.4378800e+05   5.4039450e+06  -5.0146277e-01
   5.4382060e+05   5.4039450e+06   3.0924202e-02
   5.4382980e+05   5.4039450e+06  -2.6228059e-01
   5.4383830e+05   5.4039450e+06  -7.4222074e-02
   5.4385930e+05   5.4039450e+06   1.2404920e-02
   5.4374810e+05   5.4039460e+06  -2.2705665e-01
   5.4379930e+05   5.4039460e+06  -2.7274069e-01
   5.4380920e+05   5.4039470e+06  -2.3185372e-01
   5.4386960e+05   5.4039470e+06  -1.7418989e-01
   5.4376680e+05   5.4039480e+06  -2.1453404e-01
   5.4377660e+05   5.4039480e+06  -3.8412926e-01
   5.4382090e+05   5.4039480e+06  -3.2741622e-01
   5.4384790e+05   5.4039480e+06  -6.8640160e-02
   5.4387940e+05   5.4039480e+06  -1.5512128e-01
   5.4378840e+05   5.4039490e+06  -4.4242872e-01
   5.4382990e+05   5.4039490e+06  -1.2342886e-01
   5.4383860e+05   5.4039490e+06  -2.3464255e-01
   5.4385960e+05   5.4039490e+06  -8.8582979e-02
   5.4376700e+05   5.4039500e+06  -1.1623670e-01
   5.4376710e+05   5.4039500e+06  -1.9351463e-01
   5.4379970e+05   5.4039500e+06  -2.4200931e-01
   5.4380940e+05   5.4039500e+06  -3.2108511e-01
   5.4382120e+05   5.4039500e+06  -2.7553191e-01
   5.4374910e+05   5.4039520e+06   3.5820213e-02
   5.4375840e+05   5.4039520e+06   2.3127660e-02
   5.4380950e+05   5.4039520e+06  -3.7588298e-01
   5.4382130e+05   5.4039520e+06  -2.6994681e-01
   5.4383020e+05   5.4039520e+06  -3.4921064e-01
   5.4383880e+05   5.4039520e+06  -1.4553404e-01
   5.4384830e+05   5.4039520e+06  -2.9140426e-02
   5.4378880e+05   5.4039530e+06  -1.9679415e-01
   5.4385980e+05   5.4039530e+06  -2.8192101e-01
   5.4387010e+05   5.4039530e+06  -6.1448138e-03
   5.4388810e+05   5.4039530e+06   4.1273936e-01
   5.4380970e+05   5.4039540e+06  -4.8104628e-01
   5.4376730e+05   5.4039550e+06   7.4807181e-03
   5.4378910e+05   5.4039550e+06  -1.3458577e-01
   5.4380010e+05   5.4039550e+06   1.1989761e-01
   5.4384840e+05   5.4039550e+06   1.4679787e-01
   5.4387960e+05   5.4039550e+06   3.0342287e-01
   5.4382180e+05   5.4039570e+06   1.2107713e-01
   5.4383040e+05   5.4039570e+06   1.3587128e-01
   5.4386000e+05   5.4039570e+06   1.3623670e-01
   5.4377760e+05   5.4039580e+06   4.3031915e-03
   5.4383930e+05   5.4039580e+06   9.1669681e-02
   5.4384860e+05   5.4039580e+06   9.0062766e-02
   5.4387040e+05   5.4039580e+06   1.0147660e-01
   5.4378940e+05   5.4039590e+06   1.1399202e-02
   5.4381000e+05   5.4039590e+06   3.2220745e-02
