   5.4339240e+05   5.4037000e+06   1.1293600e-01
   5.4340400e+05   5.4037050e+06   1.3974000e-01
   5.4339210e+05   5.4037060e+06   6.9349074e-02
   5.4340370e+05   5.4037090e+06  -2.3728693e-01
   5.4339170e+05   5.4037100e+06  -3.8416966e-01
   5.4342260e+05   5.4037110e+06   1.5219560e-01
   5.4340360e+05   5.4037130e+06   1.1962958e-01
   5.4342860e+05   5.4037130e+06   1.2435480e-01
   5.4339140e+05   5.4037140e+06  -3.6283160e-01
   5.4343560e+05   5.4037140e+06   1.2931680e-01
   5.4342210e+05   5.4037160e+06   3.3231211e-01
   5.4344790e+05   5.4037180e+06   1.9836240e-01
   5.4340300e+05   5.4037190e+06  -2.2896296e-02
   5.4342840e+05   5.4037190e+06   9.9542282e-02
   5.4339100e+05   5.4037200e+06  -4.2956873e-01
   5.4342170e+05   5.4037200e+06   5.5649485e-02
   5.4343500e+05   5.4037200e+06   1.0542373e-01
   5.4346180e+05   5.4037220e+06   1.2555840e-01
   5.4343480e+05   5.4037230e+06  -3.9626131e-02
   5.4344750e+05   5.4037230e+06   6.7632813e-01
   5.4340270e+05   5.4037240e+06  -1.7666703e-01
   5.4342140e+05   5.4037240e+06  -1.4838124e-01
   5.4346430e+05   5.4037240e+06   1.7017980e-01
   5.4339060e+05   5.4037250e+06  -2.9312684e-01
   5.4342810e+05   5.4037250e+06   2.6972543e-01
   5.4343440e+05   5.4037270e+06  -1.1165837e-01
   5.4344700e+05   5.4037270e+06   2.8411043e-01
   5.4346400e+05   5.4037280e+06   2.4127801e-01
   5.4340240e+05   5.4037290e+06  -1.9329682e-01
   5.4342090e+05   5.4037290e+06  -7.1286081e-02
   5.4342790e+05   5.4037290e+06   1.9136143e-01
   5.4347470e+05   5.4037290e+06   2.1121470e-01
   5.4346390e+05   5.4037300e+06   1.0521582e+00
   5.4347580e+05   5.4037300e+06   2.1476200e-01
   5.4343410e+05   5.4037310e+06   7.3338223e-02
   5.4344680e+05   5.4037310e+06   2.0746184e-01
   5.4346200e+05   5.4037310e+06  -1.5789474e-03
   5.4339020e+05   5.4037320e+06  -8.0469449e-02
   5.4340210e+05   5.4037330e+06  -7.0884957e-02
   5.4346200e+05   5.4037330e+06   9.8482587e-02
   5.4347540e+05   5.4037330e+06   1.2634357e-01
   5.4342760e+05   5.4037340e+06   3.6308824e-03
   5.4346350e+05   5.4037340e+06   2.8771831e-01
   5.4347480e+05   5.4037340e+06   9.1641718e-02
   5.4348930e+05   5.4037340e+06   1.5727260e-01
   5.4343380e+05   5.4037350e+06  -7.0362563e-02
   5.4344650e+05   5.4037350e+06  -1.2956592e-01
   5.4347510e+05   5.4037350e+06   2.8661448e-01
   5.4342030e+05   5.4037360e+06  -8.1331596e-02
   5.4347470e+05   5.4037360e+06   1.9502392e-03
   5.4346220e+05   5.4037370e+06   2.3003263e-01
   5.4349730e+05   5.4037370e+06   2.3590630e-01
   5.4350360e+05   5.4037370e+06   2.0785240e-01
   5.4338970e+05   5.4037380e+06  -1.6801470e-01
   5.4340180e+05   5.4037380e+06  -2.0283641e-01
   5.4344610e+05   5.4037380e+06   1.9925490e-02
   5.4346310e+05   5.4037380e+06   1.4050728e-01
   5.4347480e+05   5.4037390e+06  -7.1713661e-02
   5.4348910e+05   5.4037390e+06  -3.9233622e-01
   5.4342730e+05   5.4037400e+06   4.1894366e-02
   5.4343340e+05   5.4037400e+06  -1.5854131e-01
   5.4347450e+05   5.4037400e+06   2.5914352e-01
   5.4351660e+05   5.4037400e+06   1.5147600e-01
   5.4346220e+05   5.4037410e+06   6.9823929e-02
   5.4353010e+05   5.4037410e+06   4.1918000e-02
   5.4344580e+05   5.4037420e+06   8.3331418e-02
   5.4340130e+05   5.4037430e+06  -1.5907456e-01
   5.4341960e+05   5.4037430e+06  -2.8012063e-02
   5.4346270e+05   5.4037430e+06   2.2821827e-01
   5.4347490e+05   5.4037430e+06   4.7313763e-01
   5.4349740e+05   5.4037430e+06   7.4774701e-01
   5.4350360e+05   5.4037430e+06  -6.6741333e-03
   5.4351660e+05   5.4037430e+06  -1.7286600e-01
   5.4348900e+05   5.4037440e+06  -9.6770992e-02
   5.4353720e+05   5.4037440e+06   1.6710400e-01
   5.4338930e+05   5.4037450e+06  -1.2017213e-01
   5.4346230e+05   5.4037450e+06   4.2906602e-03
   5.4342700e+05   5.4037460e+06  -5.1269841e-03
   5.4344540e+05   5.4037460e+06  -9.4702750e-02
   5.4347390e+05   5.4037460e+06   2.5300370e-01
   5.4347490e+05   5.4037460e+06   1.9360632e-01
   5.4352980e+05   5.4037460e+06   2.8943061e-01
   5.4343280e+05   5.4037470e+06  -6.3296736e-02
   5.4349740e+05   5.4037470e+06   5.7630126e-02
   5.4340100e+05   5.4037480e+06  -7.8855524e-02
   5.4350340e+05   5.4037480e+06  -2.8447106e-03
   5.4352980e+05   5.4037480e+06  -3.0855331e-02
   5.4355940e+05   5.4037480e+06   9.5968000e-02
   5.4346210e+05   5.4037490e+06   1.6344758e-01
   5.4351660e+05   5.4037490e+06  -6.2699363e-02
   5.4341890e+05   5.4037500e+06  -1.3394555e-01
   5.4346240e+05   5.4037500e+06   1.4598949e-01
   5.4347500e+05   5.4037500e+06   2.2056604e-01
   5.4344500e+05   5.4037510e+06   9.2386935e-02
   5.4347330e+05   5.4037510e+06   1.8806570e-01
   5.4349750e+05   5.4037510e+06   3.3512528e-01
   5.4338880e+05   5.4037520e+06  -7.8706775e-02
   5.4342680e+05   5.4037520e+06   9.1871310e-02
   5.4348900e+05   5.4037520e+06  -9.7696093e-02
   5.4350350e+05   5.4037520e+06  -1.9545611e-02
   5.4355930e+05   5.4037520e+06  -3.7533524e-01
   5.4357980e+05   5.4037520e+06   6.0765200e-02
   5.4358300e+05   5.4037520e+06   5.5350000e-02
   5.4340080e+05   5.4037530e+06  -1.7427534e-01
   5.4343220e+05   5.4037530e+06  -8.1955062e-02
   5.4351660e+05   5.4037530e+06   1.9485681e-01
   5.4352940e+05   5.4037530e+06  -2.2692901e-02
   5.4356730e+05   5.4037530e+06   1.5515700e-01
   5.4347510e+05   5.4037550e+06  -2.2644640e-02
   5.4349760e+05   5.4037550e+06   3.8556114e-02
   5.4353720e+05   5.4037550e+06   3.1878589e-01
   5.4355910e+05   5.4037550e+06  -2.7724014e-01
   5.4360160e+05   5.4037550e+06   9.3518000e-02
   5.4344460e+05   5.4037560e+06   3.0905199e-02
   5.4346160e+05   5.4037560e+06  -1.4763884e-01
   5.4346260e+05   5.4037560e+06  -3.0005165e-02
   5.4350340e+05   5.4037560e+06   3.1433784e-02
   5.4357950e+05   5.4037560e+06  -3.4979225e-01
   5.4359030e+05   5.4037560e+06   1.3129080e-01
   5.4359580e+05   5.4037560e+06   1.2158880e-01
   5.4341830e+05   5.4037570e+06  -1.5454005e-01
   5.4342640e+05   5.4037570e+06  -1.5614758e-01
   5.4347280e+05   5.4037570e+06   1.2729067e-01
   5.4340030e+05   5.4037580e+06  -3.6684401e-02
   5.4348880e+05   5.4037580e+06  -4.2280925e-02
   5.4351660e+05   5.4037580e+06   7.6967153e-02
   5.4352910e+05   5.4037580e+06  -1.4174580e-01
   5.4353720e+05   5.4037580e+06   3.8779385e-01
   5.4355900e+05   5.4037580e+06  -7.0684211e-02
   5.4358320e+05   5.4037580e+06  -4.9978182e-01
   5.4338830e+05   5.4037590e+06  -1.1028579e-01
   5.4349760e+05   5.4037590e+06   7.2614426e-02
   5.4357910e+05   5.4037590e+06  -4.4544232e-01
   5.4343160e+05   5.4037600e+06  -1.6492159e-01
   5.4344420e+05   5.4037600e+06   2.2035979e-01
   5.4360180e+05   5.4037600e+06  -1.8857391e-01
   5.4363480e+05   5.4037600e+06   1.1648000e-02
   5.4347530e+05   5.4037610e+06   2.4338608e-01
   5.4350340e+05   5.4037610e+06   1.0940000e-01
   5.4353720e+05   5.4037610e+06   6.8485079e-01
   5.4358330e+05   5.4037610e+06  -1.9930802e-01
   5.4359010e+05   5.4037610e+06   7.3371616e-02
   5.4359590e+05   5.4037610e+06  -1.0732852e-01
   5.4346100e+05   5.4037620e+06   7.4888889e-02
   5.4355870e+05   5.4037620e+06  -2.1788685e-01
   5.4356660e+05   5.4037620e+06   4.6290388e-01
   5.4361740e+05   5.4037620e+06   1.4856200e-01
   5.4364540e+05   5.4037620e+06   4.7356400e-02
   5.4340010e+05   5.4037630e+06   2.9843796e-02
   5.4342630e+05   5.4037630e+06  -5.2106377e-02
   5.4346280e+05   5.4037630e+06  -7.6412682e-02
   5.4347190e+05   5.4037630e+06  -3.2396528e-02
   5.4349770e+05   5.4037630e+06  -1.3073079e-01
   5.4357880e+05   5.4037630e+06  -7.6182423e-02
   5.4351660e+05   5.4037640e+06   3.2384495e-01
   5.4352890e+05   5.4037640e+06   2.0415962e-02
   5.4358340e+05   5.4037640e+06  -1.6663786e-01
   5.4358980e+05   5.4037640e+06  -9.9776309e-02
   5.4359600e+05   5.4037640e+06  -1.9283158e-01
   5.4363450e+05   5.4037640e+06  -5.7690526e-01
   5.4365840e+05   5.4037640e+06   9.0006400e-02
   5.4341760e+05   5.4037650e+06  -5.8273458e-02
   5.4353730e+05   5.4037650e+06   3.1303346e-01
   5.4360190e+05   5.4037650e+06   4.2470536e-01
   5.4364470e+05   5.4037650e+06   1.1880050e-01
   5.4338780e+05   5.4037660e+06  -2.6786595e-02
   5.4344380e+05   5.4037660e+06   7.5387842e-02
   5.4347540e+05   5.4037660e+06  -1.0784537e-01
   5.4348890e+05   5.4037660e+06  -1.1937668e-01
   5.4350330e+05   5.4037660e+06  -1.3081242e-01
   5.4355850e+05   5.4037670e+06   3.3196246e-02
   5.4368890e+05   5.4037670e+06   7.4677400e-02
   5.4339980e+05   5.4037680e+06  -1.8930959e-02
   5.4343100e+05   5.4037680e+06  -3.4084239e-02
   5.4346040e+05   5.4037680e+06  -7.8749935e-02
   5.4349760e+05   5.4037680e+06   2.0828963e-01
   5.4353720e+05   5.4037680e+06   1.3966413e-01
   5.4356620e+05   5.4037680e+06   1.9707435e-01
   5.4357830e+05   5.4037680e+06  -2.4357555e-01
   5.4358350e+05   5.4037680e+06  -1.4864811e-01
   5.4358940e+05   5.4037680e+06  -1.9908435e-01
   5.4360210e+05   5.4037680e+06  -1.0782998e-01
   5.4364540e+05   5.4037680e+06  -5.5429271e-01
   5.4342600e+05   5.4037690e+06  -1.0197226e-01
   5.4346290e+05   5.4037690e+06   3.2493372e-02
   5.4352860e+05   5.4037690e+06   1.3465685e-02
   5.4359600e+05   5.4037690e+06  -7.8833684e-02
   5.4363410e+05   5.4037690e+06  -4.4741645e-01
   5.4365840e+05   5.4037690e+06   9.8543529e-01
   5.4347110e+05   5.4037700e+06  -6.7167532e-02
   5.4351670e+05   5.4037700e+06   6.6552050e-02
   5.4344330e+05   5.4037710e+06  -4.7849339e-02
   5.4360230e+05   5.4037710e+06  -5.4585425e-02
   5.4361730e+05   5.4037710e+06   3.4681450e-01
   5.4364460e+05   5.4037710e+06  -4.4744501e-01
   5.4365840e+05   5.4037710e+06  -2.3115346e-01
   5.4371120e+05   5.4037710e+06   3.0739600e-02
   5.4339930e+05   5.4037720e+06  -1.6341584e-01
   5.4341690e+05   5.4037720e+06  -1.6004056e-01
   5.4347550e+05   5.4037720e+06  -4.5834875e-02
   5.4355830e+05   5.4037720e+06  -4.9590531e-02
   5.4356580e+05   5.4037720e+06   7.9906188e-01
   5.4358360e+05   5.4037720e+06  -1.4772543e-01
   5.4358920e+05   5.4037720e+06   1.3650331e-01
   5.4359610e+05   5.4037720e+06  -1.8290100e-01
   5.4364550e+05   5.4037720e+06  -3.6749663e-01
   5.4368850e+05   5.4037720e+06  -3.8806513e-01
   5.4370310e+05   5.4037720e+06   6.6511400e-02
   5.4350320e+05   5.4037730e+06  -5.5992360e-02
   5.4353720e+05   5.4037730e+06   1.4404615e-01
   5.4357780e+05   5.4037730e+06   4.1512478e-02
   5.4363380e+05   5.4037730e+06  -3.9938947e-01
   5.4365850e+05   5.4037730e+06  -9.4915335e-02
   5.4338720e+05   5.4037740e+06  -3.4283227e-02
   5.4348870e+05   5.4037740e+06  -8.0541944e-02
   5.4349770e+05   5.4037740e+06   8.0880615e-02
   5.4360230e+05   5.4037740e+06  -2.5342476e-02
   5.4364450e+05   5.4037740e+06  -1.9795355e-01
   5.4371930e+05   5.4037740e+06   1.2078760e-01
   5.4380280e+05   5.4037740e+06   6.8915200e-02
   5.4342560e+05   5.4037750e+06   3.6517781e-02
   5.4343050e+05   5.4037750e+06  -1.0184568e-01
   5.4345990e+05   5.4037750e+06  -6.4984655e-02
   5.4352830e+05   5.4037750e+06  -2.1663674e-02
   5.4361730e+05   5.4037750e+06   3.8780000e-01
   5.4368820e+05   5.4037750e+06   6.9640909e-02
   5.4371080e+05   5.4037750e+06  -6.2571290e-01
   5.4373790e+05   5.4037750e+06   1.5146050e-01
   5.4375870e+05   5.4037750e+06   1.2584850e-01
   5.4378300e+05   5.4037750e+06   9.9100000e-02
   5.4346310e+05   5.4037760e+06  -5.8266752e-02
   5.4351670e+05   5.4037760e+06   6.2995633e-03
   5.4358880e+05   5.4037760e+06   1.1520784e-01
   5.4359610e+05   5.4037760e+06   9.7813600e-02
   5.4364560e+05   5.4037760e+06  -1.3148852e-01
   5.4365850e+05   5.4037760e+06  -2.7155011e-01
   5.4375680e+05   5.4037760e+06   1.5294480e-01
   5.4377100e+05   5.4037760e+06   1.4165400e-01
   5.4339890e+05   5.4037770e+06  -1.0338156e-01
   5.4344280e+05   5.4037770e+06   3.2871186e-02
   5.4353730e+05   5.4037770e+06   2.8807943e-01
   5.4355800e+05   5.4037770e+06   3.9060060e-02
   5.4356560e+05   5.4037770e+06   2.7773884e-01
   5.4358370e+05   5.4037770e+06  -3.6531457e-03
   5.4361720e+05   5.4037770e+06   4.8386667e-01
   5.4363340e+05   5.4037770e+06   5.6364762e-02
   5.4364440e+05   5.4037770e+06  -7.9276279e-02
   5.4368800e+05   5.4037770e+06  -3.1861244e-01
   5.4379760e+05   5.4037770e+06   1.2805240e-01
   5.4381810e+05   5.4037770e+06   1.0841110e-01
   5.4347040e+05   5.4037780e+06  -7.9025710e-05
   5.4347560e+05   5.4037780e+06   1.9588950e-02
   5.4357740e+05   5.4037780e+06   2.9072026e-02
   5.4360250e+05   5.4037780e+06  -1.2358896e-01
   5.4371030e+05   5.4037780e+06  -4.8651737e-02
   5.4382510e+05   5.4037780e+06   9.5432000e-02
   5.4349780e+05   5.4037790e+06  -4.3343700e-02
   5.4359620e+05   5.4037790e+06  -1.3527573e-01
   5.4365850e+05   5.4037790e+06  -1.1309424e-01
   5.4370190e+05   5.4037790e+06   5.2478125e-02
   5.4372020e+05   5.4037790e+06  -8.2705405e-02
   5.4341620e+05   5.4037800e+06  -7.1434944e-02
   5.4350310e+05   5.4037800e+06  -7.3795544e-02
   5.4361730e+05   5.4037800e+06   2.3319381e-01
   5.4364420e+05   5.4037800e+06   2.9649162e-01
   5.4375690e+05   5.4037800e+06  -1.8090354e-01
   5.4384910e+05   5.4037800e+06   4.5000000e-05
   5.4338660e+05   5.4037810e+06  -6.3146237e-02
   5.4342530e+05   5.4037810e+06   5.3045698e-02
   5.4352790e+05   5.4037810e+06   1.8791182e-01
   5.4364570e+05   5.4037810e+06  -1.3484194e-01
   5.4368740e+05   5.4037810e+06  -2.7788249e-01
   5.4370170e+05   5.4037810e+06   7.8928528e-02
   5.4370980e+05   5.4037810e+06   1.6113190e-01
   5.4372050e+05   5.4037810e+06   2.5080237e-01
   5.4380360e+05   5.4037810e+06  -4.9693441e-01
   5.4383540e+05   5.4037810e+06   6.6447200e-02
   5.4342980e+05   5.4037820e+06  -1.1172762e-01
   5.4344240e+05   5.4037820e+06  -2.5642953e-03
   5.4345930e+05   5.4037820e+06  -1.4734560e-02
   5.4346330e+05   5.4037820e+06  -2.6236702e-03
   5.4348860e+05   5.4037820e+06   1.6381893e-02
   5.4351670e+05   5.4037820e+06  -1.0392081e-01
   5.4353730e+05   5.4037820e+06   2.6088095e-01
   5.4355780e+05   5.4037820e+06   9.2205802e-02
   5.4356520e+05   5.4037820e+06   2.9611618e-01
   5.4358840e+05   5.4037820e+06   1.6798963e-01
   5.4360270e+05   5.4037820e+06  -7.6342470e-02
   5.4361720e+05   5.4037820e+06   3.3323747e-01
   5.4363290e+05   5.4037820e+06  -2.7630657e-02
   5.4378370e+05   5.4037820e+06  -4.7927568e-01
   5.4380380e+05   5.4037820e+06   5.5510229e-01
   5.4385690e+05   5.4037820e+06   5.7049600e-02
   5.4339850e+05   5.4037830e+06   8.8316124e-02
   5.4357680e+05   5.4037830e+06  -8.2883309e-03
   5.4358390e+05   5.4037830e+06  -3.9283077e-03
   5.4359620e+05   5.4037830e+06  -1.3018322e-01
   5.4364410e+05   5.4037830e+06  -3.2853861e-02
   5.4365850e+05   5.4037830e+06  -3.7842767e-02
   5.4372090e+05   5.4037830e+06   1.0766667e-02
   5.4373900e+05   5.4037830e+06   5.1966372e-01
   5.4375710e+05   5.4037830e+06   2.0789520e-01
   5.4380390e+05   5.4037830e+06   5.5446411e-02
   5.4381860e+05   5.4037830e+06  -2.2172121e-01
   5.4382550e+05   5.4037830e+06   3.4515152e-01
   5.4384930e+05   5.4037830e+06  -3.8373147e-01
   5.4370130e+05   5.4037840e+06  -7.5522897e-02
   5.4370940e+05   5.4037840e+06  -1.9662560e-01
   5.4378390e+05   5.4037840e+06  -2.1249881e-01
   5.4379810e+05   5.4037840e+06   2.4327400e-01
   5.4383560e+05   5.4037840e+06  -6.1144274e-01
   5.4387390e+05   5.4037840e+06   1.0629160e-01
   5.4347580e+05   5.4037850e+06  -3.5914650e-02
   5.4349790e+05   5.4037850e+06  -4.1436100e-02
   5.4361710e+05   5.4037850e+06  -1.2011752e-01
   5.4364570e+05   5.4037850e+06  -1.4666858e-01
   5.4368690e+05   5.4037850e+06  -2.9304983e-01
   5.4372130e+05   5.4037850e+06  -9.0385922e-02
   5.4373920e+05   5.4037850e+06  -1.2078199e-01
   5.4377190e+05   5.4037850e+06   5.0916107e-02
   5.4380410e+05   5.4037850e+06  -2.1517308e-02
   5.4389140e+05   5.4037850e+06   1.3210000e-01
   5.4346940e+05   5.4037860e+06  -5.2390547e-02
   5.4352760e+05   5.4037860e+06  -8.1061000e-02
   5.4360280e+05   5.4037860e+06  -1.6544444e-02
   5.4364400e+05   5.4037860e+06   5.8653543e-02
   5.4365860e+05   5.4037860e+06  -1.8865993e-01
   5.4375730e+05   5.4037860e+06  -4.0451099e-02
   5.4379830e+05   5.4037860e+06   4.2223030e-01
   5.4381880e+05   5.4037860e+06  -3.6208080e-01
   5.4382580e+05   5.4037860e+06   3.2236287e-03
   5.4341550e+05   5.4037870e+06   3.7141232e-02
   5.4342510e+05   5.4037870e+06  -1.1141993e-01
   5.4350310e+05   5.4037870e+06  -2.0013938e-01
   5.4355760e+05   5.4037870e+06  -3.2163934e-03
   5.4356490e+05   5.4037870e+06   1.3710490e-01
   5.4358800e+05   5.4037870e+06  -1.5867669e-02
   5.4359630e+05   5.4037870e+06  -1.3985094e-01
   5.4361700e+05   5.4037870e+06  -4.0912463e-02
   5.4363260e+05   5.4037870e+06  -1.1208986e-01
   5.4370080e+05   5.4037870e+06  -3.3710769e-02
   5.4370900e+05   5.4037870e+06  -1.4823517e-01
   5.4380430e+05   5.4037870e+06  -3.6069645e-01
   5.4384960e+05   5.4037870e+06   6.3000000e-03
   5.4387410e+05   5.4037870e+06  -2.5347108e-01
   5.4389130e+05   5.4037870e+06   8.7882353e-02
   5.4339820e+05   5.4037880e+06   1.1006006e-01
   5.4344180e+05   5.4037880e+06   2.9681159e-03
   5.4351660e+05   5.4037880e+06   5.2834503e-02
   5.4353730e+05   5.4037880e+06   1.6154155e-02
   5.4373950e+05   5.4037880e+06   3.3726817e-02
   5.4377210e+05   5.4037880e+06   1.5315591e-01
   5.4378430e+05   5.4037880e+06  -2.2892035e-02
   5.4383580e+05   5.4037880e+06  -3.0478266e-01
   5.4385750e+05   5.4037880e+06   9.6275862e-01
   5.4342930e+05   5.4037890e+06  -5.6740368e-02
   5.4345880e+05   5.4037890e+06  -6.0162424e-02
   5.4346350e+05   5.4037890e+06   4.0557796e-02
   5.4357630e+05   5.4037890e+06  -2.1354366e-02
   5.4358400e+05   5.4037890e+06   2.3512938e-02
   5.4364400e+05   5.4037890e+06   4.1153846e-03
   5.4364590e+05   5.4037890e+06  -8.8193043e-03
   5.4365860e+05   5.4037890e+06   1.6889826e-01
   5.4372180e+05   5.4037890e+06  -1.1747102e-01
   5.4379840e+05   5.4037890e+06   8.6069508e-02
   5.4381910e+05   5.4037890e+06  -2.1762199e-01
   5.4382590e+05   5.4037890e+06  -2.6077037e-01
   5.4338610e+05   5.4037900e+06   1.2537500e-03
   5.4361700e+05   5.4037900e+06  -4.5373134e-03
   5.4375760e+05   5.4037900e+06   9.6840426e-02
   5.4376030e+05   5.4037900e+06   1.8355721e-02
   5.4380460e+05   5.4037900e+06  -2.3558559e-01
   5.4387420e+05   5.4037900e+06   4.1958289e-01
   5.4347590e+05   5.4037910e+06   1.8971769e-01
   5.4348860e+05   5.4037910e+06  -1.3555249e-01
   5.4349790e+05   5.4037910e+06  -1.6644916e-01
   5.4359640e+05   5.4037910e+06  -8.5250829e-02
   5.4360310e+05   5.4037910e+06  -1.0356316e-01
   5.4368640e+05   5.4037910e+06  -1.2381882e-01
   5.4370040e+05   5.4037910e+06   9.1680000e-02
   5.4370840e+05   5.4037910e+06  -3.9967413e-02
   5.4377240e+05   5.4037910e+06   3.9107532e-02
   5.4389110e+05   5.4037910e+06   9.0923695e-02
   5.4346880e+05   5.4037920e+06   3.0117150e-02
   5.4352730e+05   5.4037920e+06  -6.0054068e-02
   5.4356450e+05   5.4037920e+06   1.2706605e-01
   5.4364380e+05   5.4037920e+06   3.1750604e-02
   5.4365870e+05   5.4037920e+06  -4.9768634e-02
   5.4372240e+05   5.4037920e+06  -7.8206733e-02
   5.4379860e+05   5.4037920e+06  -1.8200905e-01
   5.4381930e+05   5.4037920e+06  -5.0446893e-02
   5.4383610e+05   5.4037920e+06   2.5994574e-01
   5.4384990e+05   5.4037920e+06  -2.5994868e-01
   5.4385770e+05   5.4037920e+06  -2.0291034e-01
   5.4353730e+05   5.4037930e+06   9.4972621e-03
   5.4355720e+05   5.4037930e+06   2.4774194e-03
   5.4358760e+05   5.4037930e+06   9.1735484e-02
   5.4361710e+05   5.4037930e+06   7.9770607e-02
   5.4363230e+05   5.4037930e+06   7.3339492e-02
   5.4374010e+05   5.4037930e+06  -1.1692708e-01
   5.4377270e+05   5.4037930e+06  -6.8670562e-02
   5.4378480e+05   5.4037930e+06  -2.0962387e-01
   5.4380490e+05   5.4037930e+06  -1.3995068e-02
   5.4382630e+05   5.4037930e+06   3.6537195e-02
   5.4339780e+05   5.4037940e+06   2.1643367e-02
   5.4341490e+05   5.4037940e+06   5.7608212e-02
   5.4342460e+05   5.4037940e+06   1.5156812e-02
   5.4344130e+05   5.4037940e+06  -1.4244641e-02
   5.4350290e+05   5.4037940e+06  -5.8710773e-02
   5.4357580e+05   5.4037940e+06  -1.3051652e-01
   5.4358420e+05   5.4037940e+06  -9.7660972e-02
   5.4364590e+05   5.4037940e+06  -1.2036356e-01
   5.4369980e+05   5.4037940e+06  -3.9203717e-02
   5.4375780e+05   5.4037940e+06  -9.7851220e-02
   5.4376070e+05   5.4037940e+06   2.0063706e-01
   5.4351680e+05   5.4037950e+06   1.6059748e-01
   5.4359640e+05   5.4037950e+06  -2.6192593e-03
   5.4361690e+05   5.4037950e+06  -5.8046647e-03
   5.4365880e+05   5.4037950e+06  -5.1153094e-02
   5.4372290e+05   5.4037950e+06  -2.2640047e-01
   5.4381940e+05   5.4037950e+06  -2.6634568e-01
   5.4383640e+05   5.4037950e+06  -1.8938498e-01
   5.4385010e+05   5.4037950e+06  -2.2053286e-01
   5.4387440e+05   5.4037950e+06  -6.1993865e-02
   5.4342860e+05   5.4037960e+06  -3.9766990e-02
   5.4345820e+05   5.4037960e+06  -8.2227002e-02
   5.4364380e+05   5.4037960e+06  -1.9615761e-01
   5.4368580e+05   5.4037960e+06   7.6980315e-02
   5.4370780e+05   5.4037960e+06  -2.0946768e-02
   5.4379890e+05   5.4037960e+06  -1.8073263e-01
   5.4385800e+05   5.4037960e+06  -1.0389218e-01
   5.4389110e+05   5.4037960e+06   4.8480769e-01
   5.4346370e+05   5.4037970e+06  -6.7387689e-02
   5.4349810e+05   5.4037970e+06  -5.4794789e-02
   5.4360330e+05   5.4037970e+06   9.4367647e-04
   5.4363180e+05   5.4037970e+06   1.5391908e-01
   5.4376100e+05   5.4037970e+06  -1.2272779e-01
   5.4377300e+05   5.4037970e+06  -1.0148583e-01
   5.4338560e+05   5.4037980e+06  -9.9022864e-03
   5.4347600e+05   5.4037980e+06   2.2670025e-03
   5.4352690e+05   5.4037980e+06   8.7260734e-02
   5.4356410e+05   5.4037980e+06   1.0266716e-01
   5.4358710e+05   5.4037980e+06   2.2992171e-01
   5.4361690e+05   5.4037980e+06   1.5554448e-01
   5.4365870e+05   5.4037980e+06  -1.4560065e-02
   5.4369910e+05   5.4037980e+06  -1.3849671e-01
   5.4372330e+05   5.4037980e+06  -6.6903757e-02
   5.4375800e+05   5.4037980e+06  -8.5953846e-02
   5.4380540e+05   5.4037980e+06  -1.3591930e-01
   5.4383660e+05   5.4037980e+06   5.4005764e-02
   5.4346800e+05   5.4037990e+06   3.8229426e-03
   5.4348840e+05   5.4037990e+06   3.0421904e-02
   5.4353740e+05   5.4037990e+06   1.2493130e-02
   5.4355690e+05   5.4037990e+06   2.4956522e-03
   5.4359650e+05   5.4037990e+06  -1.2850191e-01
   5.4364600e+05   5.4037990e+06  -1.1915524e-01
   5.4374080e+05   5.4037990e+06   6.0336066e-02
   5.4378530e+05   5.4037990e+06  -1.4274615e-01
   5.4381960e+05   5.4037990e+06  -1.1794667e-01
   5.4385830e+05   5.4037990e+06  -7.9097158e-02
   5.4339740e+05   5.4038000e+06  -2.1439024e-03
   5.4341430e+05   5.4038000e+06  -3.5406840e-02
   5.4344070e+05   5.4038000e+06   5.0977749e-02
   5.4350290e+05   5.4038000e+06   2.8613514e-02
   5.4357520e+05   5.4038000e+06   9.6072289e-02
   5.4358430e+05   5.4038000e+06  -1.1231732e-01
   5.4361690e+05   5.4038000e+06   4.1874439e-02
   5.4377340e+05   5.4038000e+06  -9.5186770e-02
   5.4379910e+05   5.4038000e+06  -7.5600887e-02
   5.4385040e+05   5.4038000e+06  -2.2331381e-01
   5.4389110e+05   5.4038000e+06  -1.9380952e-01
   5.4342430e+05   5.4038010e+06   3.5149427e-02
   5.4351680e+05   5.4038010e+06   6.6014689e-02
   5.4364360e+05   5.4038010e+06   7.6018838e-03
   5.4368530e+05   5.4038010e+06  -7.4532177e-02
   5.4370710e+05   5.4038010e+06  -1.2525228e-01
   5.4372380e+05   5.4038010e+06  -1.3106720e-01
   5.4376140e+05   5.4038010e+06   3.7624319e-02
   5.4382680e+05   5.4038010e+06  -3.9713017e-01
   5.4387460e+05   5.4038010e+06  -1.7191784e-01
   5.4345760e+05   5.4038020e+06   4.3688564e-03
   5.4365880e+05   5.4038020e+06  -7.0560479e-02
   5.4375830e+05   5.4038020e+06   1.1418194e-01
   5.4381990e+05   5.4038020e+06  -1.9086199e-02
   5.4383680e+05   5.4038020e+06   2.6020408e-03
   5.4342790e+05   5.4038030e+06   1.2044238e-02
   5.4356380e+05   5.4038030e+06   1.0189049e-01
   5.4359650e+05   5.4038030e+06  -8.3545515e-02
   5.4360350e+05   5.4038030e+06  -2.2737070e-01
   5.4361680e+05   5.4038030e+06  -6.4605563e-02
   5.4363140e+05   5.4038030e+06  -1.2245188e-01
   5.4369860e+05   5.4038030e+06  -3.7801322e-02
   5.4379930e+05   5.4038030e+06  -2.4513717e-02
   5.4380590e+05   5.4038030e+06  -2.3140856e-01
   5.4385850e+05   5.4038030e+06  -1.4667000e-01
   5.4346390e+05   5.4038040e+06   8.9428384e-02
   5.4349810e+05   5.4038040e+06   1.9856865e-01
   5.4352670e+05   5.4038040e+06   2.4412970e-02
   5.4372430e+05   5.4038040e+06  -1.0225527e-01
   5.4377380e+05   5.4038040e+06  -5.1431538e-02
   5.4382000e+05   5.4038040e+06  -1.7504912e-01
   5.4347620e+05   5.4038050e+06  -1.8096774e-02
   5.4355660e+05   5.4038050e+06   3.2922061e-02
   5.4358440e+05   5.4038050e+06  -1.2179192e-01
   5.4358660e+05   5.4038050e+06   2.0449213e-02
   5.4364340e+05   5.4038050e+06  -5.1662791e-02
   5.4364610e+05   5.4038050e+06  -8.3487977e-02
   5.4365880e+05   5.4038050e+06  -1.0010286e-01
   5.4374160e+05   5.4038050e+06  -1.3621329e-01
   5.4389100e+05   5.4038050e+06  -1.4816092e-01
   5.4338490e+05   5.4038060e+06  -2.7057405e-02
   5.4339700e+05   5.4038060e+06   1.3183288e-01
   5.4346720e+05   5.4038060e+06  -8.1382598e-03
   5.4353740e+05   5.4038060e+06  -5.4162031e-03
   5.4357480e+05   5.4038060e+06  -5.2672405e-02
   5.4361690e+05   5.4038060e+06  -7.6798968e-02
   5.4368480e+05   5.4038060e+06  -1.2506667e-01
   5.4375840e+05   5.4038060e+06  -8.5640956e-02
   5.4376190e+05   5.4038060e+06  -6.6689825e-02
   5.4378600e+05   5.4038060e+06  -2.4297778e-01
   5.4383720e+05   5.4038060e+06  -1.9990857e-01
   5.4385070e+05   5.4038060e+06  -3.4130865e-01
   5.4385870e+05   5.4038060e+06  -1.1119075e-01
   5.4387480e+05   5.4038060e+06  -1.2308182e-01
   5.4341380e+05   5.4038070e+06   6.7457901e-02
   5.4342420e+05   5.4038070e+06   1.8987112e-01
   5.4344030e+05   5.4038070e+06  -1.7171005e-01
   5.4350280e+05   5.4038070e+06  -2.4934158e-02
   5.4369790e+05   5.4038070e+06  -1.7942548e-01
   5.4370630e+05   5.4038070e+06   1.1180069e-02
   5.4372480e+05   5.4038070e+06  -1.9883712e-01
   5.4377410e+05   5.4038070e+06   9.9298291e-02
   5.4379960e+05   5.4038070e+06  -1.6303646e-01
   5.4382030e+05   5.4038070e+06  -1.5327778e-01
   5.4348830e+05   5.4038080e+06  -2.6947294e-02
   5.4356360e+05   5.4038080e+06  -6.1074341e-02
   5.4359660e+05   5.4038080e+06  -7.9908973e-02
   5.4360370e+05   5.4038080e+06  -9.7514904e-02
   5.4363090e+05   5.4038080e+06  -3.1512448e-02
   5.4351680e+05   5.4038090e+06   6.6703411e-02
   5.4361680e+05   5.4038090e+06   2.4968034e-02
   5.4364610e+05   5.4038090e+06  -1.7320000e-02
   5.4365890e+05   5.4038090e+06  -9.9724965e-02
   5.4380640e+05   5.4038090e+06  -1.3812541e-01
   5.4382750e+05   5.4038090e+06  -3.0574846e-01
   5.4383740e+05   5.4038090e+06  -1.1391751e-01
   5.4345690e+05   5.4038100e+06   9.1117647e-03
   5.4349810e+05   5.4038100e+06   5.0716321e-02
   5.4355620e+05   5.4038100e+06  -1.0514215e-02
   5.4358610e+05   5.4038100e+06  -7.0115924e-02
   5.4364330e+05   5.4038100e+06  -7.3185237e-02
   5.4368420e+05   5.4038100e+06  -8.7886463e-02
   5.4372530e+05   5.4038100e+06  -1.0384940e-01
   5.4377440e+05   5.4038100e+06   3.2883895e-03
   5.4382050e+05   5.4038100e+06  -1.8005300e-01
   5.4385910e+05   5.4038100e+06  -1.6784690e-01
   5.4389090e+05   5.4038100e+06  -3.3139535e-01
   5.4339660e+05   5.4038110e+06  -3.1599093e-02
   5.4342740e+05   5.4038110e+06  -2.6483028e-02
   5.4352630e+05   5.4038110e+06   5.9787240e-02
   5.4358460e+05   5.4038110e+06  -1.3323963e-02
   5.4374220e+05   5.4038110e+06  -2.8160535e-03
   5.4375880e+05   5.4038110e+06  -2.4513014e-02
   5.4376240e+05   5.4038110e+06   3.4048995e-02
   5.4379990e+05   5.4038110e+06  -1.4856078e-02
   5.4347630e+05   5.4038120e+06  -4.9086034e-02
   5.4357410e+05   5.4038120e+06  -7.6110898e-02
   5.4361670e+05   5.4038120e+06   9.5615750e-02
   5.4365890e+05   5.4038120e+06  -2.0481413e-01
   5.4369730e+05   5.4038120e+06  -2.3613007e-01
   5.4370560e+05   5.4038120e+06  -1.5238892e-01
   5.4385110e+05   5.4038120e+06  -3.1873455e-01
   5.4387490e+05   5.4038120e+06   1.3871711e-01
   5.4342380e+05   5.4038130e+06  -6.2815317e-02
   5.4343960e+05   5.4038130e+06   1.3525563e-01
   5.4346410e+05   5.4038130e+06  -4.8574697e-02
   5.4346630e+05   5.4038130e+06  -2.3759003e-02
   5.4353740e+05   5.4038130e+06  -3.0762187e-02
   5.4356310e+05   5.4038130e+06  -2.0258415e-02
   5.4359680e+05   5.4038130e+06  -5.0839267e-02
   5.4372590e+05   5.4038130e+06  -1.3824509e-01
   5.4378660e+05   5.4038130e+06  -5.7338959e-02
   5.4382070e+05   5.4038130e+06  -1.5556322e-01
   5.4383770e+05   5.4038130e+06  -2.9502727e-01
   5.4385930e+05   5.4038130e+06  -1.8996401e-01
   5.4338440e+05   5.4038140e+06  -1.3670208e-02
   5.4341310e+05   5.4038140e+06   4.0831604e-02
   5.4350270e+05   5.4038140e+06   1.1180693e-02
   5.4360390e+05   5.4038140e+06  -1.3249205e-01
   5.4364630e+05   5.4038140e+06  -2.0621761e-01
   5.4377480e+05   5.4038140e+06  -6.8407871e-03
   5.4380700e+05   5.4038140e+06  -1.9694637e-01
   5.4389080e+05   5.4038140e+06  -2.7161290e-01
   5.4361670e+05   5.4038150e+06   8.3414265e-02
   5.4363040e+05   5.4038150e+06  -6.2620690e-03
   5.4364300e+05   5.4038150e+06  -1.1603226e-01
   5.4365890e+05   5.4038150e+06  -2.8291532e-01
   5.4368360e+05   5.4038150e+06  -5.2024540e-03
   5.4375910e+05   5.4038150e+06  -9.5909722e-02
   5.4380010e+05   5.4038150e+06  -1.7612402e-01
   5.4351680e+05   5.4038160e+06   1.3651388e-01
   5.4358470e+05   5.4038160e+06   4.3650619e-02
   5.4372630e+05   5.4038160e+06  -1.2547830e-01
   5.4374280e+05   5.4038160e+06   3.4975530e-03
   5.4376290e+05   5.4038160e+06  -7.8050629e-02
   5.4382810e+05   5.4038160e+06  -1.8705215e-01
   5.4339620e+05   5.4038170e+06   7.0368922e-02
   5.4348830e+05   5.4038170e+06  -1.8702492e-02
   5.4349820e+05   5.4038170e+06   1.4849277e-01
   5.4355600e+05   5.4038170e+06  -6.0557562e-02
   5.4358560e+05   5.4038170e+06  -4.5726817e-02
   5.4369640e+05   5.4038170e+06  -1.8367123e-02
   5.4377510e+05   5.4038170e+06  -8.5167737e-02
   5.4382090e+05   5.4038170e+06  -2.1252846e-01
   5.4383800e+05   5.4038170e+06  -5.1395349e-02
   5.4387510e+05   5.4038170e+06  -2.6709841e-01
   5.4342680e+05   5.4038180e+06  -6.4609892e-02
   5.4352590e+05   5.4038180e+06  -5.8745283e-03
   5.4357360e+05   5.4038180e+06  -6.0607320e-02
   5.4359680e+05   5.4038180e+06  -2.9418986e-02
   5.4361660e+05   5.4038180e+06   7.4839832e-02
   5.4375910e+05   5.4038180e+06   3.6298658e-03
   5.4385140e+05   5.4038180e+06  -3.0918011e-01
   5.4385970e+05   5.4038180e+06  -2.7775173e-01
   5.4342350e+05   5.4038190e+06  -3.0702222e-02
   5.4345610e+05   5.4038190e+06   1.8844647e-02
   5.4346560e+05   5.4038190e+06   2.4743731e-01
   5.4356270e+05   5.4038190e+06  -1.6655872e-02
   5.4364290e+05   5.4038190e+06  -1.3727919e-01
   5.4364640e+05   5.4038190e+06  -1.4744020e-01
   5.4370480e+05   5.4038190e+06  -3.3582398e-02
   5.4372690e+05   5.4038190e+06  -1.4864844e-01
   5.4380040e+05   5.4038190e+06  -1.3028108e-01
   5.4341250e+05   5.4038200e+06  -2.5530134e-02
   5.4347650e+05   5.4038200e+06   4.8419811e-02
   5.4350260e+05   5.4038200e+06   3.7734317e-02
   5.4360420e+05   5.4038200e+06  -4.8223338e-02
   5.4363000e+05   5.4038200e+06  -5.8935361e-02
   5.4365900e+05   5.4038200e+06  -2.3623395e-02
   5.4368320e+05   5.4038200e+06  -1.4125480e-01
   5.4374320e+05   5.4038200e+06  -1.0433523e-01
   5.4378730e+05   5.4038200e+06  -1.5511694e-01
   5.4380760e+05   5.4038200e+06  -1.1098039e-01
   5.4382120e+05   5.4038200e+06  -1.5434839e-01
   5.4383830e+05   5.4038200e+06  -2.3210439e-01
   5.4389080e+05   5.4038200e+06  -1.9032815e-01
   5.4343890e+05   5.4038210e+06  -4.5534736e-02
   5.4346430e+05   5.4038210e+06   4.9217076e-02
   5.4353740e+05   5.4038210e+06  -2.0132301e-02
   5.4361650e+05   5.4038210e+06   4.7130697e-02
   5.4377550e+05   5.4038210e+06  -4.1691558e-02
   5.4338390e+05   5.4038220e+06  -2.2676225e-03
   5.4355560e+05   5.4038220e+06  -1.4492980e-02
   5.4369550e+05   5.4038220e+06  -1.2070079e-01
   5.4376360e+05   5.4038220e+06  -4.9341176e-02
   5.4386000e+05   5.4038220e+06  -1.7600000e-01
   5.4387520e+05   5.4038220e+06  -2.2639119e-01
   5.4339580e+05   5.4038230e+06   3.4579557e-02
   5.4349830e+05   5.4038230e+06   4.1507212e-02
   5.4351680e+05   5.4038230e+06   7.7396419e-02
   5.4357300e+05   5.4038230e+06  -3.7888367e-02
   5.4358490e+05   5.4038230e+06  -9.7032041e-02
   5.4359690e+05   5.4038230e+06  -1.2686059e-01
   5.4372760e+05   5.4038230e+06  -8.6561127e-02
   5.4374360e+05   5.4038230e+06  -2.8817991e-02
   5.4375950e+05   5.4038230e+06  -1.5823410e-01
   5.4380070e+05   5.4038230e+06  -9.5260095e-02
   5.4382860e+05   5.4038230e+06  -2.3008121e-01
   5.4383840e+05   5.4038230e+06  -1.7176872e-01
   5.4358500e+05   5.4038240e+06  -6.1346633e-03
   5.4364270e+05   5.4038240e+06  -1.0167012e-01
   5.4364640e+05   5.4038240e+06  -3.8603191e-02
   5.4365910e+05   5.4038240e+06  -1.1515262e-01
   5.4377580e+05   5.4038240e+06  -1.3590997e-01
   5.4382140e+05   5.4038240e+06  -2.3619330e-01
   5.4385180e+05   5.4038240e+06  -2.5500800e-01
   5.4342610e+05   5.4038250e+06   1.2275550e-01
   5.4348820e+05   5.4038250e+06  -2.6908696e-02
   5.4352560e+05   5.4038250e+06  -4.4859324e-02
   5.4360450e+05   5.4038250e+06   4.5023271e-02
   5.4361660e+05   5.4038250e+06  -1.3412204e-03
   5.4370390e+05   5.4038250e+06  -2.0898940e-01
   5.4389060e+05   5.4038250e+06  -2.6014815e-01
   5.4341180e+05   5.4038260e+06  -4.8952062e-02
   5.4342310e+05   5.4038260e+06  -1.1642477e-01
   5.4350260e+05   5.4038260e+06  -9.9724138e-04
   5.4356230e+05   5.4038260e+06   9.0940329e-02
   5.4362950e+05   5.4038260e+06  -3.1641026e-03
   5.4368260e+05   5.4038260e+06  -6.8667717e-02
   5.4380820e+05   5.4038260e+06  -1.2107477e-01
   5.4346490e+05   5.4038270e+06   3.0902245e-01
   5.4365910e+05   5.4038270e+06  -8.6918797e-02
   5.4372830e+05   5.4038270e+06   3.9720898e-02
   5.4374410e+05   5.4038270e+06  -8.3848224e-02
   5.4378800e+05   5.4038270e+06  -1.8661247e-01
   5.4380100e+05   5.4038270e+06  -1.2947275e-01
   5.4383880e+05   5.4038270e+06  -1.8940475e-01
   5.4386040e+05   5.4038270e+06  -2.4971582e-01
   5.4343830e+05   5.4038280e+06   1.5437408e-01
   5.4345530e+05   5.4038280e+06   2.4977652e-02
   5.4347670e+05   5.4038280e+06  -1.1680310e-01
   5.4359700e+05   5.4038280e+06  -4.4361677e-02
   5.4364650e+05   5.4038280e+06  -1.6827404e-02
   5.4369460e+05   5.4038280e+06  -8.3879948e-02
   5.4375980e+05   5.4038280e+06  -1.8830538e-01
   5.4376420e+05   5.4038280e+06  -8.6862059e-02
   5.4377620e+05   5.4038280e+06  -1.8313966e-01
   5.4382160e+05   5.4038280e+06  -1.8068950e-01
   5.4387540e+05   5.4038280e+06  -2.6257238e-01
   5.4353740e+05   5.4038290e+06   6.3292841e-02
   5.4355540e+05   5.4038290e+06   1.5034426e-01
   5.4357240e+05   5.4038290e+06   5.0593309e-02
   5.4361640e+05   5.4038290e+06   3.0400000e-03
   5.4364250e+05   5.4038290e+06  -7.9501217e-02
   5.4338340e+05   5.4038300e+06   2.5692903e-02
   5.4346460e+05   5.4038300e+06   1.4397253e-01
   5.4351690e+05   5.4038300e+06   8.5535308e-04
   5.4358450e+05   5.4038300e+06   1.3840192e-01
   5.4358510e+05   5.4038300e+06  -4.3828143e-02
   5.4370310e+05   5.4038300e+06  -1.5244029e-01
   5.4382920e+05   5.4038300e+06  -2.1648901e-01
   5.4385210e+05   5.4038300e+06  -2.2130392e-01
   5.4389050e+05   5.4038300e+06  -1.3821138e-01
   5.4339530e+05   5.4038310e+06   4.4983979e-02
   5.4349840e+05   5.4038310e+06  -1.6107253e-02
   5.4362910e+05   5.4038310e+06  -4.0030000e-02
   5.4368190e+05   5.4038310e+06  -1.1768617e-02
   5.4380130e+05   5.4038310e+06  -3.1121698e-02
   5.4383910e+05   5.4038310e+06  -2.1475371e-01
   5.4386070e+05   5.4038310e+06  -2.2277755e-01
   5.4342560e+05   5.4038320e+06   5.5866831e-02
   5.4352510e+05   5.4038320e+06  -2.3514871e-02
   5.4356190e+05   5.4038320e+06   7.1372149e-02
   5.4360470e+05   5.4038320e+06  -1.3812644e-01
   5.4365910e+05   5.4038320e+06  -9.2358284e-02
   5.4372910e+05   5.4038320e+06  -1.1677767e-01
   5.4374460e+05   5.4038320e+06  -1.5123144e-01
   5.4377660e+05   5.4038320e+06  -1.0616503e-01
   5.4380890e+05   5.4038320e+06  -4.4855556e-02
   5.4341140e+05   5.4038330e+06   6.3722901e-02
   5.4342280e+05   5.4038330e+06  -1.1772199e-01
   5.4350260e+05   5.4038330e+06   6.4838782e-03
   5.4359700e+05   5.4038330e+06  -2.9481303e-03
   5.4361640e+05   5.4038330e+06   3.9676355e-02
   5.4364660e+05   5.4038330e+06  -9.2134860e-03
   5.4376010e+05   5.4038330e+06  -1.1809769e-01
   5.4378860e+05   5.4038330e+06  -1.8183244e-01
   5.4382210e+05   5.4038330e+06  -1.4525634e-01
   5.4387560e+05   5.4038330e+06  -2.6159636e-01
   5.4346410e+05   5.4038340e+06   7.0669718e-02
   5.4347670e+05   5.4038340e+06  -3.9035084e-02
   5.4348810e+05   5.4038340e+06   7.6358255e-02
   5.4357190e+05   5.4038340e+06   1.1655294e-01
   5.4369380e+05   5.4038340e+06  -3.1592258e-02
   5.4376480e+05   5.4038340e+06  -5.7847826e-02
   5.4380150e+05   5.4038340e+06  -1.4635372e-01
   5.4343760e+05   5.4038350e+06   7.2452645e-02
   5.4355510e+05   5.4038350e+06   1.2087607e-01
   5.4364240e+05   5.4038350e+06  -1.4356436e-02
   5.4377700e+05   5.4038350e+06  -1.2424321e-01
   5.4383940e+05   5.4038350e+06  -2.3337421e-01
   5.4386100e+05   5.4038350e+06  -6.9427002e-02
   5.4389040e+05   5.4038350e+06  -2.1241427e-01
   5.4358410e+05   5.4038360e+06  -6.1983871e-03
   5.4362860e+05   5.4038360e+06  -1.0657820e-02
   5.4382960e+05   5.4038360e+06  -2.0981170e-01
   5.4385260e+05   5.4038360e+06  -1.5545097e-01
   5.4345460e+05   5.4038370e+06  -3.9600213e-02
   5.4349840e+05   5.4038370e+06   2.2181490e-02
   5.4351680e+05   5.4038370e+06   9.7427293e-03
   5.4353750e+05   5.4038370e+06   1.3172847e-01
   5.4364670e+05   5.4038370e+06  -5.6591696e-02
   5.4368120e+05   5.4038370e+06   2.2855657e-02
   5.4370240e+05   5.4038370e+06  -1.9336446e-02
   5.4374510e+05   5.4038370e+06   3.7216737e-02
   5.4376030e+05   5.4038370e+06  -3.5813084e-02
   5.4382230e+05   5.4038370e+06  -4.8616296e-02
   5.4338280e+05   5.4038380e+06   3.4586565e-02
   5.4339460e+05   5.4038380e+06  -9.2009323e-02
   5.4342500e+05   5.4038380e+06  -5.8720801e-02
   5.4346480e+05   5.4038380e+06   3.4689749e-02
   5.4356140e+05   5.4038380e+06  -1.0260304e-03
   5.4358530e+05   5.4038380e+06   6.4481319e-02
   5.4360490e+05   5.4038380e+06  -9.7530398e-02
   5.4361630e+05   5.4038380e+06   1.4106859e-01
   5.4365920e+05   5.4038380e+06  -7.3740254e-02
   5.4373000e+05   5.4038380e+06  -2.1045752e-02
   5.4380950e+05   5.4038380e+06  -1.4030435e-01
   5.4341080e+05   5.4038390e+06  -5.2341486e-02
   5.4350240e+05   5.4038390e+06   1.5908520e-02
   5.4352480e+05   5.4038390e+06   1.3560538e-01
   5.4359710e+05   5.4038390e+06   1.3993412e-02
   5.4377740e+05   5.4038390e+06  -7.2800000e-02
   5.4380180e+05   5.4038390e+06  -1.0579321e-01
   5.4386130e+05   5.4038390e+06  -5.8030735e-02
   5.4387580e+05   5.4038390e+06  -1.2336587e-01
   5.4357130e+05   5.4038400e+06   1.9980813e-02
   5.4362820e+05   5.4038400e+06  -1.0519031e-02
   5.4376540e+05   5.4038400e+06   1.5305177e-02
   5.4378930e+05   5.4038400e+06  -3.5118785e-02
   5.4383970e+05   5.4038400e+06  -1.5810751e-01
   5.4389030e+05   5.4038400e+06  -2.0933504e-01
   5.4342240e+05   5.4038410e+06  -1.4906573e-02
   5.4347680e+05   5.4038410e+06   8.9131492e-03
   5.4364220e+05   5.4038410e+06  -1.8848535e-02
   5.4369290e+05   5.4038410e+06  -6.6486496e-02
   5.4343710e+05   5.4038420e+06  -1.9086266e-01
   5.4346320e+05   5.4038420e+06  -1.4518185e-01
   5.4355470e+05   5.4038420e+06   4.5668790e-04
   5.4358360e+05   5.4038420e+06   1.2102613e-01
   5.4361630e+05   5.4038420e+06   8.6247202e-02
   5.4364680e+05   5.4038420e+06  -1.8882614e-02
   5.4370160e+05   5.4038420e+06  -1.1432865e-01
   5.4374580e+05   5.4038420e+06   4.0425303e-02
   5.4376060e+05   5.4038420e+06  -4.4369962e-02
   5.4382260e+05   5.4038420e+06  -1.1188031e-01
   5.4385290e+05   5.4038420e+06  -8.4428690e-02
   5.4348790e+05   5.4038430e+06   3.9238365e-02
   5.4365930e+05   5.4038430e+06   1.1335173e-01
   5.4368060e+05   5.4038430e+06  -2.4863059e-02
   5.4373090e+05   5.4038430e+06  -5.1995296e-02
   5.4377770e+05   5.4038430e+06  -9.8526707e-02
   5.4383030e+05   5.4038430e+06  -9.7416159e-02
   5.4386160e+05   5.4038430e+06  -6.8185351e-03
   5.4339430e+05   5.4038440e+06  -2.2583393e-02
   5.4345380e+05   5.4038440e+06  -4.6636150e-02
   5.4349840e+05   5.4038440e+06   9.8617831e-02
   5.4353750e+05   5.4038440e+06   1.1643357e-01
   5.4380210e+05   5.4038440e+06  -1.0906978e-01
   5.4381010e+05   5.4038440e+06  -1.2134324e-01
   5.4384000e+05   5.4038440e+06  -1.4676617e-01
   5.4342460e+05   5.4038450e+06   8.2534704e-02
   5.4351680e+05   5.4038450e+06   2.9767092e-01
   5.4356100e+05   5.4038450e+06   9.8714953e-02
   5.4359730e+05   5.4038450e+06   8.5686967e-02
   5.4360530e+05   5.4038450e+06   9.0847087e-02
   5.4387610e+05   5.4038450e+06  -1.4356147e-01
   5.4389020e+05   5.4038450e+06  -9.5244565e-02
   5.4341010e+05   5.4038460e+06  -9.0095270e-02
   5.4346500e+05   5.4038460e+06  -2.6293103e-02
   5.4357090e+05   5.4038460e+06  -4.5007867e-02
   5.4358550e+05   5.4038460e+06   1.2684328e-01
   5.4362780e+05   5.4038460e+06   1.9117257e-02
   5.4376090e+05   5.4038460e+06  -5.2201196e-02
   5.4376610e+05   5.4038460e+06   3.3177195e-02
   5.4338210e+05   5.4038470e+06  -6.9483579e-02
   5.4350240e+05   5.4038470e+06   6.2810268e-02
   5.4352440e+05   5.4038470e+06   6.7234286e-02
   5.4361620e+05   5.4038470e+06   9.4257211e-02
   5.4364190e+05   5.4038470e+06   3.1914370e-02
   5.4364680e+05   5.4038470e+06   5.8361335e-03
   5.4365930e+05   5.4038470e+06   1.2849413e-01
   5.4369190e+05   5.4038470e+06   3.4775643e-02
   5.4373160e+05   5.4038470e+06   5.6983658e-02
   5.4374630e+05   5.4038470e+06  -2.1011487e-02
   5.4378990e+05   5.4038470e+06  -5.2030702e-02
   5.4382290e+05   5.4038470e+06  -4.2834954e-02
   5.4386180e+05   5.4038470e+06  -9.3368952e-02
   5.4347710e+05   5.4038480e+06  -3.0526674e-02
   5.4355430e+05   5.4038480e+06   3.2106508e-02
   5.4358310e+05   5.4038480e+06   1.1822247e-01
   5.4370080e+05   5.4038480e+06   2.4583415e-02
   5.4377830e+05   5.4038480e+06   6.2969168e-02
   5.4380240e+05   5.4038480e+06   2.3968212e-03
   5.4385330e+05   5.4038480e+06  -5.9021494e-02
   5.4343660e+05   5.4038490e+06  -1.5449886e-02
   5.4346240e+05   5.4038490e+06   1.8965661e-01
   5.4367990e+05   5.4038490e+06   4.8146024e-02
   5.4384040e+05   5.4038490e+06  -5.4057956e-02
   5.4342200e+05   5.4038500e+06  -5.8449438e-02
   5.4381080e+05   5.4038500e+06  -6.3463415e-02
   5.4383080e+05   5.4038500e+06  -8.3201970e-02
   5.4387610e+05   5.4038500e+06  -7.6765685e-02
   5.4339380e+05   5.4038510e+06  -1.1290730e-01
   5.4342390e+05   5.4038510e+06   8.8449611e-02
   5.4348780e+05   5.4038510e+06   3.1084589e-02
   5.4356060e+05   5.4038510e+06   1.1092281e-01
   5.4359740e+05   5.4038510e+06  -1.8481497e-02
   5.4362740e+05   5.4038510e+06  -7.4155676e-03
   5.4376110e+05   5.4038510e+06  -1.4798095e-02
   5.4382330e+05   5.4038510e+06   1.3200399e-02
   5.4386230e+05   5.4038510e+06  -1.8400011e-01
   5.4389010e+05   5.4038510e+06  -1.1483436e-01
   5.4349860e+05   5.4038520e+06   3.4135141e-02
   5.4351690e+05   5.4038520e+06   7.4902462e-02
   5.4353760e+05   5.4038520e+06   1.4398188e-01
   5.4357030e+05   5.4038520e+06   1.1432381e-01
   5.4361620e+05   5.4038520e+06   1.2155412e-01
   5.4364180e+05   5.4038520e+06   2.5892971e-02
   5.4364690e+05   5.4038520e+06   9.7777400e-02
   5.4365930e+05   5.4038520e+06   1.3500566e-02
   5.4373230e+05   5.4038520e+06  -3.7766893e-02
   5.4374680e+05   5.4038520e+06   1.0610852e-01
   5.4376660e+05   5.4038520e+06   1.3085714e-02
   5.4377870e+05   5.4038520e+06   6.2012352e-02
   5.4340940e+05   5.4038530e+06  -9.0963355e-02
   5.4345310e+05   5.4038530e+06  -4.3334230e-02
   5.4358570e+05   5.4038530e+06   5.7609692e-02
   5.4360550e+05   5.4038530e+06   3.5920556e-02
   5.4369110e+05   5.4038530e+06  -7.5706278e-03
   5.4380270e+05   5.4038530e+06   1.1482781e-02
   5.4384060e+05   5.4038530e+06  -7.9984077e-02
   5.4346520e+05   5.4038540e+06  -3.7962328e-02
   5.4347720e+05   5.4038540e+06  -7.2577586e-03
   5.4358270e+05   5.4038540e+06  -2.0404632e-02
   5.4369990e+05   5.4038540e+06  -6.7940803e-02
   5.4386250e+05   5.4038540e+06  -1.0914706e-01
   5.4338160e+05   5.4038550e+06   1.6428035e-02
   5.4343590e+05   5.4038550e+06  -7.9080922e-02
   5.4350230e+05   5.4038550e+06   6.3033101e-02
   5.4352390e+05   5.4038550e+06   2.4385589e-02
   5.4355400e+05   5.4038550e+06   4.5302530e-02
   5.4379060e+05   5.4038550e+06   1.7527500e-02
   5.4385380e+05   5.4038550e+06  -7.2016807e-02
   5.4346160e+05   5.4038560e+06   8.2395227e-02
   5.4362700e+05   5.4038560e+06   6.6243458e-02
   5.4365940e+05   5.4038560e+06   2.1270089e-02
   5.4367910e+05   5.4038560e+06   2.2511685e-02
   5.4374740e+05   5.4038560e+06   1.0795343e-02
   5.4376140e+05   5.4038560e+06  -1.2413953e-03
   5.4381140e+05   5.4038560e+06   6.7607926e-02
   5.4382360e+05   5.4038560e+06  -8.5427136e-05
   5.4387630e+05   5.4038560e+06  -5.4592602e-02
   5.4342340e+05   5.4038570e+06  -3.3255260e-02
   5.4356010e+05   5.4038570e+06   2.5595341e-02
   5.4359740e+05   5.4038570e+06   3.8334372e-02
   5.4361610e+05   5.4038570e+06   1.5742819e-01
   5.4373320e+05   5.4038570e+06   1.0692997e-01
   5.4377920e+05   5.4038570e+06   9.6799478e-02
   5.4380300e+05   5.4038570e+06  -3.0561466e-02
   5.4388990e+05   5.4038570e+06  -5.0706049e-02
   5.4339330e+05   5.4038580e+06   7.4209750e-02
   5.4342170e+05   5.4038580e+06   6.2019643e-02
   5.4348770e+05   5.4038580e+06  -9.5333333e-04
   5.4364160e+05   5.4038580e+06   7.0609414e-02
   5.4364710e+05   5.4038580e+06   4.5886420e-02
   5.4376720e+05   5.4038580e+06   1.3531623e-01
   5.4384110e+05   5.4038580e+06  -6.8595809e-02
   5.4386280e+05   5.4038580e+06  -3.6089216e-02
   5.4340890e+05   5.4038590e+06   9.7386897e-03
   5.4349860e+05   5.4038590e+06  -2.1642038e-02
   5.4356980e+05   5.4038590e+06  -9.1828820e-02
   5.4369010e+05   5.4038590e+06   1.6523705e-02
   5.4383140e+05   5.4038590e+06   8.3741444e-02
   5.4351690e+05   5.4038600e+06  -2.0159188e-02
   5.4353750e+05   5.4038600e+06  -9.8076923e-02
   5.4358210e+05   5.4038600e+06   1.5154835e-01
   5.4358590e+05   5.4038600e+06  -1.4256545e-02
   5.4360590e+05   5.4038600e+06   5.8117909e-02
   5.4362650e+05   5.4038600e+06   2.4671466e-01
   5.4374780e+05   5.4038600e+06   9.0101695e-03
   5.4343550e+05   5.4038610e+06   1.1326078e-01
   5.4345250e+05   5.4038610e+06   2.1231721e-03
   5.4346540e+05   5.4038610e+06   2.3595991e-02
   5.4347740e+05   5.4038610e+06  -5.9743590e-04
   5.4355370e+05   5.4038610e+06   8.1330778e-02
   5.4361600e+05   5.4038610e+06   1.6457869e-01
   5.4369910e+05   5.4038610e+06   1.0875647e-01
   5.4379120e+05   5.4038610e+06  -1.2817613e-02
   5.4385410e+05   5.4038610e+06   7.8038177e-02
   5.4386300e+05   5.4038610e+06  -1.6701583e-02
   5.4387660e+05   5.4038610e+06  -1.6694737e-02
   5.4365940e+05   5.4038620e+06   1.5530529e-02
   5.4373400e+05   5.4038620e+06   1.1253563e-01
   5.4376180e+05   5.4038620e+06   4.5653864e-02
   5.4377960e+05   5.4038620e+06   4.0200957e-02
   5.4380330e+05   5.4038620e+06   1.4490584e-02
   5.4381210e+05   5.4038620e+06  -6.1779083e-03
   5.4382390e+05   5.4038620e+06   2.9082020e-02
   5.4338100e+05   5.4038630e+06  -4.4060914e-02
   5.4346090e+05   5.4038630e+06   8.7141176e-02
   5.4350220e+05   5.4038630e+06  -9.6375000e-03
   5.4352350e+05   5.4038630e+06   4.0998878e-02
   5.4355980e+05   5.4038630e+06  -5.7664136e-02
   5.4359750e+05   5.4038630e+06   9.4583778e-03
   5.4364140e+05   5.4038630e+06   9.2921889e-02
   5.4367850e+05   5.4038630e+06   6.4840858e-02
   5.4384140e+05   5.4038630e+06  -6.5228027e-02
   5.4342290e+05   5.4038640e+06   1.2849448e-01
   5.4374830e+05   5.4038640e+06   9.6446931e-02
   5.4376780e+05   5.4038640e+06   1.0500713e-01
   5.4388980e+05   5.4038640e+06   7.2763827e-02
   5.4339280e+05   5.4038650e+06   1.1384685e-01
   5.4340830e+05   5.4038650e+06  -1.0963251e-01
   5.4342130e+05   5.4038650e+06   7.8841816e-02
   5.4356900e+05   5.4038650e+06  -5.4909548e-02
   5.4364720e+05   5.4038650e+06   1.2879763e-01
   5.4386330e+05   5.4038650e+06  -3.9847575e-02
   5.4387660e+05   5.4038650e+06   3.3769697e-03
   5.4343490e+05   5.4038660e+06  -7.1002433e-03
   5.4348770e+05   5.4038660e+06  -5.0226342e-02
   5.4358610e+05   5.4038660e+06  -3.9368997e-02
   5.4361590e+05   5.4038660e+06   3.5879872e-02
   5.4362620e+05   5.4038660e+06   1.5987904e-01
   5.4365940e+05   5.4038660e+06   2.5809288e-01
   5.4368920e+05   5.4038660e+06   3.9549727e-02
   5.4373480e+05   5.4038660e+06   1.0273166e-01
   5.4347740e+05   5.4038670e+06   7.5505855e-02
   5.4355340e+05   5.4038670e+06   3.4432308e-02
   5.4358170e+05   5.4038670e+06   1.2273424e-01
   5.4360610e+05   5.4038670e+06   5.7016282e-02
   5.4369830e+05   5.4038670e+06   7.2554186e-02
   5.4376210e+05   5.4038670e+06  -3.1225608e-02
   5.4378010e+05   5.4038670e+06   1.3999108e-01
   5.4379180e+05   5.4038670e+06   5.8280815e-02
   5.4380380e+05   5.4038670e+06   2.6546901e-02
   5.4382440e+05   5.4038670e+06   8.8697229e-02
   5.4383210e+05   5.4038670e+06   4.8857247e-02
   5.4384180e+05   5.4038670e+06  -3.6173064e-02
   5.4346560e+05   5.4038680e+06  -2.2632618e-02
   5.4349880e+05   5.4038680e+06  -9.8788683e-02
   5.4351690e+05   5.4038680e+06  -1.3594761e-01
   5.4353760e+05   5.4038680e+06  -2.0133515e-01
   5.4359760e+05   5.4038680e+06   3.2983749e-02
   5.4367780e+05   5.4038680e+06   1.0974994e-01
   5.4374870e+05   5.4038680e+06   5.0289492e-02
   5.4381270e+05   5.4038680e+06   6.9642875e-02
   5.4385460e+05   5.4038680e+06  -1.7160137e-02
   5.4338060e+05   5.4038690e+06  -1.7380531e-01
   5.4342240e+05   5.4038690e+06  -6.9063693e-02
   5.4345180e+05   5.4038690e+06  -5.1860110e-02
   5.4364130e+05   5.4038690e+06   1.2050605e-01
   5.4376840e+05   5.4038690e+06  -2.5940381e-02
   5.4386370e+05   5.4038690e+06   3.8360194e-02
   5.4387680e+05   5.4038690e+06  -2.4877803e-02
   5.4340780e+05   5.4038700e+06  -1.2843358e-01
   5.4346010e+05   5.4038700e+06   2.6670520e-02
   5.4350210e+05   5.4038700e+06  -2.9613924e-02
   5.4355930e+05   5.4038700e+06   4.4278889e-02
   5.4362580e+05   5.4038700e+06   1.1562946e-01
   5.4365950e+05   5.4038700e+06   1.8839662e-02
   5.4352310e+05   5.4038710e+06  -7.2992354e-02
   5.4356840e+05   5.4038710e+06  -6.5742999e-02
   5.4361580e+05   5.4038710e+06   3.9176955e-04
   5.4373560e+05   5.4038710e+06   5.1001115e-02
   5.4374910e+05   5.4038710e+06   9.6400215e-03
   5.4376230e+05   5.4038710e+06   4.5170146e-02
   5.4388970e+05   5.4038710e+06   3.7715542e-02
   5.4339230e+05   5.4038720e+06  -1.6789694e-01
   5.4342100e+05   5.4038720e+06  -1.6214234e-01
   5.4343460e+05   5.4038720e+06  -7.3420519e-02
   5.4348750e+05   5.4038720e+06  -1.0022395e-01
   5.4355310e+05   5.4038720e+06   1.6844920e-03
   5.4358630e+05   5.4038720e+06  -1.0403527e-02
   5.4364730e+05   5.4038720e+06   3.5010043e-02
   5.4368820e+05   5.4038720e+06   1.1738157e-01
   5.4378080e+05   5.4038720e+06   7.0921170e-02
   5.4380410e+05   5.4038720e+06   3.5568009e-02
   5.4382460e+05   5.4038720e+06   4.9208491e-02
   5.4384230e+05   5.4038720e+06   3.6215439e-02
   5.4387690e+05   5.4038720e+06  -2.7588989e-02
   5.4342210e+05   5.4038730e+06  -4.1836723e-02
   5.4358110e+05   5.4038730e+06   4.7793502e-02
   5.4367730e+05   5.4038730e+06   6.7124945e-02
   5.4369760e+05   5.4038730e+06   1.0437526e-01
   5.4379240e+05   5.4038730e+06   1.3804216e-01
   5.4385480e+05   5.4038730e+06   5.2051490e-02
   5.4386400e+05   5.4038730e+06   4.6344828e-03
   5.4338020e+05   5.4038740e+06  -1.2178964e-01
   5.4346580e+05   5.4038740e+06  -8.0559488e-02
   5.4347760e+05   5.4038740e+06  -1.2772117e-01
   5.4360640e+05   5.4038740e+06  -2.5268795e-03
   5.4362540e+05   5.4038740e+06   2.5197471e-02
   5.4381330e+05   5.4038740e+06   9.5185194e-02
   5.4340740e+05   5.4038750e+06  -2.0235417e-01
   5.4345120e+05   5.4038750e+06  -1.5915686e-01
   5.4349880e+05   5.4038750e+06  -1.9944123e-01
   5.4359780e+05   5.4038750e+06   1.8066596e-02
   5.4364100e+05   5.4038750e+06   2.9077413e-02
   5.4365960e+05   5.4038750e+06   1.5962461e-02
   5.4376260e+05   5.4038750e+06   3.9860619e-02
   5.4376900e+05   5.4038750e+06   1.8659494e-01
   5.4383280e+05   5.4038750e+06   5.5439625e-02
   5.4342190e+05   5.4038760e+06  -1.3304260e-01
   5.4343410e+05   5.4038760e+06  -1.0121901e-01
   5.4345930e+05   5.4038760e+06  -1.3144898e-01
   5.4351700e+05   5.4038760e+06   1.8541755e-01
   5.4361580e+05   5.4038760e+06   5.2348596e-02
   5.4374960e+05   5.4038760e+06   1.2046118e-01
   5.4378110e+05   5.4038760e+06   1.3336504e-01
   5.4385510e+05   5.4038760e+06   6.4318430e-02
   5.4387700e+05   5.4038760e+06   3.1116061e-02
   5.4348760e+05   5.4038770e+06  -7.6584519e-02
   5.4358640e+05   5.4038770e+06  -4.0913828e-02
   5.4373670e+05   5.4038770e+06   4.4935590e-02
   5.4382500e+05   5.4038770e+06   1.2577951e-02
   5.4384260e+05   5.4038770e+06   5.3822764e-02
   5.4386430e+05   5.4038770e+06  -2.6793880e-02
   5.4339190e+05   5.4038780e+06  -2.0458366e-01
   5.4342070e+05   5.4038780e+06  -5.4832721e-02
   5.4350200e+05   5.4038780e+06  -1.0348028e-03
   5.4352270e+05   5.4038780e+06  -1.1155440e-01
   5.4353760e+05   5.4038780e+06  -1.2612792e-01
   5.4355280e+05   5.4038780e+06   8.7704572e-02
   5.4356790e+05   5.4038780e+06  -5.3188922e-02
   5.4362510e+05   5.4038780e+06  -2.2940741e-02
   5.4367660e+05   5.4038780e+06   1.1420407e-01
   5.4368720e+05   5.4038780e+06   1.6230225e-01
   5.4369680e+05   5.4038780e+06   4.8048328e-02
   5.4380450e+05   5.4038780e+06   1.7614341e-01
   5.4388960e+05   5.4038780e+06  -7.2377894e-02
   5.4337990e+05   5.4038790e+06  -1.8986175e-02
   5.4340710e+05   5.4038790e+06  -2.6752684e-01
   5.4342160e+05   5.4038790e+06  -4.3240348e-02
   5.4346580e+05   5.4038790e+06  -2.1250813e-01
   5.4347780e+05   5.4038790e+06  -8.2247732e-02
   5.4355860e+05   5.4038790e+06  -6.7599600e-02
   5.4364750e+05   5.4038790e+06  -4.3639922e-02
   5.4376280e+05   5.4038790e+06  -3.2735576e-02
   5.4379290e+05   5.4038790e+06   8.8366824e-02
   5.4343380e+05   5.4038800e+06  -2.4909688e-02
   5.4345080e+05   5.4038800e+06  -1.5445399e-01
   5.4358060e+05   5.4038800e+06   9.1141876e-02
   5.4360660e+05   5.4038800e+06  -4.9140625e-02
   5.4365970e+05   5.4038800e+06   6.2487568e-02
   5.4378160e+05   5.4038800e+06   1.4155231e-01
   5.4381390e+05   5.4038800e+06   4.1632054e-02
   5.4385520e+05   5.4038800e+06   7.1633373e-02
   5.4387710e+05   5.4038800e+06   4.5121637e-02
   5.4345880e+05   5.4038810e+06  -8.6524812e-02
   5.4361570e+05   5.4038810e+06  -2.5233673e-03
   5.4364090e+05   5.4038810e+06  -7.3477557e-02
   5.4375020e+05   5.4038810e+06   1.5392422e-01
   5.4376960e+05   5.4038810e+06   2.4462385e-01
   5.4386460e+05   5.4038810e+06   1.2058193e-01
   5.4342050e+05   5.4038820e+06   1.7148707e-02
   5.4342140e+05   5.4038820e+06   2.6949677e-02
   5.4348740e+05   5.4038820e+06  -1.1563193e-01
   5.4355260e+05   5.4038820e+06  -2.0122318e-02
   5.4383330e+05   5.4038820e+06   1.9105947e-02
   5.4337960e+05   5.4038830e+06   1.0553086e+00
   5.4339160e+05   5.4038830e+06   1.5547413e+00
   5.4342130e+05   5.4038830e+06  -3.8948298e-02
   5.4343340e+05   5.4038830e+06  -1.7127429e-01
   5.4346590e+05   5.4038830e+06  -1.5092283e-01
   5.4349890e+05   5.4038830e+06  -1.3649416e-01
   5.4350190e+05   5.4038830e+06  -1.2036034e-01
   5.4356730e+05   5.4038830e+06   7.3524166e-02
   5.4358650e+05   5.4038830e+06   6.6221667e-02
   5.4362480e+05   5.4038830e+06   5.2044540e-02
   5.4367630e+05   5.4038830e+06   2.8484401e-02
   5.4373760e+05   5.4038830e+06   6.8370419e-02
   5.4376300e+05   5.4038830e+06  -8.6910995e-04
   5.4382540e+05   5.4038830e+06   2.9594667e-02
   5.4384300e+05   5.4038830e+06   6.8529954e-02
   5.4385540e+05   5.4038830e+06   3.0102352e-02
   5.4345040e+05   5.4038840e+06  -1.3954009e-01
   5.4347780e+05   5.4038840e+06  -1.3482420e-01
   5.4352230e+05   5.4038840e+06   1.5090909e-02
   5.4359790e+05   5.4038840e+06   1.7526951e-02
   5.4369610e+05   5.4038840e+06   1.2278225e-02
   5.4378190e+05   5.4038840e+06   1.4672619e-01
   5.4380480e+05   5.4038840e+06   1.5609330e-01
   5.4340640e+05   5.4038850e+06   3.2583740e-01
   5.4342040e+05   5.4038850e+06   4.2732130e-01
   5.4364750e+05   5.4038850e+06   1.2474411e-02
   5.4365970e+05   5.4038850e+06   5.5528132e-02
   5.4368620e+05   5.4038850e+06  -5.9017062e-02
   5.4375070e+05   5.4038850e+06   1.4881807e-01
   5.4379350e+05   5.4038850e+06   3.7006652e-02
   5.4387730e+05   5.4038850e+06  -3.4944444e-04
   5.4388940e+05   5.4038850e+06  -4.1824524e-02
   5.4337940e+05   5.4038860e+06  -1.6374603e-01
   5.4346600e+05   5.4038860e+06  -4.7994342e-02
   5.4351690e+05   5.4038860e+06  -1.7156454e-01
   5.4353760e+05   5.4038860e+06   2.5368889e-02
   5.4355240e+05   5.4038860e+06   5.4644068e-03
   5.4358000e+05   5.4038860e+06   1.9226638e-02
   5.4360680e+05   5.4038860e+06   4.9160383e-02
   5.4361570e+05   5.4038860e+06   8.5487982e-02
   5.4381450e+05   5.4038860e+06   6.7494279e-02
   5.4386490e+05   5.4038860e+06   1.2996039e-01
   5.4342030e+05   5.4038870e+06   3.4919098e-01
   5.4345810e+05   5.4038870e+06  -1.0769294e-01
   5.4347790e+05   5.4038870e+06  -4.8372951e-02
   5.4348740e+05   5.4038870e+06   1.5085635e-03
   5.4367580e+05   5.4038870e+06   1.1880245e-01
   5.4377030e+05   5.4038870e+06   2.3814981e-01
   5.4350190e+05   5.4038880e+06   1.8323008e-02
   5.4358670e+05   5.4038880e+06   4.0902059e-02
   5.4362440e+05   5.4038880e+06   6.4056713e-02
   5.4364060e+05   5.4038880e+06   9.4473487e-02
   5.4373850e+05   5.4038880e+06   2.9398520e-02
   5.4376340e+05   5.4038880e+06   1.4186429e-01
   5.4382580e+05   5.4038880e+06   4.9276233e-02
   5.4385580e+05   5.4038880e+06   1.2025306e-01
   5.4339110e+05   5.4038890e+06   1.0614948e-01
   5.4346610e+05   5.4038890e+06  -1.4702197e-01
   5.4355790e+05   5.4038890e+06  -2.0159868e-02
   5.4356680e+05   5.4038890e+06   1.7884701e-02
   5.4369540e+05   5.4038890e+06   2.3969358e-02
   5.4378240e+05   5.4038890e+06  -2.6738397e-03
   5.4383390e+05   5.4038890e+06  -3.5485169e-03
   5.4384340e+05   5.4038890e+06   1.3240096e-01
   5.4387740e+05   5.4038890e+06  -4.7950105e-02
   5.4347800e+05   5.4038900e+06   2.0504732e-03
   5.4348740e+05   5.4038900e+06   4.4333045e-01
   5.4352190e+05   5.4038900e+06   4.5567686e-02
   5.4375120e+05   5.4038900e+06   1.1997693e-01
   5.4380530e+05   5.4038900e+06   1.1505562e-01
   5.4386530e+05   5.4038900e+06   7.2650115e-02
   5.4349900e+05   5.4038910e+06   3.4456047e-01
   5.4350180e+05   5.4038910e+06   3.5421315e-01
   5.4355210e+05   5.4038910e+06  -1.1612099e-01
   5.4360700e+05   5.4038910e+06   3.8089852e-02
   5.4361560e+05   5.4038910e+06   1.6502075e-02
   5.4364770e+05   5.4038910e+06   7.0329323e-02
   5.4365970e+05   5.4038910e+06  -8.8780079e-03
   5.4367530e+05   5.4038910e+06   1.3109209e-02
   5.4379410e+05   5.4038910e+06   9.3266435e-02
   5.4388930e+05   5.4038910e+06  -2.7806999e-02
   5.4359800e+05   5.4038920e+06   6.6208333e-03
   5.4362400e+05   5.4038920e+06   3.7168969e-02
   5.4368520e+05   5.4038920e+06  -1.2957325e-02
   5.4381520e+05   5.4038920e+06   1.7876458e-02
   5.4385600e+05   5.4038920e+06   2.6075834e-01
   5.4387760e+05   5.4038920e+06   1.8728168e-01
   5.4337880e+05   5.4038930e+06   1.1949000e-01
   5.4357960e+05   5.4038930e+06  -3.4618421e-02
   5.4358690e+05   5.4038930e+06   9.3178889e-03
   5.4364040e+05   5.4038930e+06   5.3098826e-02
   5.4369480e+05   5.4038930e+06   1.9437163e-01
   5.4377080e+05   5.4038930e+06   7.9263442e-02
   5.4351690e+05   5.4038940e+06   1.7862088e+00
   5.4353770e+05   5.4038940e+06  -3.7694002e-01
   5.4356640e+05   5.4038940e+06  -1.4149356e-01
   5.4376380e+05   5.4038940e+06   1.3222770e-01
   5.4378290e+05   5.4038940e+06   1.1443232e-01
   5.4382620e+05   5.4038940e+06   5.9203587e-02
   5.4384380e+05   5.4038940e+06   1.3789139e-01
   5.4345730e+05   5.4038950e+06   2.7054600e-01
   5.4360720e+05   5.4038950e+06  -5.0194135e-02
   5.4361560e+05   5.4038950e+06  -3.5079137e-02
   5.4367480e+05   5.4038950e+06   2.4141414e-02
   5.4373950e+05   5.4038950e+06   7.3435897e-03
   5.4375180e+05   5.4038950e+06   1.2629873e-01
   5.4380560e+05   5.4038950e+06   2.2203085e-01
   5.4339060e+05   5.4038960e+06   7.5823200e-02
   5.4350180e+05   5.4038960e+06   1.8073279e-01
   5.4352180e+05   5.4038960e+06  -2.0832930e-01
   5.4355190e+05   5.4038960e+06  -1.7943742e-01
   5.4364770e+05   5.4038960e+06   1.0995425e-01
   5.4383440e+05   5.4038960e+06  -1.1320582e-02
   5.4386560e+05   5.4038960e+06   9.6275638e-02
   5.4387760e+05   5.4038960e+06  -4.8282550e-02
   5.4349910e+05   5.4038970e+06   6.6037972e-01
   5.4358690e+05   5.4038970e+06   4.0363851e-02
   5.4362360e+05   5.4038970e+06   6.7530275e-02
   5.4365980e+05   5.4038970e+06   1.1146289e-01
   5.4369410e+05   5.4038970e+06   1.7469623e-01
   5.4381570e+05   5.4038970e+06   1.3177783e-01
   5.4385630e+05   5.4038970e+06  -2.0536874e-02
   5.4388920e+05   5.4038970e+06  -1.6681529e-02
   5.4341960e+05   5.4038980e+06   5.2694400e-02
   5.4341990e+05   5.4038980e+06   5.3058600e-02
   5.4344930e+05   5.4038980e+06   9.3958800e-02
   5.4346620e+05   5.4038980e+06   1.2329280e-01
   5.4355740e+05   5.4038980e+06  -2.4102922e-01
   5.4356580e+05   5.4038980e+06  -1.5731351e-01
   5.4359810e+05   5.4038980e+06   1.7342700e-01
   5.4361540e+05   5.4038980e+06  -5.9987578e-02
   5.4368410e+05   5.4038980e+06   1.4520659e-01
   5.4377140e+05   5.4038980e+06   9.7423235e-02
   5.4379480e+05   5.4038980e+06   3.4184649e-02
   5.4340520e+05   5.4038990e+06   1.9737600e-02
   5.4343210e+05   5.4038990e+06   3.5024100e-02
   5.4360740e+05   5.4038990e+06  -5.0057839e-02
   5.4367440e+05   5.4038990e+06   5.4701142e-02
   5.4382660e+05   5.4038990e+06   2.2789032e-02
   5.4357910e+05   5.4039000e+06  -1.5798144e-01
   5.4364020e+05   5.4039000e+06   9.9402299e-02
   5.4375240e+05   5.4039000e+06   1.6602850e-01
   5.4376410e+05   5.4039000e+06   2.5301268e-02
   5.4378350e+05   5.4039000e+06   6.7880979e-02
   5.4384420e+05   5.4039000e+06   2.3285128e-01
   5.4387780e+05   5.4039000e+06  -5.2165975e-02
   5.4351690e+05   5.4039010e+06  -8.0192201e-01
   5.4352150e+05   5.4039010e+06  -7.8313838e-01
   5.4353780e+05   5.4039010e+06  -4.1111241e-01
   5.4355170e+05   5.4039010e+06  -3.6231607e-01
   5.4358700e+05   5.4039010e+06  -1.1558110e-01
   5.4364790e+05   5.4039010e+06   2.9122619e-02
   5.4380600e+05   5.4039010e+06   1.4008778e-01
   5.4386600e+05   5.4039010e+06  -3.0726721e-02
   5.4348730e+05   5.4039020e+06   8.6127200e-02
   5.4350180e+05   5.4039020e+06  -7.9105641e-01
   5.4362330e+05   5.4039020e+06  -7.2866450e-02
   5.4367410e+05   5.4039020e+06   4.9580000e-02
   5.4369360e+05   5.4039020e+06   5.7828694e-02
   5.4374070e+05   5.4039020e+06   2.8390938e-01
   5.4356550e+05   5.4039030e+06  -2.7628129e-01
   5.4359810e+05   5.4039030e+06   2.6525840e-02
   5.4360750e+05   5.4039030e+06  -8.0094394e-02
   5.4361540e+05   5.4039030e+06  -1.1445022e-01
   5.4365990e+05   5.4039030e+06   1.0491033e-01
   5.4381630e+05   5.4039030e+06   1.7227176e-01
   5.4383500e+05   5.4039030e+06   7.6995516e-02
   5.4385670e+05   5.4039030e+06   1.6503653e-02
   5.4388910e+05   5.4039030e+06   1.8509962e-01
   5.4347830e+05   5.4039040e+06   4.0629000e-02
   5.4349910e+05   5.4039040e+06  -3.4053111e-01
   5.4355140e+05   5.4039040e+06  -2.1515764e-01
   5.4355700e+05   5.4039040e+06  -4.4655572e-01
   5.4367380e+05   5.4039040e+06  -2.4927218e-02
   5.4377190e+05   5.4039040e+06   3.5488462e-02
   5.4379530e+05   5.4039040e+06   1.9646329e-01
   5.4382690e+05   5.4039040e+06   1.2314356e-01
   5.4387800e+05   5.4039040e+06   1.8397366e-02
   5.4357850e+05   5.4039050e+06  -2.4627510e-01
   5.4358710e+05   5.4039050e+06  -3.3517831e-02
   5.4362290e+05   5.4039050e+06  -7.4954221e-02
   5.4368320e+05   5.4039050e+06   4.4439834e-03
   5.4375300e+05   5.4039050e+06   8.9139845e-02
   5.4376430e+05   5.4039050e+06   9.6836528e-02
   5.4352120e+05   5.4039060e+06  -6.3815419e-01
   5.4364790e+05   5.4039060e+06  -5.0102951e-02
   5.4369310e+05   5.4039060e+06   1.1430751e-01
   5.4384480e+05   5.4039060e+06   1.2356102e-01
   5.4386640e+05   5.4039060e+06  -2.3942857e-02
   5.4353770e+05   5.4039070e+06  -5.5823782e-01
   5.4356500e+05   5.4039070e+06  -1.5726651e-01
   5.4360770e+05   5.4039070e+06  -1.7453543e-01
   5.4361540e+05   5.4039070e+06  -2.9819760e-01
   5.4363990e+05   5.4039070e+06   2.1987845e-01
   5.4378410e+05   5.4039070e+06   1.5993759e-01
   5.4387810e+05   5.4039070e+06  -4.3265036e-02
   5.4355120e+05   5.4039080e+06  -4.3129114e-01
   5.4358730e+05   5.4039080e+06  -1.6784658e-01
   5.4367350e+05   5.4039080e+06  -4.2247706e-02
   5.4374180e+05   5.4039080e+06   9.0236000e-02
   5.4380650e+05   5.4039080e+06   1.2254378e-01
   5.4381690e+05   5.4039080e+06   9.5724122e-02
   5.4385710e+05   5.4039080e+06   5.8154839e-02
   5.4388890e+05   5.4039080e+06   3.8385201e-02
   5.4349930e+05   5.4039090e+06   5.0227600e-02
   5.4351700e+05   5.4039090e+06  -7.7120446e-01
   5.4355660e+05   5.4039090e+06  -4.1069452e-01
   5.4359830e+05   5.4039090e+06  -6.9505797e-02
   5.4362270e+05   5.4039090e+06  -1.3528763e-01
   5.4364790e+05   5.4039090e+06  -4.7285194e-03
   5.4365990e+05   5.4039090e+06   9.0204039e-02
   5.4357820e+05   5.4039100e+06  -2.2252326e-01
   5.4360770e+05   5.4039100e+06  -2.5093880e-01
   5.4369260e+05   5.4039100e+06  -5.7203390e-03
   5.4376460e+05   5.4039100e+06   2.3067591e-01
   5.4377260e+05   5.4039100e+06   6.9682018e-02
   5.4379590e+05   5.4039100e+06   1.2237342e-01
   5.4382740e+05   5.4039100e+06   4.5490831e-02
   5.4383550e+05   5.4039100e+06   9.6742081e-02
   5.4352090e+05   5.4039110e+06  -8.2203008e-01
   5.4355110e+05   5.4039110e+06  -2.1666015e-01
   5.4356470e+05   5.4039110e+06  -1.1422717e-01
   5.4367310e+05   5.4039110e+06  -1.2396089e-01
   5.4368230e+05   5.4039110e+06  -3.4334194e-02
   5.4375360e+05   5.4039110e+06   2.0511089e-01
   5.4386680e+05   5.4039110e+06   1.6570641e-01
   5.4387820e+05   5.4039110e+06   4.3154754e-02
   5.4350160e+05   5.4039120e+06   4.5136000e-02
   5.4358740e+05   5.4039120e+06  -1.5391957e-01
   5.4359830e+05   5.4039120e+06  -1.8468465e-01
   5.4361530e+05   5.4039120e+06  -4.1516719e-01
   5.4362230e+05   5.4039120e+06  -3.3988873e-01
   5.4384510e+05   5.4039120e+06   2.7879831e-02
   5.4360790e+05   5.4039130e+06  -2.7568611e-01
   5.4363980e+05   5.4039130e+06  -2.1773350e-01
   5.4364810e+05   5.4039130e+06  -1.8469083e-01
   5.4369200e+05   5.4039130e+06  -5.7612200e-02
   5.4378470e+05   5.4039130e+06   9.3478442e-02
   5.4381740e+05   5.4039130e+06   7.0847797e-02
   5.4385740e+05   5.4039130e+06   1.1955533e-01
   5.4351700e+05   5.4039140e+06  -6.4623077e-01
   5.4353770e+05   5.4039140e+06  -7.4544928e-01
   5.4355630e+05   5.4039140e+06  -2.2560779e-01
   5.4357790e+05   5.4039140e+06  -2.3520922e-01
   5.4367270e+05   5.4039140e+06  -1.5970581e-01
   5.4374290e+05   5.4039140e+06   1.1888913e-02
   5.4380690e+05   5.4039140e+06   7.8184088e-02
   5.4355090e+05   5.4039150e+06  -6.0279293e-01
   5.4366010e+05   5.4039150e+06  -2.0842105e-01
   5.4377320e+05   5.4039150e+06   1.6391981e-01
   5.4379630e+05   5.4039150e+06   1.0633049e-01
   5.4386710e+05   5.4039150e+06   1.5611489e-01
   5.4387840e+05   5.4039150e+06   5.9306522e-02
   5.4388890e+05   5.4039150e+06   8.0946961e-02
   5.4356410e+05   5.4039160e+06   4.1452264e-01
   5.4357760e+05   5.4039160e+06  -4.1588235e-03
   5.4359840e+05   5.4039160e+06  -2.1172510e-01
   5.4362210e+05   5.4039160e+06  -2.4223688e-01
   5.4368140e+05   5.4039160e+06  -1.6946799e-01
   5.4376490e+05   5.4039160e+06   6.3600448e-02
   5.4382770e+05   5.4039160e+06   1.0513682e-01
   5.4383600e+05   5.4039160e+06   1.1067277e-01
   5.4358750e+05   5.4039170e+06   1.6732540e-01
   5.4360810e+05   5.4039170e+06  -5.9066460e-01
   5.4363960e+05   5.4039170e+06  -3.2335366e-01
   5.4364810e+05   5.4039170e+06  -3.9518053e-01
   5.4369150e+05   5.4039170e+06  -7.1984262e-02
   5.4375430e+05   5.4039170e+06   1.1160435e-02
   5.4352040e+05   5.4039180e+06   1.2260000e-02
   5.4359840e+05   5.4039180e+06  -9.4301604e-02
   5.4367240e+05   5.4039180e+06  -2.1357280e-01
   5.4381790e+05   5.4039180e+06   1.4592924e-02
   5.4384560e+05   5.4039180e+06   1.2253548e-01
   5.4385760e+05   5.4039180e+06   4.5471050e-02
   5.4387840e+05   5.4039180e+06  -1.7835714e-02
   5.4351710e+05   5.4039190e+06   6.1066000e-03
   5.4353780e+05   5.4039190e+06  -8.2996934e-01
   5.4357750e+05   5.4039190e+06  -3.8556953e-01
   5.4361530e+05   5.4039190e+06  -7.2484055e-01
   5.4362180e+05   5.4039190e+06  -6.4209164e-01
   5.4378540e+05   5.4039190e+06   8.0373469e-02
   5.4380730e+05   5.4039190e+06  -2.3038454e-02
   5.4355590e+05   5.4039200e+06  -6.6184615e-01
   5.4360820e+05   5.4039200e+06  -4.8624710e-01
   5.4363940e+05   5.4039200e+06  -2.6819770e-01
   5.4364810e+05   5.4039200e+06  -4.4281155e-01
   5.4366000e+05   5.4039200e+06  -3.5357576e-01
   5.4367210e+05   5.4039200e+06  -1.1428863e-01
   5.4369110e+05   5.4039200e+06  -2.0976914e-01
   5.4377360e+05   5.4039200e+06   7.7063001e-02
   5.4379680e+05   5.4039200e+06  -4.5567010e-03
   5.4386740e+05   5.4039200e+06   1.6797176e-01
   5.4388870e+05   5.4039200e+06   6.6760171e-02
   5.4356370e+05   5.4039210e+06   6.9003900e-02
   5.4358760e+05   5.4039210e+06   2.7314280e-01
   5.4374410e+05   5.4039210e+06   1.8553212e-01
   5.4382810e+05   5.4039210e+06   1.0072823e-01
   5.4383640e+05   5.4039210e+06   2.0676727e-02
   5.4353780e+05   5.4039220e+06   6.0756800e-02
   5.4359840e+05   5.4039220e+06   2.1530880e-01
   5.4363940e+05   5.4039220e+06  -5.9918931e-01
   5.4368060e+05   5.4039220e+06  -3.4038528e-01
   5.4387860e+05   5.4039220e+06  -2.0936759e-02
   5.4355050e+05   5.4039230e+06   3.4454000e-02
   5.4357720e+05   5.4039230e+06   1.2912480e-01
   5.4360830e+05   5.4039230e+06  -5.2054249e-01
   5.4364830e+05   5.4039230e+06  -4.8096976e-01
   5.4366010e+05   5.4039230e+06  -4.1100120e-01
   5.4367170e+05   5.4039230e+06  -4.0248722e-01
   5.4369080e+05   5.4039230e+06  -2.3637107e-01
   5.4375500e+05   5.4039230e+06  -1.5968782e-01
   5.4376540e+05   5.4039230e+06   1.9378546e-02
   5.4381840e+05   5.4039230e+06   2.8343483e-02
   5.4385790e+05   5.4039230e+06   7.5860879e-02
   5.4361510e+05   5.4039240e+06  -7.6154667e-01
   5.4377410e+05   5.4039240e+06  -4.7364189e-02
   5.4379710e+05   5.4039240e+06  -6.1392092e-02
   5.4384610e+05   5.4039240e+06   3.4903548e-02
   5.4369040e+05   5.4039250e+06  -4.2098079e-01
   5.4380760e+05   5.4039250e+06   8.4235577e-02
   5.4386790e+05   5.4039250e+06   7.5121606e-02
   5.4387860e+05   5.4039250e+06  -6.7490926e-02
   5.4355550e+05   5.4039260e+06   1.9368000e-02
   5.4366010e+05   5.4039260e+06  -5.8972165e-01
   5.4367150e+05   5.4039260e+06  -5.8139595e-01
   5.4378610e+05   5.4039260e+06  -8.0996678e-02
   5.4383680e+05   5.4039260e+06  -2.3718103e-02
   5.4361510e+05   5.4039270e+06  -6.1816161e-01
   5.4363930e+05   5.4039270e+06   9.6211200e-02
   5.4366010e+05   5.4039270e+06  -6.5415034e-01
   5.4368010e+05   5.4039270e+06  -5.7880399e-01
   5.4375550e+05   5.4039270e+06  -1.3820599e-01
   5.4381880e+05   5.4039270e+06  -3.3168696e-02
   5.4382840e+05   5.4039270e+06   4.2281585e-02
   5.4385830e+05   5.4039270e+06   5.1949078e-02
   5.4388870e+05   5.4039270e+06   2.8331404e-02
   5.4364830e+05   5.4039280e+06   8.1413600e-02
   5.4367120e+05   5.4039280e+06  -6.1259521e-01
   5.4369010e+05   5.4039280e+06  -5.6403051e-01
   5.4374510e+05   5.4039280e+06  -8.2065672e-02
   5.4379760e+05   5.4039280e+06  -8.6927826e-02
   5.4387870e+05   5.4039280e+06   5.4639498e-03
   5.4376580e+05   5.4039290e+06  -1.0355899e-02
   5.4377460e+05   5.4039290e+06  -1.3904184e-01
   5.4383700e+05   5.4039290e+06   8.6356965e-02
   5.4360860e+05   5.4039300e+06   1.5480000e-03
   5.4367950e+05   5.4039300e+06  -7.5344796e-01
   5.4386830e+05   5.4039300e+06   9.6396864e-02
   5.4362090e+05   5.4039310e+06   1.6992000e-02
   5.4375590e+05   5.4039310e+06  -1.5723065e-01
   5.4379790e+05   5.4039310e+06  -6.6892159e-02
   5.4381930e+05   5.4039310e+06  -4.6729432e-02
   5.4385840e+05   5.4039310e+06  -2.2648513e-02
   5.4387890e+05   5.4039310e+06   7.0640230e-02
   5.4366020e+05   5.4039320e+06   4.6585600e-02
   5.4367910e+05   5.4039320e+06  -8.3519124e-01
   5.4377490e+05   5.4039320e+06  -2.7315307e-01
   5.4380810e+05   5.4039320e+06  -5.8442998e-02
   5.4383730e+05   5.4039320e+06  -1.0936575e-01
   5.4384660e+05   5.4039320e+06   1.5134011e-01
   5.4361510e+05   5.4039330e+06   7.2933000e-03
   5.4367060e+05   5.4039330e+06   7.7214200e-02
   5.4374590e+05   5.4039330e+06  -1.9549807e-01
   5.4378680e+05   5.4039330e+06  -6.1005663e-02
   5.4382890e+05   5.4039330e+06   2.6784615e-02
   5.4388860e+05   5.4039330e+06   4.8128963e-02
   5.4375630e+05   5.4039340e+06  -2.1725467e-01
   5.4381960e+05   5.4039340e+06  -2.0343417e-01
   5.4383740e+05   5.4039340e+06  -4.0425096e-02
   5.4385860e+05   5.4039340e+06   7.8159477e-03
   5.4387900e+05   5.4039340e+06   1.2736979e-01
   5.4376610e+05   5.4039350e+06  -7.8042254e-02
   5.4379830e+05   5.4039350e+06  -3.1613497e-02
   5.4368910e+05   5.4039360e+06   8.2570800e-02
   5.4377530e+05   5.4039360e+06  -3.0687035e-01
   5.4386880e+05   5.4039360e+06   9.5321916e-02
   5.4367850e+05   5.4039370e+06   3.9040500e-02
   5.4374660e+05   5.4039370e+06  -5.3775340e-01
   5.4375660e+05   5.4039370e+06  -3.5732798e-01
   5.4381990e+05   5.4039370e+06  -1.4882692e-01
   5.4383760e+05   5.4039370e+06  -1.2556842e-01
   5.4385880e+05   5.4039370e+06  -8.0426738e-02
   5.4387900e+05   5.4039370e+06   1.6744526e-01
   5.4388840e+05   5.4039370e+06   1.0253778e-01
   5.4380860e+05   5.4039380e+06  -1.8469771e-01
   5.4384710e+05   5.4039380e+06  -1.2528293e-01
   5.4376630e+05   5.4039390e+06  -3.6993946e-01
   5.4377570e+05   5.4039390e+06  -5.1486619e-01
   5.4378730e+05   5.4039390e+06  -2.9206448e-01
   5.4383780e+05   5.4039390e+06  -8.1516616e-02
   5.4375690e+05   5.4039400e+06  -6.4409823e-01
   5.4379880e+05   5.4039400e+06  -2.4435821e-01
   5.4382940e+05   5.4039400e+06  -2.9387224e-01
   5.4385910e+05   5.4039400e+06   5.0227431e-02
   5.4387910e+05   5.4039400e+06   2.9987965e-01
   5.4374730e+05   5.4039410e+06  -7.0590214e-01
   5.4382030e+05   5.4039410e+06  -2.6285370e-02
   5.4388840e+05   5.4039410e+06   2.2878603e-02
   5.4375720e+05   5.4039420e+06  -6.4696536e-01
   5.4376650e+05   5.4039420e+06  -3.5067987e-01
   5.4377590e+05   5.4039420e+06  -6.2639069e-01
   5.4383810e+05   5.4039420e+06  -6.2227513e-02
   5.4386920e+05   5.4039420e+06   5.9631858e-02
   5.4379900e+05   5.4039430e+06  -2.1744050e-01
   5.4380890e+05   5.4039430e+06  -3.4319042e-01
   5.4387930e+05   5.4039430e+06   3.8646349e-01
   5.4374780e+05   5.4039440e+06  -7.0493388e-01
   5.4384760e+05   5.4039440e+06  -8.8529851e-02
   5.4388830e+05   5.4039440e+06  -1.2747367e-01
   5.4375760e+05   5.4039450e+06  -6.3035495e-01
   5.4376680e+05   5.4039450e+06  -4.0876190e-01
   5.4377620e+05   5.4039450e+06  -6.6622222e-01
   5.4378800e+05   5.4039450e+06  -6.3465347e-01
   5.4382060e+05   5.4039450e+06   1.6132212e-02
   5.4382980e+05   5.4039450e+06  -3.1644760e-01
   5.4383830e+05   5.4039450e+06  -1.3455838e-01
   5.4385930e+05   5.4039450e+06   3.7987288e-03
   5.4374810e+05   5.4039460e+06  -7.7520747e-01
   5.4379930e+05   5.4039460e+06  -4.1370895e-01
   5.4380920e+05   5.4039470e+06  -3.6708845e-01
   5.4386960e+05   5.4039470e+06  -2.1433108e-01
   5.4376680e+05   5.4039480e+06  -6.5718545e-01
   5.4377660e+05   5.4039480e+06  -7.8565444e-01
   5.4382090e+05   5.4039480e+06  -4.2510698e-01
   5.4384790e+05   5.4039480e+06  -1.2867865e-01
   5.4387940e+05   5.4039480e+06  -1.0687769e-01
   5.4378840e+05   5.4039490e+06  -7.3408507e-01
   5.4382990e+05   5.4039490e+06  -2.1192092e-01
   5.4383860e+05   5.4039490e+06  -3.3589580e-01
   5.4385960e+05   5.4039490e+06  -1.5398165e-01
   5.4376700e+05   5.4039500e+06  -6.4929293e-01
   5.4376710e+05   5.4039500e+06  -7.7862420e-01
   5.4379970e+05   5.4039500e+06  -4.7561560e-01
   5.4380940e+05   5.4039500e+06  -5.0574583e-01
   5.4382120e+05   5.4039500e+06  -4.1787402e-01
   5.4374910e+05   5.4039520e+06   1.4432800e-02
   5.4375840e+05   5.4039520e+06   2.3891200e-02
   5.4380950e+05   5.4039520e+06  -5.9875949e-01
   5.4382130e+05   5.4039520e+06  -4.6629730e-01
   5.4383020e+05   5.4039520e+06  -4.9395439e-01
   5.4383880e+05   5.4039520e+06  -2.9518545e-01
   5.4384830e+05   5.4039520e+06  -7.9475768e-02
   5.4378880e+05   5.4039530e+06  -6.8013073e-01
   5.4385980e+05   5.4039530e+06  -4.6812727e-01
   5.4387010e+05   5.4039530e+06   2.9133333e-03
   5.4388810e+05   5.4039530e+06   3.2512410e-01
   5.4380970e+05   5.4039540e+06  -7.1693162e-01
   5.4376730e+05   5.4039550e+06   1.7414000e-02
   5.4378910e+05   5.4039550e+06  -6.6457343e-01
   5.4380010e+05   5.4039550e+06   9.5696500e-02
   5.4384840e+05   5.4039550e+06   1.8569153e+00
   5.4387960e+05   5.4039550e+06   2.5697400e-01
   5.4382180e+05   5.4039570e+06   8.9589000e-02
   5.4383040e+05   5.4039570e+06   1.0153080e-01
   5.4386000e+05   5.4039570e+06   1.0284000e-01
   5.4377760e+05   5.4039580e+06   5.8984000e-03
   5.4383930e+05   5.4039580e+06   6.7847400e-02
   5.4384860e+05   5.4039580e+06   6.7412800e-02
   5.4387040e+05   5.4039580e+06   7.8170400e-02
   5.4378940e+05   5.4039590e+06   9.8188000e-03
   5.4381000e+05   5.4039590e+06   2.4020000e-02
