   5.4339240e+05   5.4037000e+06   3.1160000e-02
   5.4340400e+05   5.4037050e+06   1.3263000e-01
   5.4339210e+05   5.4037060e+06  -1.5223600e-02
   5.4340370e+05   5.4037090e+06  -8.9952800e-02
   5.4339170e+05   5.4037100e+06  -1.8578200e-01
   5.4342260e+05   5.4037110e+06   1.3657040e-01
   5.4340360e+05   5.4037130e+06   3.8992800e-02
   5.4342860e+05   5.4037130e+06   1.1898320e-01
   5.4339140e+05   5.4037140e+06  -1.7462640e-01
   5.4343560e+05   5.4037140e+06   1.2199040e-01
   5.4342210e+05   5.4037160e+06   6.5360400e-02
   5.4344790e+05   5.4037180e+06   1.8428960e-01
   5.4340300e+05   5.4037190e+06   3.3302000e-02
   5.4342840e+05   5.4037190e+06   2.0162400e-02
   5.4339100e+05   5.4037200e+06  -2.6045000e-01
   5.4342170e+05   5.4037200e+06   1.9618000e-02
   5.4343500e+05   5.4037200e+06   1.3450000e-02
   5.4346180e+05   5.4037220e+06   1.1804680e-01
   5.4343480e+05   5.4037230e+06  -2.3721600e-02
   5.4344750e+05   5.4037230e+06   1.1511500e-01
   5.4340270e+05   5.4037240e+06  -5.1302400e-02
   5.4342140e+05   5.4037240e+06  -6.8620000e-02
   5.4346430e+05   5.4037240e+06   1.4337760e-01
   5.4339060e+05   5.4037250e+06  -1.5071800e-01
   5.4342810e+05   5.4037250e+06   1.0004400e-01
   5.4343440e+05   5.4037270e+06  -5.2133200e-02
   5.4344700e+05   5.4037270e+06   8.2580000e-02
   5.4346400e+05   5.4037280e+06   6.0160000e-03
   5.4340240e+05   5.4037290e+06  -8.0154800e-02
   5.4342090e+05   5.4037290e+06  -1.2940000e-02
   5.4342790e+05   5.4037290e+06   1.0046000e-01
   5.4347470e+05   5.4037290e+06   9.2347200e-02
   5.4346390e+05   5.4037300e+06   1.2182500e-01
   5.4347580e+05   5.4037300e+06   8.1312000e-02
   5.4343410e+05   5.4037310e+06   5.1756100e-02
   5.4344680e+05   5.4037310e+06   8.1972000e-02
   5.4346200e+05   5.4037310e+06  -4.1232000e-02
   5.4339020e+05   5.4037320e+06  -1.2880400e-02
   5.4340210e+05   5.4037330e+06  -4.9881000e-03
   5.4346200e+05   5.4037330e+06   8.1040000e-03
   5.4347540e+05   5.4037330e+06  -6.5454000e-02
   5.4342760e+05   5.4037340e+06   2.6870400e-02
   5.4346350e+05   5.4037340e+06   6.5321000e-02
   5.4347480e+05   5.4037340e+06  -5.9088000e-02
   5.4348930e+05   5.4037340e+06   1.2798400e-01
   5.4343380e+05   5.4037350e+06  -2.1175000e-02
   5.4344650e+05   5.4037350e+06  -7.5080000e-02
   5.4347510e+05   5.4037350e+06   6.3390000e-03
   5.4342030e+05   5.4037360e+06  -2.2419200e-02
   5.4347470e+05   5.4037360e+06  -6.6302000e-02
   5.4346220e+05   5.4037370e+06   8.4641600e-02
   5.4349730e+05   5.4037370e+06   1.9669790e-01
   5.4350360e+05   5.4037370e+06   1.7816960e-01
   5.4338970e+05   5.4037380e+06  -9.2884800e-02
   5.4340180e+05   5.4037380e+06  -1.1920280e-01
   5.4344610e+05   5.4037380e+06   2.3816000e-02
   5.4346310e+05   5.4037380e+06   5.5524200e-02
   5.4347480e+05   5.4037390e+06  -7.4288000e-02
   5.4348910e+05   5.4037390e+06  -2.7573200e-01
   5.4342730e+05   5.4037400e+06   5.0580000e-02
   5.4343340e+05   5.4037400e+06  -8.5758000e-02
   5.4347450e+05   5.4037400e+06   8.8730000e-02
   5.4351660e+05   5.4037400e+06   1.4291800e-01
   5.4346220e+05   5.4037410e+06   4.1236200e-02
   5.4353010e+05   5.4037410e+06   3.9521300e-02
   5.4344580e+05   5.4037420e+06   6.4572800e-02
   5.4340130e+05   5.4037430e+06  -9.2213700e-02
   5.4341960e+05   5.4037430e+06   7.4404000e-03
   5.4346270e+05   5.4037430e+06   1.1927410e-01
   5.4347490e+05   5.4037430e+06   1.7278560e-01
   5.4349740e+05   5.4037430e+06   1.3408040e-01
   5.4350360e+05   5.4037430e+06  -3.6756400e-02
   5.4351660e+05   5.4037430e+06  -6.4449200e-02
   5.4348900e+05   5.4037440e+06  -8.2544000e-02
   5.4353720e+05   5.4037440e+06   1.5277440e-01
   5.4338930e+05   5.4037450e+06  -6.6049000e-02
   5.4346230e+05   5.4037450e+06   1.2623500e-02
   5.4342700e+05   5.4037460e+06   2.0914000e-02
   5.4344540e+05   5.4037460e+06  -4.5404800e-02
   5.4347390e+05   5.4037460e+06   1.2703720e-01
   5.4347490e+05   5.4037460e+06   1.0078520e-01
   5.4352980e+05   5.4037460e+06   4.2470400e-02
   5.4343280e+05   5.4037470e+06  -1.9282400e-02
   5.4349740e+05   5.4037470e+06   6.7396000e-03
   5.4340100e+05   5.4037480e+06  -3.3964000e-02
   5.4350340e+05   5.4037480e+06  -2.1987600e-02
   5.4352980e+05   5.4037480e+06  -2.9702800e-02
   5.4355940e+05   5.4037480e+06   1.1462720e-01
   5.4346210e+05   5.4037490e+06   1.0897490e-01
   5.4351660e+05   5.4037490e+06  -5.0183600e-02
   5.4341890e+05   5.4037500e+06  -7.8538000e-02
   5.4346240e+05   5.4037500e+06   1.0324000e-01
   5.4347500e+05   5.4037500e+06   1.3790000e-01
   5.4344500e+05   5.4037510e+06   7.6755000e-02
   5.4347330e+05   5.4037510e+06   1.2453440e-01
   5.4349750e+05   5.4037510e+06   1.4419000e-01
   5.4338880e+05   5.4037520e+06  -4.0793600e-02
   5.4342680e+05   5.4037520e+06   7.7584000e-02
   5.4348900e+05   5.4037520e+06  -5.6614000e-02
   5.4350350e+05   5.4037520e+06  -1.9313000e-02
   5.4355930e+05   5.4037520e+06  -9.9950200e-02
   5.4357980e+05   5.4037520e+06   6.3311200e-02
   5.4358300e+05   5.4037520e+06   5.8346000e-02
   5.4340080e+05   5.4037530e+06  -1.2226240e-01
   5.4343220e+05   5.4037530e+06  -3.7113400e-02
   5.4351660e+05   5.4037530e+06   7.2673600e-02
   5.4352940e+05   5.4037530e+06  -2.8892800e-02
   5.4356730e+05   5.4037530e+06   1.5640200e-01
   5.4347510e+05   5.4037550e+06   7.6560000e-03
   5.4349760e+05   5.4037550e+06   3.1886000e-02
   5.4353720e+05   5.4037550e+06   1.0137200e-01
   5.4355910e+05   5.4037550e+06  -1.0858250e-01
   5.4360160e+05   5.4037550e+06   1.0394200e-01
   5.4344460e+05   5.4037560e+06   4.1558000e-02
   5.4346160e+05   5.4037560e+06  -9.5475200e-02
   5.4346260e+05   5.4037560e+06   7.5280000e-04
   5.4350340e+05   5.4037560e+06   2.5020400e-02
   5.4357950e+05   5.4037560e+06  -9.2216000e-02
   5.4359030e+05   5.4037560e+06   1.4257140e-01
   5.4359580e+05   5.4037560e+06   1.3178040e-01
   5.4341830e+05   5.4037570e+06  -1.0250540e-01
   5.4342640e+05   5.4037570e+06  -1.0403800e-01
   5.4347280e+05   5.4037570e+06   9.9676800e-02
   5.4340030e+05   5.4037580e+06  -7.4474000e-03
   5.4348880e+05   5.4037580e+06  -7.9952000e-03
   5.4351660e+05   5.4037580e+06   4.7639600e-02
   5.4352910e+05   5.4037580e+06  -1.0372120e-01
   5.4353720e+05   5.4037580e+06   1.4523360e-01
   5.4355900e+05   5.4037580e+06  -2.8324000e-02
   5.4358320e+05   5.4037580e+06  -2.0783040e-01
   5.4338830e+05   5.4037590e+06  -7.2509200e-02
   5.4349760e+05   5.4037590e+06   6.5102000e-02
   5.4357910e+05   5.4037590e+06  -2.1662320e-01
   5.4343160e+05   5.4037600e+06  -1.1560000e-01
   5.4344420e+05   5.4037600e+06   1.4602200e-01
   5.4360180e+05   5.4037600e+06  -2.1868000e-02
   5.4363480e+05   5.4037600e+06   8.4760000e-03
   5.4347530e+05   5.4037610e+06   1.5966080e-01
   5.4350340e+05   5.4037610e+06   8.5710400e-02
   5.4353720e+05   5.4037610e+06   2.4674240e-01
   5.4358330e+05   5.4037610e+06  -5.9565300e-02
   5.4359010e+05   5.4037610e+06   3.5251100e-02
   5.4359590e+05   5.4037610e+06  -1.0825100e-02
   5.4346100e+05   5.4037620e+06   7.1502000e-02
   5.4355870e+05   5.4037620e+06  -1.4647840e-01
   5.4356660e+05   5.4037620e+06   1.4636640e-01
   5.4361740e+05   5.4037620e+06   2.1268240e-01
   5.4364540e+05   5.4037620e+06   5.1668800e-02
   5.4340010e+05   5.4037630e+06   3.9359900e-02
   5.4342630e+05   5.4037630e+06  -1.5688800e-02
   5.4346280e+05   5.4037630e+06  -3.4521600e-02
   5.4347190e+05   5.4037630e+06   1.0152000e-03
   5.4349770e+05   5.4037630e+06  -7.6767200e-02
   5.4357880e+05   5.4037630e+06  -2.1954000e-02
   5.4351660e+05   5.4037640e+06   1.7480680e-01
   5.4352890e+05   5.4037640e+06   1.8026400e-02
   5.4358340e+05   5.4037640e+06  -6.0319600e-02
   5.4358980e+05   5.4037640e+06  -1.9081200e-02
   5.4359600e+05   5.4037640e+06  -5.7556000e-02
   5.4363450e+05   5.4037640e+06  -1.5566500e-01
   5.4365840e+05   5.4037640e+06   9.3876800e-02
   5.4341760e+05   5.4037650e+06  -2.0166000e-02
   5.4353730e+05   5.4037650e+06   1.5644500e-01
   5.4360190e+05   5.4037650e+06   1.1142950e-01
   5.4364470e+05   5.4037650e+06   1.3009600e-01
   5.4338780e+05   5.4037660e+06  -6.0096000e-03
   5.4344380e+05   5.4037660e+06   7.2591200e-02
   5.4347540e+05   5.4037660e+06  -6.0533600e-02
   5.4348890e+05   5.4037660e+06  -6.9951200e-02
   5.4350330e+05   5.4037660e+06  -7.7306200e-02
   5.4355850e+05   5.4037670e+06   2.4545500e-02
   5.4368890e+05   5.4037670e+06   7.9181900e-02
   5.4339980e+05   5.4037680e+06   5.6012000e-03
   5.4343100e+05   5.4037680e+06  -2.3200000e-04
   5.4346040e+05   5.4037680e+06  -3.7076800e-02
   5.4349760e+05   5.4037680e+06   1.4363040e-01
   5.4353720e+05   5.4037680e+06   8.9283200e-02
   5.4356620e+05   5.4037680e+06   9.6257200e-02
   5.4357830e+05   5.4037680e+06  -1.5586400e-01
   5.4358350e+05   5.4037680e+06  -6.8973000e-02
   5.4358940e+05   5.4037680e+06  -9.2721200e-02
   5.4360210e+05   5.4037680e+06  -3.5317600e-02
   5.4364540e+05   5.4037680e+06  -2.1832480e-01
   5.4342600e+05   5.4037690e+06  -5.5418000e-02
   5.4346290e+05   5.4037690e+06   4.6737100e-02
   5.4352860e+05   5.4037690e+06   2.4600600e-02
   5.4359600e+05   5.4037690e+06  -2.3226000e-02
   5.4363410e+05   5.4037690e+06  -1.8569650e-01
   5.4365840e+05   5.4037690e+06   1.0922280e-01
   5.4347110e+05   5.4037700e+06  -2.7374000e-02
   5.4351670e+05   5.4037700e+06   6.8061000e-02
   5.4344330e+05   5.4037710e+06  -1.1347300e-02
   5.4360230e+05   5.4037710e+06  -1.6765400e-02
   5.4361730e+05   5.4037710e+06   1.1896350e-01
   5.4364460e+05   5.4037710e+06  -1.8939480e-01
   5.4365840e+05   5.4037710e+06  -6.3888000e-02
   5.4371120e+05   5.4037710e+06   3.1040400e-02
   5.4339930e+05   5.4037720e+06  -1.2287360e-01
   5.4341690e+05   5.4037720e+06  -1.1223580e-01
   5.4347550e+05   5.4037720e+06  -9.7490000e-03
   5.4355830e+05   5.4037720e+06  -2.4866800e-02
   5.4356580e+05   5.4037720e+06   2.9135840e-01
   5.4358360e+05   5.4037720e+06  -8.0432000e-02
   5.4358920e+05   5.4037720e+06   7.6656000e-02
   5.4359610e+05   5.4037720e+06  -9.6170200e-02
   5.4364550e+05   5.4037720e+06  -1.4470800e-01
   5.4368850e+05   5.4037720e+06  -9.4347000e-02
   5.4370310e+05   5.4037720e+06   6.6769800e-02
   5.4350320e+05   5.4037730e+06  -1.4902000e-02
   5.4353720e+05   5.4037730e+06   1.0213520e-01
   5.4357780e+05   5.4037730e+06   3.4889400e-02
   5.4363380e+05   5.4037730e+06  -2.1373220e-01
   5.4365850e+05   5.4037730e+06  -2.0237500e-02
   5.4338720e+05   5.4037740e+06  -1.4166400e-02
   5.4348870e+05   5.4037740e+06  -3.8799200e-02
   5.4349770e+05   5.4037740e+06   7.8374200e-02
   5.4360230e+05   5.4037740e+06  -3.1146000e-03
   5.4364450e+05   5.4037740e+06  -6.3664000e-02
   5.4371930e+05   5.4037740e+06   1.2066240e-01
   5.4380280e+05   5.4037740e+06   7.1537600e-02
   5.4342560e+05   5.4037750e+06   5.2482000e-02
   5.4343050e+05   5.4037750e+06  -5.5255000e-02
   5.4345990e+05   5.4037750e+06  -2.4023500e-02
   5.4352830e+05   5.4037750e+06   4.3715000e-03
   5.4361730e+05   5.4037750e+06   1.4442550e-01
   5.4368820e+05   5.4037750e+06   2.3120000e-02
   5.4371080e+05   5.4037750e+06  -2.5558200e-01
   5.4373790e+05   5.4037750e+06   1.4980550e-01
   5.4375870e+05   5.4037750e+06   1.2894850e-01
   5.4378300e+05   5.4037750e+06   1.0143500e-01
   5.4346310e+05   5.4037760e+06  -1.8151800e-02
   5.4351670e+05   5.4037760e+06   3.0133000e-02
   5.4358880e+05   5.4037760e+06   7.4152000e-02
   5.4359610e+05   5.4037760e+06   6.2901400e-02
   5.4364560e+05   5.4037760e+06  -4.2576800e-02
   5.4365850e+05   5.4037760e+06  -1.1803000e-01
   5.4375680e+05   5.4037760e+06   1.5666480e-01
   5.4377100e+05   5.4037760e+06   1.3939800e-01
   5.4339890e+05   5.4037770e+06  -6.6889800e-02
   5.4344280e+05   5.4037770e+06   5.1072400e-02
   5.4353730e+05   5.4037770e+06   1.7817520e-01
   5.4355800e+05   5.4037770e+06   4.0962000e-02
   5.4356560e+05   5.4037770e+06   1.5725080e-01
   5.4358370e+05   5.4037770e+06   1.3981000e-02
   5.4361720e+05   5.4037770e+06   1.7788600e-01
   5.4363340e+05   5.4037770e+06   3.8298600e-02
   5.4364440e+05   5.4037770e+06  -2.0904400e-02
   5.4368800e+05   5.4037770e+06  -1.2476600e-01
   5.4379760e+05   5.4037770e+06   1.3081320e-01
   5.4381810e+05   5.4037770e+06   1.1030390e-01
   5.4347040e+05   5.4037780e+06   2.7899200e-02
   5.4347560e+05   5.4037780e+06   4.1588800e-02
   5.4357740e+05   5.4037780e+06   3.2927200e-02
   5.4360250e+05   5.4037780e+06  -7.0655000e-02
   5.4371030e+05   5.4037780e+06  -9.8992000e-03
   5.4382510e+05   5.4037780e+06   1.1521200e-01
   5.4349780e+05   5.4037790e+06  -6.0802000e-03
   5.4359620e+05   5.4037790e+06  -7.8515800e-02
   5.4365850e+05   5.4037790e+06  -4.1822500e-02
   5.4370190e+05   5.4037790e+06   1.5930900e-02
   5.4372020e+05   5.4037790e+06  -2.5083800e-02
   5.4341620e+05   5.4037800e+06  -3.2074000e-02
   5.4350310e+05   5.4037800e+06  -2.9523000e-02
   5.4361730e+05   5.4037800e+06   1.1000300e-01
   5.4364420e+05   5.4037800e+06   1.1519600e-01
   5.4375690e+05   5.4037800e+06  -5.0061000e-02
   5.4384910e+05   5.4037800e+06   4.7790000e-03
   5.4338660e+05   5.4037810e+06  -4.1753400e-02
   5.4342530e+05   5.4037810e+06   6.5351300e-02
   5.4352790e+05   5.4037810e+06   1.3707990e-01
   5.4364570e+05   5.4037810e+06  -6.5380400e-02
   5.4368740e+05   5.4037810e+06  -1.3334140e-01
   5.4370170e+05   5.4037810e+06   2.7459400e-02
   5.4370980e+05   5.4037810e+06   4.9203600e-02
   5.4372050e+05   5.4037810e+06   6.3579000e-02
   5.4380360e+05   5.4037810e+06  -1.7783520e-01
   5.4383540e+05   5.4037810e+06   1.1272320e-01
   5.4342980e+05   5.4037820e+06  -6.4920400e-02
   5.4344240e+05   5.4037820e+06   2.8099200e-02
   5.4345930e+05   5.4037820e+06   1.8372600e-02
   5.4346330e+05   5.4037820e+06   2.7633400e-02
   5.4348860e+05   5.4037820e+06   3.7131600e-02
   5.4351670e+05   5.4037820e+06  -5.5539400e-02
   5.4353730e+05   5.4037820e+06   1.7190160e-01
   5.4355780e+05   5.4037820e+06   7.9203600e-02
   5.4356520e+05   5.4037820e+06   1.7551520e-01
   5.4358840e+05   5.4037820e+06   1.0771920e-01
   5.4360270e+05   5.4037820e+06  -3.9788200e-02
   5.4361720e+05   5.4037820e+06   1.5177440e-01
   5.4363290e+05   5.4037820e+06  -5.5220000e-03
   5.4378370e+05   5.4037820e+06  -2.0817520e-01
   5.4380380e+05   5.4037820e+06   7.9732800e-02
   5.4385690e+05   5.4037820e+06   5.9388800e-02
   5.4339850e+05   5.4037830e+06   8.1218500e-02
   5.4357680e+05   5.4037830e+06   1.1506800e-02
   5.4358390e+05   5.4037830e+06   1.5849800e-02
   5.4359620e+05   5.4037830e+06  -7.7496200e-02
   5.4364410e+05   5.4037830e+06  -8.4116000e-03
   5.4365850e+05   5.4037830e+06  -1.0189500e-02
   5.4372090e+05   5.4037830e+06   5.4726000e-03
   5.4373900e+05   5.4037830e+06   1.1630200e-01
   5.4375710e+05   5.4037830e+06   5.8778600e-02
   5.4380390e+05   5.4037830e+06   1.8511600e-02
   5.4381860e+05   5.4037830e+06  -5.4312200e-02
   5.4382550e+05   5.4037830e+06   6.6608000e-02
   5.4384930e+05   5.4037830e+06  -4.8523400e-02
   5.4370130e+05   5.4037840e+06  -2.8054600e-02
   5.4370940e+05   5.4037840e+06  -8.4074800e-02
   5.4378390e+05   5.4037840e+06  -6.6649800e-02
   5.4379810e+05   5.4037840e+06   5.2868600e-02
   5.4383560e+05   5.4037840e+06  -1.9800880e-01
   5.4387390e+05   5.4037840e+06   1.1272240e-01
   5.4347580e+05   5.4037850e+06   1.8820000e-03
   5.4349790e+05   5.4037850e+06  -3.0350000e-03
   5.4361710e+05   5.4037850e+06  -8.4711000e-02
   5.4364570e+05   5.4037850e+06  -8.1966000e-02
   5.4368690e+05   5.4037850e+06  -1.6682150e-01
   5.4372130e+05   5.4037850e+06  -3.3781000e-02
   5.4373920e+05   5.4037850e+06  -5.0746000e-02
   5.4377190e+05   5.4037850e+06   1.5022000e-02
   5.4380410e+05   5.4037850e+06   1.1220000e-03
   5.4389140e+05   5.4037850e+06   1.3910000e-01
   5.4346940e+05   5.4037860e+06  -1.1004400e-02
   5.4352760e+05   5.4037860e+06  -4.1346400e-02
   5.4360280e+05   5.4037860e+06   2.5216000e-03
   5.4364400e+05   5.4037860e+06   3.7952000e-02
   5.4365860e+05   5.4037860e+06  -1.0924040e-01
   5.4375730e+05   5.4037860e+06  -7.3194000e-03
   5.4379830e+05   5.4037860e+06   8.7913200e-02
   5.4381880e+05   5.4037860e+06  -1.3895120e-01
   5.4382580e+05   5.4037860e+06   1.6763600e-02
   5.4341550e+05   5.4037870e+06   5.2629000e-02
   5.4342510e+05   5.4037870e+06  -6.7994300e-02
   5.4350310e+05   5.4037870e+06  -1.5132830e-01
   5.4355760e+05   5.4037870e+06   1.8539200e-02
   5.4356490e+05   5.4037870e+06   1.0353090e-01
   5.4358800e+05   5.4037870e+06   8.7340000e-03
   5.4359630e+05   5.4037870e+06  -8.6966700e-02
   5.4361700e+05   5.4037870e+06  -2.4026000e-02
   5.4363260e+05   5.4037870e+06  -6.4103000e-02
   5.4370080e+05   5.4037870e+06  -8.5328000e-03
   5.4370900e+05   5.4037870e+06  -6.3574000e-02
   5.4380430e+05   5.4037870e+06  -1.5619720e-01
   5.4384960e+05   5.4037870e+06   1.0786800e-02
   5.4387410e+05   5.4037870e+06  -5.1800200e-02
   5.4389130e+05   5.4037870e+06   2.4740000e-02
   5.4339820e+05   5.4037880e+06   9.5475200e-02
   5.4344180e+05   5.4037880e+06   3.4471600e-02
   5.4351660e+05   5.4037880e+06   6.4261200e-02
   5.4353730e+05   5.4037880e+06   3.1039400e-02
   5.4373950e+05   5.4037880e+06   1.5691000e-02
   5.4377210e+05   5.4037880e+06   4.9493000e-02
   5.4378430e+05   5.4037880e+06  -2.7022000e-03
   5.4383580e+05   5.4037880e+06  -9.5524800e-02
   5.4385750e+05   5.4037880e+06   1.2096000e-01
   5.4342930e+05   5.4037890e+06  -1.6218300e-02
   5.4345880e+05   5.4037890e+06  -1.8862800e-02
   5.4346350e+05   5.4037890e+06   6.1351000e-02
   5.4357630e+05   5.4037890e+06   3.7084000e-03
   5.4358400e+05   5.4037890e+06   3.6074000e-02
   5.4364400e+05   5.4037890e+06   1.0018000e-02
   5.4364590e+05   5.4037890e+06   1.9108000e-03
   5.4365860e+05   5.4037890e+06   8.3005400e-02
   5.4372180e+05   5.4037890e+06  -5.0658400e-02
   5.4379840e+05   5.4037890e+06   3.0678400e-02
   5.4381910e+05   5.4037890e+06  -7.6671100e-02
   5.4382590e+05   5.4037890e+06  -9.5610800e-02
   5.4338610e+05   5.4037900e+06   9.8550000e-03
   5.4361700e+05   5.4037900e+06   3.2900000e-03
   5.4375760e+05   5.4037900e+06   4.4608000e-02
   5.4376030e+05   5.4037900e+06   1.5290000e-02
   5.4380460e+05   5.4037900e+06  -9.8544000e-02
   5.4387420e+05   5.4037900e+06   9.4668000e-02
   5.4347590e+05   5.4037910e+06   1.5557950e-01
   5.4348860e+05   5.4037910e+06  -9.1581400e-02
   5.4349790e+05   5.4037910e+06  -1.1760840e-01
   5.4359640e+05   5.4037910e+06  -4.2474000e-02
   5.4360310e+05   5.4037910e+06  -6.1159400e-02
   5.4368640e+05   5.4037910e+06  -6.1522400e-02
   5.4370040e+05   5.4037910e+06   5.0681600e-02
   5.4370840e+05   5.4037910e+06  -8.2864000e-03
   5.4377240e+05   5.4037910e+06   1.7929200e-02
   5.4389110e+05   5.4037910e+06   3.6330000e-02
   5.4346880e+05   5.4037920e+06   5.5879200e-02
   5.4352730e+05   5.4037920e+06  -2.3204200e-02
   5.4356450e+05   5.4037920e+06   1.0140400e-01
   5.4364380e+05   5.4037920e+06   2.6857200e-02
   5.4365870e+05   5.4037920e+06  -2.3594800e-02
   5.4372240e+05   5.4037920e+06  -3.1601600e-02
   5.4379860e+05   5.4037920e+06  -7.5087200e-02
   5.4381930e+05   5.4037920e+06  -8.3440000e-03
   5.4383610e+05   5.4037920e+06   7.6038800e-02
   5.4384990e+05   5.4037920e+06  -9.5944000e-02
   5.4385770e+05   5.4037920e+06  -6.4987400e-02
   5.4353730e+05   5.4037930e+06   2.7466700e-02
   5.4355720e+05   5.4037930e+06   2.5295600e-02
   5.4358760e+05   5.4037930e+06   7.7769200e-02
   5.4361710e+05   5.4037930e+06   5.7798400e-02
   5.4363230e+05   5.4037930e+06   5.4578400e-02
   5.4374010e+05   5.4037930e+06  -5.7011800e-02
   5.4377270e+05   5.4037930e+06  -2.7212200e-02
   5.4378480e+05   5.4037930e+06  -9.5062800e-02
   5.4380490e+05   5.4037930e+06   2.1841000e-03
   5.4382630e+05   5.4037930e+06   2.0425300e-02
   5.4339780e+05   5.4037940e+06   3.2624400e-02
   5.4341490e+05   5.4037940e+06   6.6113800e-02
   5.4342460e+05   5.4037940e+06   3.8854800e-02
   5.4344130e+05   5.4037940e+06   2.0988600e-02
   5.4350290e+05   5.4037940e+06  -1.4454800e-02
   5.4357580e+05   5.4037940e+06  -8.7358000e-02
   5.4358420e+05   5.4037940e+06  -5.2920800e-02
   5.4364590e+05   5.4037940e+06  -7.3834800e-02
   5.4369980e+05   5.4037940e+06  -1.1672800e-02
   5.4375780e+05   5.4037940e+06  -3.8290000e-02
   5.4376070e+05   5.4037940e+06   8.2686000e-02
   5.4351680e+05   5.4037950e+06   1.3271800e-01
   5.4359640e+05   5.4037950e+06   1.7734000e-02
   5.4361690e+05   5.4037950e+06   4.9740000e-03
   5.4365880e+05   5.4037950e+06  -2.3936000e-02
   5.4372290e+05   5.4037950e+06  -1.3622350e-01
   5.4381940e+05   5.4037950e+06  -1.1946800e-01
   5.4383640e+05   5.4037950e+06  -7.1056000e-02
   5.4385010e+05   5.4037950e+06  -8.1954500e-02
   5.4387440e+05   5.4037950e+06  -5.8100000e-03
   5.4342860e+05   5.4037960e+06  -4.0148000e-03
   5.4345820e+05   5.4037960e+06  -4.0858000e-02
   5.4364380e+05   5.4037960e+06  -1.4056440e-01
   5.4368580e+05   5.4037960e+06   4.8733200e-02
   5.4370780e+05   5.4037960e+06   6.7720000e-04
   5.4379890e+05   5.4037960e+06  -7.8718400e-02
   5.4385800e+05   5.4037960e+06  -2.7168000e-02
   5.4389110e+05   5.4037960e+06   1.1298000e-01
   5.4346370e+05   5.4037970e+06  -2.5549700e-02
   5.4349810e+05   5.4037970e+06  -1.1985200e-02
   5.4360330e+05   5.4037970e+06   1.7162600e-02
   5.4363180e+05   5.4037970e+06   9.9847600e-02
   5.4376100e+05   5.4037970e+06  -5.5080000e-02
   5.4377300e+05   5.4037970e+06  -4.5892000e-02
   5.4338560e+05   5.4037980e+06  -1.8856000e-03
   5.4347600e+05   5.4037980e+06   3.6360000e-02
   5.4352690e+05   5.4037980e+06   8.8386600e-02
   5.4356410e+05   5.4037980e+06   9.0005800e-02
   5.4358710e+05   5.4037980e+06   1.5060520e-01
   5.4361690e+05   5.4037980e+06   1.0352860e-01
   5.4365870e+05   5.4037980e+06   1.4180000e-04
   5.4369910e+05   5.4037980e+06  -7.9015200e-02
   5.4372330e+05   5.4037980e+06  -2.8761800e-02
   5.4375800e+05   5.4037980e+06  -3.3220000e-02
   5.4380540e+05   5.4037980e+06  -5.2670400e-02
   5.4383660e+05   5.4037980e+06   2.8979200e-02
   5.4346800e+05   5.4037990e+06   3.7814000e-02
   5.4348840e+05   5.4037990e+06   5.4637600e-02
   5.4353740e+05   5.4037990e+06   3.2031800e-02
   5.4355690e+05   5.4037990e+06   2.7875600e-02
   5.4359650e+05   5.4037990e+06  -8.1137500e-02
   5.4364600e+05   5.4037990e+06  -7.4112000e-02
   5.4374080e+05   5.4037990e+06   3.6990800e-02
   5.4378530e+05   5.4037990e+06  -6.0495900e-02
   5.4381960e+05   5.4037990e+06  -4.0734000e-02
   5.4385830e+05   5.4037990e+06  -1.9308700e-02
   5.4339740e+05   5.4038000e+06   1.1422000e-02
   5.4341430e+05   5.4038000e+06  -1.0475000e-02
   5.4344070e+05   5.4038000e+06   7.0277000e-02
   5.4350290e+05   5.4038000e+06   5.4590000e-02
   5.4357520e+05   5.4038000e+06   8.3180000e-02
   5.4358430e+05   5.4038000e+06  -6.6831000e-02
   5.4361690e+05   5.4038000e+06   3.9565000e-02
   5.4377340e+05   5.4038000e+06  -4.3806000e-02
   5.4379910e+05   5.4038000e+06  -2.5216000e-02
   5.4385040e+05   5.4038000e+06  -9.5540000e-02
   5.4389110e+05   5.4038000e+06  -7.0500000e-02
   5.4342430e+05   5.4038010e+06   5.2602800e-02
   5.4351680e+05   5.4038010e+06   7.9610400e-02
   5.4364360e+05   5.4038010e+06   1.7314400e-02
   5.4368530e+05   5.4038010e+06  -3.7095400e-02
   5.4370710e+05   5.4038010e+06  -6.7443900e-02
   5.4372380e+05   5.4038010e+06  -7.2941800e-02
   5.4376140e+05   5.4038010e+06   2.8263400e-02
   5.4382680e+05   5.4038010e+06  -2.4923960e-01
   5.4387460e+05   5.4038010e+06  -6.0661600e-02
   5.4345760e+05   5.4038020e+06   3.4046400e-02
   5.4365880e+05   5.4038020e+06  -3.6262400e-02
   5.4375830e+05   5.4038020e+06   6.3692800e-02
   5.4381990e+05   5.4038020e+06   3.3206000e-03
   5.4383680e+05   5.4038020e+06   1.2331200e-02
   5.4342790e+05   5.4038030e+06   3.6539200e-02
   5.4356380e+05   5.4038030e+06   9.2560000e-02
   5.4359650e+05   5.4038030e+06  -4.2390500e-02
   5.4360350e+05   5.4038030e+06  -1.8618150e-01
   5.4361680e+05   5.4038030e+06  -3.6194800e-02
   5.4363140e+05   5.4038030e+06  -7.9813800e-02
   5.4369860e+05   5.4038030e+06  -1.2380000e-02
   5.4379930e+05   5.4038030e+06  -1.5175000e-03
   5.4380590e+05   5.4038030e+06  -1.1905450e-01
   5.4385850e+05   5.4038030e+06  -5.4005500e-02
   5.4346390e+05   5.4038040e+06   1.0029720e-01
   5.4349810e+05   5.4038040e+06   1.6355720e-01
   5.4352670e+05   5.4038040e+06   4.7591000e-02
   5.4372430e+05   5.4038040e+06  -5.3399200e-02
   5.4377380e+05   5.4038040e+06  -1.9686000e-02
   5.4382000e+05   5.4038040e+06  -7.7400000e-02
   5.4347620e+05   5.4038050e+06   1.8899000e-02
   5.4355660e+05   5.4038050e+06   5.3616000e-02
   5.4358440e+05   5.4038050e+06  -7.6582000e-02
   5.4358660e+05   5.4038050e+06   3.6402000e-02
   5.4364340e+05   5.4038050e+06  -2.1690000e-02
   5.4364610e+05   5.4038050e+06  -4.5685000e-02
   5.4365880e+05   5.4038050e+06  -5.8000000e-02
   5.4374160e+05   5.4038050e+06  -7.9354000e-02
   5.4389100e+05   5.4038050e+06  -5.3350000e-02
   5.4338490e+05   5.4038060e+06  -1.6228200e-02
   5.4339700e+05   5.4038060e+06   1.1192000e-01
   5.4346720e+05   5.4038060e+06   2.6686400e-02
   5.4353740e+05   5.4038060e+06   1.8682400e-02
   5.4357480e+05   5.4038060e+06  -2.0560000e-02
   5.4361690e+05   5.4038060e+06  -4.5961800e-02
   5.4368480e+05   5.4038060e+06  -7.5118400e-02
   5.4375840e+05   5.4038060e+06  -3.9120800e-02
   5.4376190e+05   5.4038060e+06  -2.8826600e-02
   5.4378600e+05   5.4038060e+06  -1.4084000e-01
   5.4383720e+05   5.4038060e+06  -9.2277600e-02
   5.4385070e+05   5.4038060e+06  -2.0044120e-01
   5.4385870e+05   5.4038060e+06  -3.7769200e-02
   5.4387480e+05   5.4038060e+06  -4.1324800e-02
   5.4341380e+05   5.4038070e+06   7.2426800e-02
   5.4342420e+05   5.4038070e+06   1.5732840e-01
   5.4344030e+05   5.4038070e+06  -1.4297170e-01
   5.4350280e+05   5.4038070e+06   1.4228400e-02
   5.4369790e+05   5.4038070e+06  -1.1992200e-01
   5.4370630e+05   5.4038070e+06   1.9753100e-02
   5.4372480e+05   5.4038070e+06  -1.3173960e-01
   5.4377410e+05   5.4038070e+06   5.5019500e-02
   5.4379960e+05   5.4038070e+06  -8.1622000e-02
   5.4382030e+05   5.4038070e+06  -6.7575700e-02
   5.4348830e+05   5.4038080e+06   7.7892000e-03
   5.4356360e+05   5.4038080e+06  -2.7520000e-02
   5.4359660e+05   5.4038080e+06  -3.8585200e-02
   5.4360370e+05   5.4038080e+06  -5.5151800e-02
   5.4363090e+05   5.4038080e+06  -6.5308000e-03
   5.4351680e+05   5.4038090e+06   8.4933600e-02
   5.4361680e+05   5.4038090e+06   3.2255600e-02
   5.4364610e+05   5.4038090e+06   3.1806000e-03
   5.4365890e+05   5.4038090e+06  -5.7437900e-02
   5.4380640e+05   5.4038090e+06  -6.4628000e-02
   5.4382750e+05   5.4038090e+06  -1.8534750e-01
   5.4383740e+05   5.4038090e+06  -4.2949800e-02
   5.4345690e+05   5.4038100e+06   3.6132000e-02
   5.4349810e+05   5.4038100e+06   7.2574000e-02
   5.4355620e+05   5.4038100e+06   2.2750000e-02
   5.4358610e+05   5.4038100e+06  -3.2179000e-02
   5.4364330e+05   5.4038100e+06  -3.7009000e-02
   5.4368420e+05   5.4038100e+06  -4.6986000e-02
   5.4372530e+05   5.4038100e+06  -5.5963000e-02
   5.4377440e+05   5.4038100e+06   1.1824000e-02
   5.4382050e+05   5.4038100e+06  -8.8715000e-02
   5.4385910e+05   5.4038100e+06  -7.2936000e-02
   5.4389090e+05   5.4038100e+06  -1.8820000e-01
   5.4339660e+05   5.4038110e+06  -1.3052200e-02
   5.4342740e+05   5.4038110e+06   1.6458000e-03
   5.4352630e+05   5.4038110e+06   7.7196100e-02
   5.4358460e+05   5.4038110e+06   1.3888800e-02
   5.4374220e+05   5.4038110e+06   8.2170000e-03
   5.4375880e+05   5.4038110e+06  -3.9024000e-03
   5.4376240e+05   5.4038110e+06   2.7440800e-02
   5.4379990e+05   5.4038110e+06   3.9508000e-03
   5.4347630e+05   5.4038120e+06  -1.1931200e-02
   5.4357410e+05   5.4038120e+06  -4.0781400e-02
   5.4361670e+05   5.4038120e+06   7.9654600e-02
   5.4365890e+05   5.4038120e+06  -1.5286640e-01
   5.4369730e+05   5.4038120e+06  -1.7964000e-01
   5.4370560e+05   5.4038120e+06  -9.5246400e-02
   5.4385110e+05   5.4038120e+06  -1.9659620e-01
   5.4387490e+05   5.4038120e+06   6.5075800e-02
   5.4342380e+05   5.4038130e+06  -3.4634200e-02
   5.4343960e+05   5.4038130e+06   1.2970520e-01
   5.4346410e+05   5.4038130e+06  -1.4045500e-02
   5.4346630e+05   5.4038130e+06   1.0073500e-02
   5.4353740e+05   5.4038130e+06  -2.7540000e-03
   5.4356310e+05   5.4038130e+06   8.8293000e-03
   5.4359680e+05   5.4038130e+06  -1.4124400e-02
   5.4372590e+05   5.4038130e+06  -8.2994200e-02
   5.4378660e+05   5.4038130e+06  -1.7988800e-02
   5.4382070e+05   5.4038130e+06  -7.4875200e-02
   5.4383770e+05   5.4038130e+06  -1.8000880e-01
   5.4385930e+05   5.4038130e+06  -9.0916900e-02
   5.4338440e+05   5.4038140e+06  -3.1640000e-03
   5.4341310e+05   5.4038140e+06   5.2255000e-02
   5.4350270e+05   5.4038140e+06   4.2999800e-02
   5.4360390e+05   5.4038140e+06  -8.8104400e-02
   5.4364630e+05   5.4038140e+06  -1.5827260e-01
   5.4377480e+05   5.4038140e+06   7.4256000e-03
   5.4380700e+05   5.4038140e+06  -1.1165600e-01
   5.4389080e+05   5.4038140e+06  -1.4836000e-01
   5.4361670e+05   5.4038150e+06   7.3675000e-02
   5.4363040e+05   5.4038150e+06   1.3388000e-02
   5.4364300e+05   5.4038150e+06  -7.1610000e-02
   5.4365890e+05   5.4038150e+06  -2.4514650e-01
   5.4368360e+05   5.4038150e+06   1.1690000e-02
   5.4375910e+05   5.4038150e+06  -5.0468000e-02
   5.4380010e+05   5.4038150e+06  -9.9382000e-02
   5.4351680e+05   5.4038160e+06   1.3370320e-01
   5.4358470e+05   5.4038160e+06   5.6074600e-02
   5.4372630e+05   5.4038160e+06  -7.3025800e-02
   5.4374280e+05   5.4038160e+06   1.4348000e-02
   5.4376290e+05   5.4038160e+06  -3.9249200e-02
   5.4382810e+05   5.4038160e+06  -9.8540200e-02
   5.4339620e+05   5.4038170e+06   7.1346200e-02
   5.4348830e+05   5.4038170e+06   1.2706300e-02
   5.4349820e+05   5.4038170e+06   1.4082320e-01
   5.4355600e+05   5.4038170e+06  -2.1292000e-02
   5.4358560e+05   5.4038170e+06  -1.2478400e-02
   5.4369640e+05   5.4038170e+06   3.2300000e-03
   5.4377510e+05   5.4038170e+06  -4.0959400e-02
   5.4382090e+05   5.4038170e+06  -1.2168960e-01
   5.4383800e+05   5.4038170e+06  -1.0878000e-02
   5.4387510e+05   5.4038170e+06  -1.5386030e-01
   5.4342680e+05   5.4038180e+06  -3.6703200e-02
   5.4352590e+05   5.4038180e+06   2.6292400e-02
   5.4357360e+05   5.4038180e+06  -2.5737600e-02
   5.4359680e+05   5.4038180e+06   3.7416000e-03
   5.4361660e+05   5.4038180e+06   6.9669200e-02
   5.4375910e+05   5.4038180e+06   1.4933600e-02
   5.4385140e+05   5.4038180e+06  -2.0288320e-01
   5.4385970e+05   5.4038180e+06  -1.6925360e-01
   5.4342350e+05   5.4038190e+06  -5.6045000e-03
   5.4345610e+05   5.4038190e+06   4.2428400e-02
   5.4346560e+05   5.4038190e+06   2.0476800e-01
   5.4356270e+05   5.4038190e+06   1.3596300e-02
   5.4364290e+05   5.4038190e+06  -9.0961800e-02
   5.4364640e+05   5.4038190e+06  -1.0000880e-01
   5.4370480e+05   5.4038190e+06  -4.2384000e-03
   5.4372690e+05   5.4038190e+06  -9.2898600e-02
   5.4380040e+05   5.4038190e+06  -6.7853200e-02
   5.4341250e+05   5.4038200e+06  -5.1750000e-03
   5.4347650e+05   5.4038200e+06   6.9540000e-02
   5.4350260e+05   5.4038200e+06   6.3410000e-02
   5.4360420e+05   5.4038200e+06  -1.3350000e-02
   5.4363000e+05   5.4038200e+06  -2.7300000e-02
   5.4365900e+05   5.4038200e+06   3.6000000e-03
   5.4368320e+05   5.4038200e+06  -9.3584000e-02
   5.4374320e+05   5.4038200e+06  -5.9556000e-02
   5.4378730e+05   5.4038200e+06  -8.7666000e-02
   5.4380760e+05   5.4038200e+06  -5.3368000e-02
   5.4382120e+05   5.4038200e+06  -7.9960000e-02
   5.4383830e+05   5.4038200e+06  -1.3708900e-01
   5.4389080e+05   5.4038200e+06  -9.8100000e-02
   5.4343890e+05   5.4038210e+06  -1.7804300e-02
   5.4346430e+05   5.4038210e+06   6.9265500e-02
   5.4353740e+05   5.4038210e+06   7.6460000e-03
   5.4361650e+05   5.4038210e+06   5.2181000e-02
   5.4377550e+05   5.4038210e+06  -1.2284000e-02
   5.4338390e+05   5.4038220e+06   6.8098000e-03
   5.4355560e+05   5.4038220e+06   2.0268800e-02
   5.4369550e+05   5.4038220e+06  -7.5093000e-02
   5.4376360e+05   5.4038220e+06  -1.9687200e-02
   5.4386000e+05   5.4038220e+06  -9.1520000e-02
   5.4387520e+05   5.4038220e+06  -1.2941920e-01
   5.4339580e+05   5.4038230e+06   4.3590000e-02
   5.4349830e+05   5.4038230e+06   6.5042700e-02
   5.4351680e+05   5.4038230e+06   9.5751200e-02
   5.4357300e+05   5.4038230e+06  -5.2870000e-03
   5.4358490e+05   5.4038230e+06  -6.0654100e-02
   5.4359690e+05   5.4038230e+06  -8.4069100e-02
   5.4372760e+05   5.4038230e+06  -4.2770400e-02
   5.4374360e+05   5.4038230e+06  -4.0300000e-03
   5.4375950e+05   5.4038230e+06  -1.0229050e-01
   5.4380070e+05   5.4038230e+06  -4.4124000e-02
   5.4382860e+05   5.4038230e+06  -1.4187340e-01
   5.4383840e+05   5.4038230e+06  -9.1412000e-02
   5.4358500e+05   5.4038240e+06   1.9410000e-02
   5.4364270e+05   5.4038240e+06  -5.9969800e-02
   5.4364640e+05   5.4038240e+06  -7.0536000e-03
   5.4365910e+05   5.4038240e+06  -7.1609600e-02
   5.4377580e+05   5.4038240e+06  -8.0533600e-02
   5.4382140e+05   5.4038240e+06  -1.5169880e-01
   5.4385180e+05   5.4038240e+06  -1.6243560e-01
   5.4342610e+05   5.4038250e+06   1.1562850e-01
   5.4348820e+05   5.4038250e+06   2.8850000e-03
   5.4352560e+05   5.4038250e+06  -1.1152000e-02
   5.4360450e+05   5.4038250e+06   6.0267500e-02
   5.4361660e+05   5.4038250e+06   1.7314000e-02
   5.4370390e+05   5.4038250e+06  -1.5737400e-01
   5.4389060e+05   5.4038250e+06  -1.6160000e-01
   5.4341180e+05   5.4038260e+06  -2.7644400e-02
   5.4342310e+05   5.4038260e+06  -9.4243800e-02
   5.4350260e+05   5.4038260e+06   3.0142400e-02
   5.4356230e+05   5.4038260e+06   1.0049880e-01
   5.4362950e+05   5.4038260e+06   1.8815000e-02
   5.4368260e+05   5.4038260e+06  -3.4206400e-02
   5.4380820e+05   5.4038260e+06  -6.2972000e-02
   5.4346490e+05   5.4038270e+06   2.3942950e-01
   5.4365910e+05   5.4038270e+06  -4.8176800e-02
   5.4372830e+05   5.4038270e+06   4.6654700e-02
   5.4374410e+05   5.4038270e+06  -4.4416000e-02
   5.4378800e+05   5.4038270e+06  -1.1847200e-01
   5.4380100e+05   5.4038270e+06  -7.0300000e-02
   5.4383880e+05   5.4038270e+06  -1.0906400e-01
   5.4386040e+05   5.4038270e+06  -1.5935560e-01
   5.4343830e+05   5.4038280e+06   1.3994220e-01
   5.4345530e+05   5.4038280e+06   4.4815200e-02
   5.4347670e+05   5.4038280e+06  -9.3738400e-02
   5.4359700e+05   5.4038280e+06  -7.5780000e-03
   5.4364650e+05   5.4038280e+06   1.0283000e-02
   5.4369460e+05   5.4038280e+06  -4.6270400e-02
   5.4375980e+05   5.4038280e+06  -1.3374320e-01
   5.4376420e+05   5.4038280e+06  -4.7661600e-02
   5.4377620e+05   5.4038280e+06  -1.2388880e-01
   5.4382160e+05   5.4038280e+06  -1.0647440e-01
   5.4387540e+05   5.4038280e+06  -1.7161560e-01
   5.4353740e+05   5.4038290e+06   8.0478000e-02
   5.4355540e+05   5.4038290e+06   1.4846540e-01
   5.4357240e+05   5.4038290e+06   6.8735200e-02
   5.4361640e+05   5.4038290e+06   2.2358400e-02
   5.4364250e+05   5.4038290e+06  -4.1282500e-02
   5.4338340e+05   5.4038300e+06   2.7634000e-02
   5.4346460e+05   5.4038300e+06   1.3856400e-01
   5.4351690e+05   5.4038300e+06   3.3420000e-02
   5.4358450e+05   5.4038300e+06   1.2477000e-01
   5.4358510e+05   5.4038300e+06  -1.4154000e-02
   5.4370310e+05   5.4038300e+06  -1.0459100e-01
   5.4382920e+05   5.4038300e+06  -1.3697600e-01
   5.4385210e+05   5.4038300e+06  -1.4048000e-01
   5.4389050e+05   5.4038300e+06  -6.9100000e-02
   5.4339530e+05   5.4038310e+06   5.0216700e-02
   5.4349840e+05   5.4038310e+06   1.3534800e-02
   5.4362910e+05   5.4038310e+06  -1.0803400e-02
   5.4368190e+05   5.4038310e+06   1.0513200e-02
   5.4380130e+05   5.4038310e+06  -3.7590000e-04
   5.4383910e+05   5.4038310e+06  -1.3644470e-01
   5.4386070e+05   5.4038310e+06  -1.4074540e-01
   5.4342560e+05   5.4038320e+06   6.2752800e-02
   5.4352510e+05   5.4038320e+06   6.5478000e-03
   5.4356190e+05   5.4038320e+06   8.7700400e-02
   5.4360470e+05   5.4038320e+06  -1.0483520e-01
   5.4365910e+05   5.4038320e+06  -5.5411200e-02
   5.4372910e+05   5.4038320e+06  -6.9939800e-02
   5.4374460e+05   5.4038320e+06  -1.0582680e-01
   5.4377660e+05   5.4038320e+06  -5.8341200e-02
   5.4380890e+05   5.4038320e+06  -1.0163400e-02
   5.4341140e+05   5.4038330e+06   6.4196400e-02
   5.4342280e+05   5.4038330e+06  -9.7148400e-02
   5.4350260e+05   5.4038330e+06   3.4584200e-02
   5.4359700e+05   5.4038330e+06   2.6831000e-02
   5.4361640e+05   5.4038330e+06   5.2528000e-02
   5.4364660e+05   5.4038330e+06   1.6155800e-02
   5.4376010e+05   5.4038330e+06  -7.5418900e-02
   5.4378860e+05   5.4038330e+06  -1.2077060e-01
   5.4382210e+05   5.4038330e+06  -8.2017400e-02
   5.4387560e+05   5.4038330e+06  -1.8192120e-01
   5.4346410e+05   5.4038340e+06   8.1721600e-02
   5.4347670e+05   5.4038340e+06  -1.2655600e-02
   5.4348810e+05   5.4038340e+06   9.0042400e-02
   5.4357190e+05   5.4038340e+06   1.1829400e-01
   5.4369380e+05   5.4038340e+06  -4.3020000e-03
   5.4376480e+05   5.4038340e+06  -2.8421600e-02
   5.4380150e+05   5.4038340e+06  -8.9248000e-02
   5.4343760e+05   5.4038350e+06   7.7188000e-02
   5.4355510e+05   5.4038350e+06   1.2918650e-01
   5.4364240e+05   5.4038350e+06   1.2264000e-02
   5.4377700e+05   5.4038350e+06  -7.4465000e-02
   5.4383940e+05   5.4038350e+06  -1.6324100e-01
   5.4386100e+05   5.4038350e+06  -2.2940000e-02
   5.4389040e+05   5.4038350e+06  -1.3540000e-01
   5.4358410e+05   5.4038360e+06   1.8207000e-02
   5.4362860e+05   5.4038360e+06   1.4471600e-02
   5.4382960e+05   5.4038360e+06  -1.4145680e-01
   5.4385260e+05   5.4038360e+06  -9.2028800e-02
   5.4345460e+05   5.4038370e+06  -1.8639000e-02
   5.4349840e+05   5.4038370e+06   4.5903600e-02
   5.4351680e+05   5.4038370e+06   3.8765600e-02
   5.4353750e+05   5.4038370e+06   1.3542500e-01
   5.4364670e+05   5.4038370e+06  -2.5243100e-02
   5.4368120e+05   5.4038370e+06   3.8857200e-02
   5.4370240e+05   5.4038370e+06   8.0580000e-03
   5.4374510e+05   5.4038370e+06   4.8099700e-02
   5.4376030e+05   5.4038370e+06  -1.1700300e-02
   5.4382230e+05   5.4038370e+06  -1.0165800e-02
   5.4338280e+05   5.4038380e+06   3.1432000e-02
   5.4339460e+05   5.4038380e+06  -7.0486800e-02
   5.4342500e+05   5.4038380e+06  -3.8710000e-02
   5.4346480e+05   5.4038380e+06   5.0617600e-02
   5.4356140e+05   5.4038380e+06   2.5341600e-02
   5.4358530e+05   5.4038380e+06   7.6302000e-02
   5.4360490e+05   5.4038380e+06  -6.7259600e-02
   5.4361630e+05   5.4038380e+06   1.2826100e-01
   5.4365920e+05   5.4038380e+06  -4.0493600e-02
   5.4373000e+05   5.4038380e+06   7.8600000e-03
   5.4380950e+05   5.4038380e+06  -8.8298000e-02
   5.4341080e+05   5.4038390e+06  -3.4367600e-02
   5.4350240e+05   5.4038390e+06   4.0900400e-02
   5.4352480e+05   5.4038390e+06   1.3768880e-01
   5.4359710e+05   5.4038390e+06   3.9699900e-02
   5.4377740e+05   5.4038390e+06  -3.1104600e-02
   5.4380180e+05   5.4038390e+06  -5.7914600e-02
   5.4386130e+05   5.4038390e+06  -1.5115400e-02
   5.4387580e+05   5.4038390e+06  -6.4382800e-02
   5.4357130e+05   5.4038400e+06   4.3265000e-02
   5.4362820e+05   5.4038400e+06   1.4834000e-02
   5.4376540e+05   5.4038400e+06   2.5326000e-02
   5.4378930e+05   5.4038400e+06  -2.0130000e-03
   5.4383970e+05   5.4038400e+06  -9.8890000e-02
   5.4389030e+05   5.4038400e+06  -1.4070000e-01
   5.4342240e+05   5.4038410e+06  -3.9440000e-04
   5.4347680e+05   5.4038410e+06   2.9386400e-02
   5.4364220e+05   5.4038410e+06   7.0850000e-03
   5.4369290e+05   5.4038410e+06  -3.5105100e-02
   5.4343710e+05   5.4038420e+06  -1.8925580e-01
   5.4346320e+05   5.4038420e+06  -1.3590720e-01
   5.4355470e+05   5.4038420e+06   2.8345000e-02
   5.4358360e+05   5.4038420e+06   1.1924080e-01
   5.4361630e+05   5.4038420e+06   9.1008200e-02
   5.4364680e+05   5.4038420e+06   6.4880000e-03
   5.4370160e+05   5.4038420e+06  -7.8968800e-02
   5.4374580e+05   5.4038420e+06   5.3334800e-02
   5.4376060e+05   5.4038420e+06  -2.0197600e-02
   5.4382260e+05   5.4038420e+06  -6.2425600e-02
   5.4385290e+05   5.4038420e+06  -3.8907200e-02
   5.4348790e+05   5.4038430e+06   5.6574200e-02
   5.4365930e+05   5.4038430e+06   1.0898270e-01
   5.4368060e+05   5.4038430e+06   1.2462000e-03
   5.4373090e+05   5.4038430e+06  -1.8913700e-02
   5.4377770e+05   5.4038430e+06  -5.5565500e-02
   5.4383030e+05   5.4038430e+06  -4.8059200e-02
   5.4386160e+05   5.4038430e+06   2.0015600e-02
   5.4339430e+05   5.4038440e+06  -6.8816000e-03
   5.4345380e+05   5.4038440e+06  -2.8708800e-02
   5.4349840e+05   5.4038440e+06   1.0502880e-01
   5.4353750e+05   5.4038440e+06   1.2326000e-01
   5.4380210e+05   5.4038440e+06  -6.4932600e-02
   5.4381010e+05   5.4038440e+06  -7.6855400e-02
   5.4384000e+05   5.4038440e+06  -9.4300000e-02
   5.4342460e+05   5.4038450e+06   7.5538000e-02
   5.4351680e+05   5.4038450e+06   2.3688400e-01
   5.4356100e+05   5.4038450e+06   1.0902000e-01
   5.4359730e+05   5.4038450e+06   9.6539500e-02
   5.4360530e+05   5.4038450e+06   9.8250500e-02
   5.4387610e+05   5.4038450e+06  -8.8243500e-02
   5.4389020e+05   5.4038450e+06  -4.6150000e-02
   5.4341010e+05   5.4038460e+06  -7.0938000e-02
   5.4346500e+05   5.4038460e+06  -8.4000000e-03
   5.4357090e+05   5.4038460e+06  -1.9759200e-02
   5.4358550e+05   5.4038460e+06   1.2410200e-01
   5.4362780e+05   5.4038460e+06   3.9814400e-02
   5.4376090e+05   5.4038460e+06  -2.6251200e-02
   5.4376610e+05   5.4038460e+06   4.2755200e-02
   5.4338210e+05   5.4038470e+06  -5.5977500e-02
   5.4350240e+05   5.4038470e+06   7.6514400e-02
   5.4352440e+05   5.4038470e+06   8.2999600e-02
   5.4361620e+05   5.4038470e+06   9.8118800e-02
   5.4364190e+05   5.4038470e+06   4.9306500e-02
   5.4364680e+05   5.4038470e+06   2.7028000e-02
   5.4365930e+05   5.4038470e+06   1.2194630e-01
   5.4369190e+05   5.4038470e+06   5.1035300e-02
   5.4373160e+05   5.4038470e+06   6.8410800e-02
   5.4374630e+05   5.4038470e+06   5.9848000e-03
   5.4378990e+05   5.4038470e+06  -1.8411800e-02
   5.4382290e+05   5.4038470e+06  -8.3384000e-03
   5.4386180e+05   5.4038470e+06  -4.7037800e-02
   5.4347710e+05   5.4038480e+06  -1.1498600e-02
   5.4355430e+05   5.4038480e+06   5.5540000e-02
   5.4358310e+05   5.4038480e+06   1.1827420e-01
   5.4370080e+05   5.4038480e+06   4.4066400e-02
   5.4377830e+05   5.4038480e+06   7.1453000e-02
   5.4380240e+05   5.4038480e+06   2.5935200e-02
   5.4385330e+05   5.4038480e+06  -2.1835600e-02
   5.4343660e+05   5.4038490e+06  -3.1376000e-03
   5.4346240e+05   5.4038490e+06   1.5709120e-01
   5.4367990e+05   5.4038490e+06   6.2627700e-02
   5.4384040e+05   5.4038490e+06  -1.7416400e-02
   5.4342200e+05   5.4038500e+06  -4.2200000e-02
   5.4381080e+05   5.4038500e+06  -2.8424000e-02
   5.4383080e+05   5.4038500e+06  -4.1764000e-02
   5.4387610e+05   5.4038500e+06  -3.3586000e-02
   5.4339380e+05   5.4038510e+06  -9.1544600e-02
   5.4342390e+05   5.4038510e+06   7.8359800e-02
   5.4348780e+05   5.4038510e+06   4.6193000e-02
   5.4356060e+05   5.4038510e+06   1.1794500e-01
   5.4359740e+05   5.4038510e+06   7.0838000e-03
   5.4362740e+05   5.4038510e+06   1.5268600e-02
   5.4376110e+05   5.4038510e+06   7.3549000e-03
   5.4382330e+05   5.4038510e+06   3.4433500e-02
   5.4386230e+05   5.4038510e+06  -1.4001330e-01
   5.4389010e+05   5.4038510e+06  -6.8570000e-02
   5.4349860e+05   5.4038520e+06   4.9511200e-02
   5.4351690e+05   5.4038520e+06   8.8254800e-02
   5.4353760e+05   5.4038520e+06   1.4074320e-01
   5.4357030e+05   5.4038520e+06   1.1788660e-01
   5.4361620e+05   5.4038520e+06   1.1973240e-01
   5.4364180e+05   5.4038520e+06   4.4060000e-02
   5.4364690e+05   5.4038520e+06   1.0153000e-01
   5.4365930e+05   5.4038520e+06   3.4871200e-02
   5.4373230e+05   5.4038520e+06  -8.7078000e-03
   5.4374680e+05   5.4038520e+06   1.0419840e-01
   5.4376660e+05   5.4038520e+06   3.0842800e-02
   5.4377870e+05   5.4038520e+06   7.2382600e-02
   5.4340940e+05   5.4038530e+06  -6.9913400e-02
   5.4345310e+05   5.4038530e+06  -2.7995500e-02
   5.4358570e+05   5.4038530e+06   7.0449300e-02
   5.4360550e+05   5.4038530e+06   5.3185000e-02
   5.4369110e+05   5.4038530e+06   1.5899100e-02
   5.4380270e+05   5.4038530e+06   3.3171900e-02
   5.4384060e+05   5.4038530e+06  -4.1620400e-02
   5.4346520e+05   5.4038540e+06  -2.2217600e-02
   5.4347720e+05   5.4038540e+06   8.1456000e-03
   5.4358270e+05   5.4038540e+06  -2.2360000e-04
   5.4369990e+05   5.4038540e+06  -4.0762800e-02
   5.4386250e+05   5.4038540e+06  -6.6560000e-02
   5.4338160e+05   5.4038550e+06   2.0706000e-02
   5.4343590e+05   5.4038550e+06  -6.2508000e-02
   5.4350230e+05   5.4038550e+06   7.3710000e-02
   5.4352390e+05   5.4038550e+06   4.3514000e-02
   5.4355400e+05   5.4038550e+06   6.4330000e-02
   5.4379060e+05   5.4038550e+06   3.7570000e-02
   5.4385380e+05   5.4038550e+06  -3.6019000e-02
   5.4346160e+05   5.4038560e+06   8.2568800e-02
   5.4362700e+05   5.4038560e+06   7.8698000e-02
   5.4365940e+05   5.4038560e+06   4.1224800e-02
   5.4367910e+05   5.4038560e+06   4.2102400e-02
   5.4374740e+05   5.4038560e+06   3.2405600e-02
   5.4376140e+05   5.4038560e+06   1.9975600e-02
   5.4381140e+05   5.4038560e+06   7.4857600e-02
   5.4382360e+05   5.4038560e+06   2.4632000e-02
   5.4387630e+05   5.4038560e+06  -1.7266400e-02
   5.4342340e+05   5.4038570e+06  -1.6648400e-02
   5.4356010e+05   5.4038570e+06   4.4735500e-02
   5.4359740e+05   5.4038570e+06   5.6450600e-02
   5.4361610e+05   5.4038570e+06   1.4657020e-01
   5.4373320e+05   5.4038570e+06   1.0907680e-01
   5.4377920e+05   5.4038570e+06   9.9335600e-02
   5.4380300e+05   5.4038570e+06  -1.8210000e-03
   5.4388990e+05   5.4038570e+06  -1.5325400e-02
   5.4339330e+05   5.4038580e+06   7.4024200e-02
   5.4342170e+05   5.4038580e+06   6.1240200e-02
   5.4348770e+05   5.4038580e+06   1.4977000e-02
   5.4364160e+05   5.4038580e+06   8.1208000e-02
   5.4364710e+05   5.4038580e+06   6.0548000e-02
   5.4376720e+05   5.4038580e+06   1.2477440e-01
   5.4384110e+05   5.4038580e+06  -3.4001400e-02
   5.4386280e+05   5.4038580e+06  -2.6224000e-03
   5.4340890e+05   5.4038590e+06   2.3498300e-02
   5.4349860e+05   5.4038590e+06  -3.6346000e-03
   5.4356980e+05   5.4038590e+06  -7.5393000e-02
   5.4369010e+05   5.4038590e+06   3.6986300e-02
   5.4383140e+05   5.4038590e+06   8.8135200e-02
   5.4351690e+05   5.4038600e+06   2.4340000e-03
   5.4353750e+05   5.4038600e+06  -8.6300000e-02
   5.4358210e+05   5.4038600e+06   1.4028300e-01
   5.4358590e+05   5.4038600e+06   3.1570000e-03
   5.4360590e+05   5.4038600e+06   7.1103000e-02
   5.4362650e+05   5.4038600e+06   2.0758500e-01
   5.4374780e+05   5.4038600e+06   3.0920000e-02
   5.4343550e+05   5.4038610e+06   9.9383500e-02
   5.4345250e+05   5.4038610e+06   1.4907500e-02
   5.4346540e+05   5.4038610e+06   3.4609400e-02
   5.4347740e+05   5.4038610e+06   1.2571800e-02
   5.4355370e+05   5.4038610e+06   9.1612500e-02
   5.4361600e+05   5.4038610e+06   1.5203000e-01
   5.4369910e+05   5.4038610e+06   1.1327100e-01
   5.4379120e+05   5.4038610e+06   1.2787600e-02
   5.4385410e+05   5.4038610e+06   8.3563300e-02
   5.4386300e+05   5.4038610e+06   1.3459000e-02
   5.4387660e+05   5.4038610e+06   1.3819000e-02
   5.4365940e+05   5.4038620e+06   3.5217600e-02
   5.4373400e+05   5.4038620e+06   1.1529600e-01
   5.4376180e+05   5.4038620e+06   6.1100000e-02
   5.4377960e+05   5.4038620e+06   5.8384000e-02
   5.4380330e+05   5.4038620e+06   3.5866000e-02
   5.4381210e+05   5.4038620e+06   1.8329400e-02
   5.4382390e+05   5.4038620e+06   4.8390000e-02
   5.4338100e+05   5.4038630e+06  -2.9121000e-02
   5.4346090e+05   5.4038630e+06   8.6185700e-02
   5.4350220e+05   5.4038630e+06   9.1980000e-03
   5.4352350e+05   5.4038630e+06   5.4728000e-02
   5.4355980e+05   5.4038630e+06  -3.8919000e-02
   5.4359750e+05   5.4038630e+06   2.7927500e-02
   5.4364140e+05   5.4038630e+06   9.8809800e-02
   5.4367850e+05   5.4038630e+06   7.8335000e-02
   5.4384140e+05   5.4038630e+06  -3.3424200e-02
   5.4342290e+05   5.4038640e+06   1.0307020e-01
   5.4374830e+05   5.4038640e+06   1.0233080e-01
   5.4376780e+05   5.4038640e+06   1.0735000e-01
   5.4388980e+05   5.4038640e+06   8.1674400e-02
   5.4339280e+05   5.4038650e+06   9.2936000e-02
   5.4340830e+05   5.4038650e+06  -7.7811000e-02
   5.4342130e+05   5.4038650e+06   6.9311500e-02
   5.4356900e+05   5.4038650e+06  -3.7815000e-02
   5.4364720e+05   5.4038650e+06   1.2652200e-01
   5.4386330e+05   5.4038650e+06  -7.1675000e-03
   5.4387660e+05   5.4038650e+06   3.0551000e-02
   5.4343490e+05   5.4038660e+06   6.8468000e-03
   5.4348770e+05   5.4038660e+06  -3.5529800e-02
   5.4358610e+05   5.4038660e+06  -2.4609600e-02
   5.4361590e+05   5.4038660e+06   4.7935000e-02
   5.4362620e+05   5.4038660e+06   1.4927880e-01
   5.4365940e+05   5.4038660e+06   2.1537280e-01
   5.4368920e+05   5.4038660e+06   5.7065600e-02
   5.4373480e+05   5.4038660e+06   1.0910560e-01
   5.4347740e+05   5.4038670e+06   7.9082600e-02
   5.4355340e+05   5.4038670e+06   4.8789000e-02
   5.4358170e+05   5.4038670e+06   1.1687510e-01
   5.4360610e+05   5.4038670e+06   6.7020300e-02
   5.4369830e+05   5.4038670e+06   8.5723000e-02
   5.4376210e+05   5.4038670e+06  -7.1975000e-03
   5.4378010e+05   5.4038670e+06   1.3378810e-01
   5.4379180e+05   5.4038670e+06   7.2001800e-02
   5.4380380e+05   5.4038670e+06   4.5811000e-02
   5.4382440e+05   5.4038670e+06   9.5080000e-02
   5.4383210e+05   5.4038670e+06   6.4869800e-02
   5.4384180e+05   5.4038670e+06  -7.8246000e-03
   5.4346560e+05   5.4038680e+06  -8.3432000e-03
   5.4349880e+05   5.4038680e+06  -8.3968000e-02
   5.4351690e+05   5.4038680e+06  -1.2690920e-01
   5.4353760e+05   5.4038680e+06  -2.2179440e-01
   5.4359760e+05   5.4038680e+06   4.6563200e-02
   5.4367780e+05   5.4038680e+06   1.1482000e-01
   5.4374870e+05   5.4038680e+06   6.5862400e-02
   5.4381270e+05   5.4038680e+06   8.0335200e-02
   5.4385460e+05   5.4038680e+06   9.8964000e-03
   5.4338060e+05   5.4038690e+06  -1.3796980e-01
   5.4342240e+05   5.4038690e+06  -4.4744800e-02
   5.4345180e+05   5.4038690e+06  -3.4612200e-02
   5.4364130e+05   5.4038690e+06   1.1956830e-01
   5.4376840e+05   5.4038690e+06  -2.3400000e-03
   5.4386370e+05   5.4038690e+06   5.9166900e-02
   5.4387680e+05   5.4038690e+06   6.2840000e-03
   5.4340780e+05   5.4038700e+06  -8.8134000e-02
   5.4346010e+05   5.4038700e+06   3.5964000e-02
   5.4350210e+05   5.4038700e+06  -9.0710000e-03
   5.4355930e+05   5.4038700e+06   5.5572000e-02
   5.4362580e+05   5.4038700e+06   1.1537400e-01
   5.4365950e+05   5.4038700e+06   3.6540000e-02
   5.4352310e+05   5.4038710e+06  -5.7215200e-02
   5.4356840e+05   5.4038710e+06  -5.2151600e-02
   5.4361580e+05   5.4038710e+06   1.3135400e-02
   5.4373560e+05   5.4038710e+06   6.8090000e-02
   5.4374910e+05   5.4038710e+06   2.9679900e-02
   5.4376230e+05   5.4038710e+06   6.2589900e-02
   5.4388970e+05   5.4038710e+06   5.7506500e-02
   5.4339230e+05   5.4038720e+06  -1.0792660e-01
   5.4342100e+05   5.4038720e+06  -1.2145000e-01
   5.4343460e+05   5.4038720e+06  -4.4310000e-02
   5.4348750e+05   5.4038720e+06  -9.0230000e-02
   5.4355310e+05   5.4038720e+06   1.7362800e-02
   5.4358630e+05   5.4038720e+06   2.0862000e-03
   5.4364730e+05   5.4038720e+06   4.8141000e-02
   5.4368820e+05   5.4038720e+06   1.2141880e-01
   5.4378080e+05   5.4038720e+06   8.3407200e-02
   5.4380410e+05   5.4038720e+06   5.3387200e-02
   5.4382460e+05   5.4038720e+06   6.5856400e-02
   5.4384230e+05   5.4038720e+06   5.4841400e-02
   5.4387690e+05   5.4038720e+06   3.7018000e-03
   5.4342210e+05   5.4038730e+06  -1.5417500e-02
   5.4358110e+05   5.4038730e+06   5.4831100e-02
   5.4367730e+05   5.4038730e+06   7.9276600e-02
   5.4369760e+05   5.4038730e+06   1.1144520e-01
   5.4379240e+05   5.4038730e+06   1.3269880e-01
   5.4385480e+05   5.4038730e+06   6.8416400e-02
   5.4386400e+05   5.4038730e+06   3.1352000e-02
   5.4338020e+05   5.4038740e+06  -7.3098000e-02
   5.4346580e+05   5.4038740e+06  -6.0906400e-02
   5.4347760e+05   5.4038740e+06  -1.1709200e-01
   5.4360640e+05   5.4038740e+06   9.5216000e-03
   5.4362540e+05   5.4038740e+06   3.6410800e-02
   5.4381330e+05   5.4038740e+06   1.0090700e-01
   5.4340740e+05   5.4038750e+06  -1.2115700e-01
   5.4345120e+05   5.4038750e+06  -1.3039000e-01
   5.4349880e+05   5.4038750e+06  -2.0029000e-01
   5.4359780e+05   5.4038750e+06   2.9120000e-02
   5.4364100e+05   5.4038750e+06   4.0880000e-02
   5.4365960e+05   5.4038750e+06   3.1822000e-02
   5.4376260e+05   5.4038750e+06   5.8019000e-02
   5.4376900e+05   5.4038750e+06   1.6923500e-01
   5.4383280e+05   5.4038750e+06   7.0884000e-02
   5.4342190e+05   5.4038760e+06  -7.6631000e-02
   5.4343410e+05   5.4038760e+06  -5.5815000e-02
   5.4345930e+05   5.4038760e+06  -1.0502820e-01
   5.4351700e+05   5.4038760e+06   1.5734000e-01
   5.4361580e+05   5.4038760e+06   5.9602400e-02
   5.4374960e+05   5.4038760e+06   1.2202640e-01
   5.4378110e+05   5.4038760e+06   1.3083420e-01
   5.4385510e+05   5.4038760e+06   7.8654600e-02
   5.4387700e+05   5.4038760e+06   5.5142000e-02
   5.4348760e+05   5.4038770e+06  -6.2194800e-02
   5.4358640e+05   5.4038770e+06  -2.9882400e-02
   5.4373670e+05   5.4038770e+06   6.1793500e-02
   5.4382500e+05   5.4038770e+06   3.4375000e-02
   5.4384260e+05   5.4038770e+06   6.9513800e-02
   5.4386430e+05   5.4038770e+06   2.4196000e-03
   5.4339190e+05   5.4038780e+06  -9.8602200e-02
   5.4342070e+05   5.4038780e+06  -1.2770000e-02
   5.4350200e+05   5.4038780e+06   2.3332000e-02
   5.4352270e+05   5.4038780e+06  -9.4807200e-02
   5.4353760e+05   5.4038780e+06  -1.1386400e-01
   5.4355280e+05   5.4038780e+06   9.0289600e-02
   5.4356790e+05   5.4038780e+06  -4.1304800e-02
   5.4362510e+05   5.4038780e+06  -1.2702600e-02
   5.4367660e+05   5.4038780e+06   1.1675920e-01
   5.4368720e+05   5.4038780e+06   1.5441920e-01
   5.4369680e+05   5.4038780e+06   6.3549600e-02
   5.4380450e+05   5.4038780e+06   1.5920600e-01
   5.4388960e+05   5.4038780e+06  -4.3412000e-02
   5.4337990e+05   5.4038790e+06  -1.1100000e-03
   5.4340710e+05   5.4038790e+06  -1.4193250e-01
   5.4342160e+05   5.4038790e+06  -3.6480000e-03
   5.4346580e+05   5.4038790e+06  -1.9967940e-01
   5.4347780e+05   5.4038790e+06  -6.0436000e-02
   5.4355860e+05   5.4038790e+06  -5.3118400e-02
   5.4364750e+05   5.4038790e+06  -3.2045000e-02
   5.4376280e+05   5.4038790e+06  -1.0482400e-02
   5.4379290e+05   5.4038790e+06   9.6839900e-02
   5.4343380e+05   5.4038800e+06   9.2900000e-03
   5.4345080e+05   5.4038800e+06  -1.0665600e-01
   5.4358060e+05   5.4038800e+06   9.0134000e-02
   5.4360660e+05   5.4038800e+06  -4.0728000e-02
   5.4365970e+05   5.4038800e+06   7.2144000e-02
   5.4378160e+05   5.4038800e+06   1.3711600e-01
   5.4381390e+05   5.4038800e+06   5.8437000e-02
   5.4385520e+05   5.4038800e+06   8.5200000e-02
   5.4387710e+05   5.4038800e+06   6.7547000e-02
   5.4345880e+05   5.4038810e+06  -4.9446800e-02
   5.4361570e+05   5.4038810e+06   7.5906000e-03
   5.4364090e+05   5.4038810e+06  -6.6529100e-02
   5.4375020e+05   5.4038810e+06   1.4695780e-01
   5.4376960e+05   5.4038810e+06   2.0764960e-01
   5.4386460e+05   5.4038810e+06   1.2375380e-01
   5.4342050e+05   5.4038820e+06   3.5263000e-02
   5.4342140e+05   5.4038820e+06   3.9704400e-02
   5.4348740e+05   5.4038820e+06  -1.0032800e-01
   5.4355260e+05   5.4038820e+06  -1.5108000e-03
   5.4383330e+05   5.4038820e+06   3.9423200e-02
   5.4337960e+05   5.4038830e+06   1.8273000e-01
   5.4339160e+05   5.4038830e+06   2.5952920e-01
   5.4342130e+05   5.4038830e+06   1.1271200e-02
   5.4343340e+05   5.4038830e+06  -7.8235800e-02
   5.4346590e+05   5.4038830e+06  -1.1170470e-01
   5.4349890e+05   5.4038830e+06  -9.9362800e-02
   5.4350190e+05   5.4038830e+06  -7.9545300e-02
   5.4356730e+05   5.4038830e+06   7.6198200e-02
   5.4358650e+05   5.4038830e+06   7.2500500e-02
   5.4362480e+05   5.4038830e+06   5.7494800e-02
   5.4367630e+05   5.4038830e+06   4.1689500e-02
   5.4373760e+05   5.4038830e+06   8.0600000e-02
   5.4376300e+05   5.4038830e+06   1.9669000e-02
   5.4382540e+05   5.4038830e+06   4.8273200e-02
   5.4384300e+05   5.4038830e+06   8.1280000e-02
   5.4385540e+05   5.4038830e+06   5.0502600e-02
   5.4345040e+05   5.4038840e+06  -7.2853600e-02
   5.4347780e+05   5.4038840e+06  -1.0206840e-01
   5.4352230e+05   5.4038840e+06   3.0969600e-02
   5.4359790e+05   5.4038840e+06   2.6790800e-02
   5.4369610e+05   5.4038840e+06   2.8863200e-02
   5.4378190e+05   5.4038840e+06   1.4027140e-01
   5.4380480e+05   5.4038840e+06   1.4575600e-01
   5.4340640e+05   5.4038850e+06   1.2687000e-01
   5.4342040e+05   5.4038850e+06   1.5296200e-01
   5.4364750e+05   5.4038850e+06   2.3787500e-02
   5.4365970e+05   5.4038850e+06   6.5376000e-02
   5.4368620e+05   5.4038850e+06  -4.7030000e-02
   5.4375070e+05   5.4038850e+06   1.4278450e-01
   5.4379350e+05   5.4038850e+06   5.3202500e-02
   5.4387730e+05   5.4038850e+06   2.9885500e-02
   5.4388940e+05   5.4038850e+06  -1.2575000e-02
   5.4337940e+05   5.4038860e+06  -3.6240000e-02
   5.4346600e+05   5.4038860e+06  -1.4636000e-02
   5.4351690e+05   5.4038860e+06  -1.3790000e-01
   5.4353760e+05   5.4038860e+06   4.5048000e-02
   5.4355240e+05   5.4038860e+06   2.5838400e-02
   5.4358000e+05   5.4038860e+06   3.5360000e-02
   5.4360680e+05   5.4038860e+06   5.7236800e-02
   5.4361570e+05   5.4038860e+06   8.8773600e-02
   5.4381450e+05   5.4038860e+06   7.8915000e-02
   5.4386490e+05   5.4038860e+06   1.3032820e-01
   5.4342030e+05   5.4038870e+06   1.2852080e-01
   5.4345810e+05   5.4038870e+06  -5.2076700e-02
   5.4347790e+05   5.4038870e+06  -1.9373100e-02
   5.4348740e+05   5.4038870e+06  -3.2800000e-04
   5.4367580e+05   5.4038870e+06   1.1965300e-01
   5.4377030e+05   5.4038870e+06   2.0215730e-01
   5.4350190e+05   5.4038880e+06   4.3189200e-02
   5.4358670e+05   5.4038880e+06   5.5013400e-02
   5.4362440e+05   5.4038880e+06   6.8338400e-02
   5.4364060e+05   5.4038880e+06   9.5738800e-02
   5.4373850e+05   5.4038880e+06   4.4580000e-02
   5.4376340e+05   5.4038880e+06   1.3789320e-01
   5.4382580e+05   5.4038880e+06   6.4220400e-02
   5.4385580e+05   5.4038880e+06   1.2269720e-01
   5.4339110e+05   5.4038890e+06   7.3198600e-02
   5.4346610e+05   5.4038890e+06  -8.5627900e-02
   5.4355790e+05   5.4038890e+06   2.5211000e-03
   5.4356680e+05   5.4038890e+06   3.1361600e-02
   5.4369540e+05   5.4038890e+06   3.8240800e-02
   5.4378240e+05   5.4038890e+06   1.6062400e-02
   5.4383390e+05   5.4038890e+06   1.6325700e-02
   5.4384340e+05   5.4038890e+06   1.3013200e-01
   5.4387740e+05   5.4038890e+06  -1.4296200e-02
   5.4347800e+05   5.4038900e+06   1.7300000e-02
   5.4348740e+05   5.4038900e+06   1.9887200e-01
   5.4352190e+05   5.4038900e+06   5.2434000e-02
   5.4375120e+05   5.4038900e+06   1.2039600e-01
   5.4380530e+05   5.4038900e+06   1.1510500e-01
   5.4386530e+05   5.4038900e+06   8.6299000e-02
   5.4349900e+05   5.4038910e+06   1.7316900e-01
   5.4350180e+05   5.4038910e+06   1.8034900e-01
   5.4355210e+05   5.4038910e+06  -8.3781000e-02
   5.4360700e+05   5.4038910e+06   4.9250000e-02
   5.4361560e+05   5.4038910e+06   2.9346000e-02
   5.4364770e+05   5.4038910e+06   7.7556800e-02
   5.4365970e+05   5.4038910e+06   3.4037000e-03
   5.4367530e+05   5.4038910e+06   2.5661400e-02
   5.4379410e+05   5.4038910e+06   9.8335100e-02
   5.4388930e+05   5.4038910e+06   1.9600000e-03
   5.4359800e+05   5.4038920e+06   1.9536000e-02
   5.4362400e+05   5.4038920e+06   4.6060000e-02
   5.4368520e+05   5.4038920e+06   1.1760000e-03
   5.4381520e+05   5.4038920e+06   3.4936000e-02
   5.4385600e+05   5.4038920e+06   2.1660800e-01
   5.4387760e+05   5.4038920e+06   1.7533680e-01
   5.4337880e+05   5.4038930e+06   1.3356000e-01
   5.4357960e+05   5.4038930e+06  -5.3976000e-03
   5.4358690e+05   5.4038930e+06   3.1789300e-02
   5.4364040e+05   5.4038930e+06   6.2068800e-02
   5.4369480e+05   5.4038930e+06   1.7744440e-01
   5.4377080e+05   5.4038930e+06   8.7536800e-02
   5.4351690e+05   5.4038940e+06   2.8970480e-01
   5.4353770e+05   5.4038940e+06  -3.2721660e-01
   5.4356640e+05   5.4038940e+06  -1.1489520e-01
   5.4376380e+05   5.4038940e+06   1.3018080e-01
   5.4378290e+05   5.4038940e+06   1.1512960e-01
   5.4382620e+05   5.4038940e+06   7.1585200e-02
   5.4384380e+05   5.4038940e+06   1.3445480e-01
   5.4345730e+05   5.4038950e+06   2.8209800e-01
   5.4360720e+05   5.4038950e+06  -3.1934000e-02
   5.4361560e+05   5.4038950e+06  -1.5710000e-02
   5.4367480e+05   5.4038950e+06   3.8362000e-02
   5.4373950e+05   5.4038950e+06   2.3220000e-02
   5.4375180e+05   5.4038950e+06   1.2499600e-01
   5.4380560e+05   5.4038950e+06   1.8911200e-01
   5.4339060e+05   5.4038960e+06   9.7808800e-02
   5.4350180e+05   5.4038960e+06   5.8964000e-02
   5.4352180e+05   5.4038960e+06  -8.8212000e-02
   5.4355190e+05   5.4038960e+06  -1.1247900e-01
   5.4364770e+05   5.4038960e+06   1.1410080e-01
   5.4383440e+05   5.4038960e+06   6.9000000e-03
   5.4386560e+05   5.4038960e+06   1.0438880e-01
   5.4387760e+05   5.4038960e+06  -1.2829600e-02
   5.4349910e+05   5.4038970e+06   1.0405070e-01
   5.4358690e+05   5.4038970e+06   6.1865700e-02
   5.4362360e+05   5.4038970e+06   7.5954000e-02
   5.4365980e+05   5.4038970e+06   1.1636860e-01
   5.4369410e+05   5.4038970e+06   1.6542220e-01
   5.4381570e+05   5.4038970e+06   1.2781350e-01
   5.4385630e+05   5.4038970e+06  -8.2260000e-04
   5.4388920e+05   5.4038970e+06   1.3398000e-02
   5.4341960e+05   5.4038980e+06   6.2176000e-02
   5.4341990e+05   5.4038980e+06   6.2464000e-02
   5.4344930e+05   5.4038980e+06   1.0091920e-01
   5.4346620e+05   5.4038980e+06   1.4001360e-01
   5.4355740e+05   5.4038980e+06  -1.6783400e-01
   5.4356580e+05   5.4038980e+06  -1.0864880e-01
   5.4359810e+05   5.4038980e+06   1.5137780e-01
   5.4361540e+05   5.4038980e+06  -3.5768000e-02
   5.4368410e+05   5.4038980e+06   1.4444300e-01
   5.4377140e+05   5.4038980e+06   1.0207840e-01
   5.4379480e+05   5.4038980e+06   4.7442400e-02
   5.4340520e+05   5.4038990e+06   2.5673600e-02
   5.4343210e+05   5.4038990e+06   3.9264600e-02
   5.4360740e+05   5.4038990e+06  -2.5006000e-02
   5.4367440e+05   5.4038990e+06   6.9074800e-02
   5.4382660e+05   5.4038990e+06   3.8770600e-02
   5.4357910e+05   5.4039000e+06  -1.0071600e-01
   5.4364020e+05   5.4039000e+06   1.0533600e-01
   5.4375240e+05   5.4039000e+06   1.5446400e-01
   5.4376410e+05   5.4039000e+06   4.0748000e-02
   5.4378350e+05   5.4039000e+06   7.7035000e-02
   5.4384420e+05   5.4039000e+06   2.0005000e-01
   5.4387780e+05   5.4039000e+06  -1.5488000e-02
   5.4351690e+05   5.4039010e+06  -2.7248660e-01
   5.4352150e+05   5.4039010e+06  -3.1106750e-01
   5.4353780e+05   5.4039010e+06  -1.5884300e-01
   5.4355170e+05   5.4039010e+06  -2.2002090e-01
   5.4358700e+05   5.4039010e+06  -6.4773000e-02
   5.4364790e+05   5.4039010e+06   4.8646000e-02
   5.4380600e+05   5.4039010e+06   1.3260000e-01
   5.4386600e+05   5.4039010e+06  -1.0586000e-02
   5.4348730e+05   5.4039020e+06   4.5531200e-02
   5.4350180e+05   5.4039020e+06  -2.1530880e-01
   5.4362330e+05   5.4039020e+06  -4.4582200e-02
   5.4367410e+05   5.4039020e+06   6.4845000e-02
   5.4369360e+05   5.4039020e+06   7.2883200e-02
   5.4374070e+05   5.4039020e+06   2.3420640e-01
   5.4356550e+05   5.4039030e+06  -1.8206200e-01
   5.4359810e+05   5.4039030e+06   4.5036100e-02
   5.4360750e+05   5.4039030e+06  -4.2527500e-02
   5.4361540e+05   5.4039030e+06  -7.6505400e-02
   5.4365990e+05   5.4039030e+06   1.1072120e-01
   5.4381630e+05   5.4039030e+06   1.5647160e-01
   5.4383500e+05   5.4039030e+06   8.4065000e-02
   5.4385670e+05   5.4039030e+06   3.2012200e-02
   5.4388910e+05   5.4039030e+06   1.7470110e-01
   5.4347830e+05   5.4039040e+06   4.5769800e-02
   5.4349910e+05   5.4039040e+06  -3.2810800e-02
   5.4355140e+05   5.4039040e+06  -7.0769200e-02
   5.4355700e+05   5.4039040e+06  -2.9460600e-01
   5.4367380e+05   5.4039040e+06  -6.4140000e-03
   5.4377190e+05   5.4039040e+06   4.8669600e-02
   5.4379530e+05   5.4039040e+06   1.7247980e-01
   5.4382690e+05   5.4039040e+06   1.2036840e-01
   5.4387800e+05   5.4039040e+06   4.8548000e-02
   5.4357850e+05   5.4039050e+06  -1.4810250e-01
   5.4358710e+05   5.4039050e+06   1.3587500e-02
   5.4362290e+05   5.4039050e+06  -3.7522000e-02
   5.4368320e+05   5.4039050e+06   2.4038000e-02
   5.4375300e+05   5.4039050e+06   9.4400000e-02
   5.4376430e+05   5.4039050e+06   1.0205000e-01
   5.4352120e+05   5.4039060e+06  -1.1832400e-01
   5.4364790e+05   5.4039060e+06  -2.0484000e-02
   5.4369310e+05   5.4039060e+06   1.1923860e-01
   5.4384480e+05   5.4039060e+06   1.2273120e-01
   5.4386640e+05   5.4039060e+06  -6.3704000e-03
   5.4353770e+05   5.4039070e+06  -1.3189850e-01
   5.4356500e+05   5.4039070e+06  -6.0950000e-02
   5.4360770e+05   5.4039070e+06  -1.1376970e-01
   5.4361540e+05   5.4039070e+06  -2.6575260e-01
   5.4363990e+05   5.4039070e+06   1.7219910e-01
   5.4378410e+05   5.4039070e+06   1.4683200e-01
   5.4387810e+05   5.4039070e+06  -1.3017700e-02
   5.4355120e+05   5.4039080e+06  -1.2591520e-01
   5.4358730e+05   5.4039080e+06  -7.7844600e-02
   5.4367350e+05   5.4039080e+06  -2.1175000e-02
   5.4374180e+05   5.4039080e+06   9.7524400e-02
   5.4380650e+05   5.4039080e+06   1.1834500e-01
   5.4381690e+05   5.4039080e+06   9.8338800e-02
   5.4385710e+05   5.4039080e+06   6.7259600e-02
   5.4388890e+05   5.4039080e+06   6.0453400e-02
   5.4349930e+05   5.4039090e+06   4.3273600e-02
   5.4351700e+05   5.4039090e+06  -2.1200200e-01
   5.4355660e+05   5.4039090e+06  -1.3818580e-01
   5.4359830e+05   5.4039090e+06  -1.6647100e-02
   5.4362270e+05   5.4039090e+06  -7.6931600e-02
   5.4364790e+05   5.4039090e+06   2.3638000e-02
   5.4365990e+05   5.4039090e+06   9.6053600e-02
   5.4357820e+05   5.4039100e+06  -7.8394000e-02
   5.4360770e+05   5.4039100e+06  -1.6795000e-01
   5.4369260e+05   5.4039100e+06   1.6550000e-02
   5.4376460e+05   5.4039100e+06   1.9841200e-01
   5.4377260e+05   5.4039100e+06   7.7458000e-02
   5.4379590e+05   5.4039100e+06   1.1777500e-01
   5.4382740e+05   5.4039100e+06   5.4068000e-02
   5.4383550e+05   5.4039100e+06   9.7810000e-02
   5.4352090e+05   5.4039110e+06  -2.1676820e-01
   5.4355110e+05   5.4039110e+06  -2.1792800e-02
   5.4356470e+05   5.4039110e+06  -3.0569200e-02
   5.4367310e+05   5.4039110e+06  -1.0058750e-01
   5.4368230e+05   5.4039110e+06  -6.0655000e-03
   5.4375360e+05   5.4039110e+06   1.8078600e-01
   5.4386680e+05   5.4039110e+06   1.5492200e-01
   5.4387820e+05   5.4039110e+06   6.5336600e-02
   5.4350160e+05   5.4039120e+06   3.7587200e-02
   5.4358740e+05   5.4039120e+06  -4.5770800e-02
   5.4359830e+05   5.4039120e+06  -8.2617800e-02
   5.4361530e+05   5.4039120e+06  -3.1739540e-01
   5.4362230e+05   5.4039120e+06  -2.3644460e-01
   5.4384510e+05   5.4039120e+06   4.1019400e-02
   5.4360790e+05   5.4039130e+06  -1.1846460e-01
   5.4363980e+05   5.4039130e+06  -1.2641320e-01
   5.4364810e+05   5.4039130e+06  -1.0776560e-01
   5.4369200e+05   5.4039130e+06  -2.1002000e-02
   5.4378470e+05   5.4039130e+06   9.7223700e-02
   5.4381740e+05   5.4039130e+06   7.8183200e-02
   5.4385740e+05   5.4039130e+06   1.1754640e-01
   5.4351700e+05   5.4039140e+06  -6.8972000e-02
   5.4353770e+05   5.4039140e+06  -1.5461960e-01
   5.4355630e+05   5.4039140e+06  -3.8877600e-02
   5.4357790e+05   5.4039140e+06  -6.0021400e-02
   5.4367270e+05   5.4039140e+06  -1.1352300e-01
   5.4374290e+05   5.4039140e+06   3.4227200e-02
   5.4380690e+05   5.4039140e+06   8.4466000e-02
   5.4355090e+05   5.4039150e+06  -1.1302800e-01
   5.4366010e+05   5.4039150e+06  -1.3912050e-01
   5.4377320e+05   5.4039150e+06   1.5318400e-01
   5.4379630e+05   5.4039150e+06   1.0782850e-01
   5.4386710e+05   5.4039150e+06   1.4774000e-01
   5.4387840e+05   5.4039150e+06   7.5788000e-02
   5.4388890e+05   5.4039150e+06   9.4172000e-02
   5.4356410e+05   5.4039160e+06   3.3249400e-02
   5.4357760e+05   5.4039160e+06   3.5013600e-02
   5.4359840e+05   5.4039160e+06  -5.0551200e-02
   5.4362210e+05   5.4039160e+06  -3.1134600e-02
   5.4368140e+05   5.4039160e+06  -1.0890400e-01
   5.4376490e+05   5.4039160e+06   7.7787400e-02
   5.4382770e+05   5.4039160e+06   1.0622440e-01
   5.4383600e+05   5.4039160e+06   1.1114800e-01
   5.4358750e+05   5.4039170e+06   9.9337500e-02
   5.4360810e+05   5.4039170e+06  -3.0905860e-01
   5.4363960e+05   5.4039170e+06  -1.3713560e-01
   5.4364810e+05   5.4039170e+06  -2.7021040e-01
   5.4369150e+05   5.4039170e+06  -1.4246000e-02
   5.4375430e+05   5.4039170e+06   3.4381500e-02
   5.4352040e+05   5.4039180e+06   1.2778400e-02
   5.4359840e+05   5.4039180e+06   3.2750400e-02
   5.4367240e+05   5.4039180e+06  -1.2772400e-01
   5.4381790e+05   5.4039180e+06   2.8949200e-02
   5.4384560e+05   5.4039180e+06   1.2083360e-01
   5.4385760e+05   5.4039180e+06   5.5309600e-02
   5.4387840e+05   5.4039180e+06  -3.7040000e-04
   5.4351710e+05   5.4039190e+06   5.8274000e-03
   5.4353780e+05   5.4039190e+06  -3.4807740e-01
   5.4357750e+05   5.4039190e+06  -9.3830000e-02
   5.4361530e+05   5.4039190e+06  -3.3453580e-01
   5.4362180e+05   5.4039190e+06  -2.4732920e-01
   5.4378540e+05   5.4039190e+06   9.0862200e-02
   5.4380730e+05   5.4039190e+06  -6.2205000e-03
   5.4355590e+05   5.4039200e+06  -1.0748400e-01
   5.4360820e+05   5.4039200e+06  -1.0956000e-02
   5.4363940e+05   5.4039200e+06  -1.4790000e-02
   5.4364810e+05   5.4039200e+06  -2.3004400e-01
   5.4366000e+05   5.4039200e+06  -2.2040000e-01
   5.4367210e+05   5.4039200e+06  -1.5522000e-02
   5.4369110e+05   5.4039200e+06  -1.2820700e-01
   5.4377360e+05   5.4039200e+06   9.0176000e-02
   5.4379680e+05   5.4039200e+06   1.3352000e-02
   5.4386740e+05   5.4039200e+06   1.5609000e-01
   5.4388870e+05   5.4039200e+06   8.0116000e-02
   5.4356370e+05   5.4039210e+06   5.0690700e-02
   5.4358760e+05   5.4039210e+06   3.1830480e-01
   5.4374410e+05   5.4039210e+06   1.6696140e-01
   5.4382810e+05   5.4039210e+06   1.0451970e-01
   5.4383640e+05   5.4039210e+06   3.6571600e-02
   5.4353780e+05   5.4039220e+06   6.4497600e-02
   5.4359840e+05   5.4039220e+06   2.7684160e-01
   5.4363940e+05   5.4039220e+06  -2.9949600e-01
   5.4368060e+05   5.4039220e+06  -2.2418760e-01
   5.4387860e+05   5.4039220e+06  -7.6024000e-03
   5.4355050e+05   5.4039230e+06   3.9074000e-02
   5.4357720e+05   5.4039230e+06   1.5361360e-01
   5.4360830e+05   5.4039230e+06  -1.7430700e-02
   5.4364830e+05   5.4039230e+06  -1.9990440e-01
   5.4366010e+05   5.4039230e+06  -2.2206200e-01
   5.4367170e+05   5.4039230e+06  -2.6032650e-01
   5.4369080e+05   5.4039230e+06  -1.2353360e-01
   5.4375500e+05   5.4039230e+06  -1.2461000e-01
   5.4376540e+05   5.4039230e+06   4.3461000e-02
   5.4381840e+05   5.4039230e+06   4.5411200e-02
   5.4385790e+05   5.4039230e+06   8.2695900e-02
   5.4361510e+05   5.4039240e+06  -1.6681340e-01
   5.4377410e+05   5.4039240e+06  -1.2705400e-02
   5.4379710e+05   5.4039240e+06  -3.5799600e-02
   5.4384610e+05   5.4039240e+06   4.9703800e-02
   5.4369040e+05   5.4039250e+06  -2.8834600e-01
   5.4380760e+05   5.4039250e+06   9.5754000e-02
   5.4386790e+05   5.4039250e+06   8.0824000e-02
   5.4387860e+05   5.4039250e+06  -5.9550000e-02
   5.4355550e+05   5.4039260e+06   1.4808000e-02
   5.4366010e+05   5.4039260e+06  -3.2631600e-01
   5.4367150e+05   5.4039260e+06  -3.9652500e-01
   5.4378610e+05   5.4039260e+06  -4.2172800e-02
   5.4383680e+05   5.4039260e+06   1.5152000e-03
   5.4361510e+05   5.4039270e+06  -3.0595200e-02
   5.4363930e+05   5.4039270e+06   1.2714550e-01
   5.4366010e+05   5.4039270e+06  -3.5573400e-01
   5.4368010e+05   5.4039270e+06  -3.5747610e-01
   5.4375550e+05   5.4039270e+06  -7.7954000e-02
   5.4381880e+05   5.4039270e+06  -5.4324000e-03
   5.4382840e+05   5.4039270e+06   6.1199600e-02
   5.4385830e+05   5.4039270e+06   6.4272700e-02
   5.4388870e+05   5.4039270e+06   4.0885600e-02
   5.4364830e+05   5.4039280e+06   9.9741600e-02
   5.4367120e+05   5.4039280e+06  -3.0890400e-01
   5.4369010e+05   5.4039280e+06  -3.6811620e-01
   5.4374510e+05   5.4039280e+06  -1.5562800e-02
   5.4379760e+05   5.4039280e+06  -5.1339200e-02
   5.4387870e+05   5.4039280e+06   1.3810800e-02
   5.4376580e+05   5.4039290e+06   2.5033000e-02
   5.4377460e+05   5.4039290e+06  -7.9600400e-02
   5.4383700e+05   5.4039290e+06   9.6762000e-02
   5.4360860e+05   5.4039300e+06   9.3740000e-03
   5.4367950e+05   5.4039300e+06  -3.8381500e-01
   5.4386830e+05   5.4039300e+06   9.5041000e-02
   5.4362090e+05   5.4039310e+06   1.7173800e-02
   5.4375590e+05   5.4039310e+06  -7.2768600e-02
   5.4379790e+05   5.4039310e+06  -2.4789200e-02
   5.4381930e+05   5.4039310e+06  -1.1377500e-02
   5.4385840e+05   5.4039310e+06   1.6728000e-03
   5.4387890e+05   5.4039310e+06   6.5265000e-02
   5.4366020e+05   5.4039320e+06   4.9299200e-02
   5.4367910e+05   5.4039320e+06  -5.1674960e-01
   5.4377490e+05   5.4039320e+06  -1.9433580e-01
   5.4380810e+05   5.4039320e+06  -1.4229600e-02
   5.4383730e+05   5.4039320e+06  -7.0880000e-02
   5.4384660e+05   5.4039320e+06   1.3055400e-01
   5.4361510e+05   5.4039330e+06   1.0236100e-02
   5.4367060e+05   5.4039330e+06   8.6560600e-02
   5.4374590e+05   5.4039330e+06  -6.7595000e-02
   5.4378680e+05   5.4039330e+06  -6.5192000e-03
   5.4382890e+05   5.4039330e+06   4.8567800e-02
   5.4388860e+05   5.4039330e+06   4.4312400e-02
   5.4375630e+05   5.4039340e+06  -9.8870800e-02
   5.4381960e+05   5.4039340e+06  -1.5843200e-01
   5.4383740e+05   5.4039340e+06  -3.9560000e-03
   5.4385860e+05   5.4039340e+06   2.5770800e-02
   5.4387900e+05   5.4039340e+06   9.2620000e-02
   5.4376610e+05   5.4039350e+06  -1.8913000e-02
   5.4379830e+05   5.4039350e+06   7.2380000e-03
   5.4368910e+05   5.4039360e+06   9.2462800e-02
   5.4377530e+05   5.4039360e+06  -1.6202780e-01
   5.4386880e+05   5.4039360e+06   7.3768000e-02
   5.4367850e+05   5.4039370e+06   4.5226500e-02
   5.4374660e+05   5.4039370e+06  -2.5355600e-01
   5.4375660e+05   5.4039370e+06  -1.5958480e-01
   5.4381990e+05   5.4039370e+06  -8.4063500e-02
   5.4383760e+05   5.4039370e+06  -6.8530000e-02
   5.4385880e+05   5.4039370e+06  -4.2086800e-02
   5.4387900e+05   5.4039370e+06   1.0059000e-01
   5.4388840e+05   5.4039370e+06   6.5542400e-02
   5.4380860e+05   5.4039380e+06  -9.8202400e-02
   5.4384710e+05   5.4039380e+06  -7.0823000e-02
   5.4376630e+05   5.4039390e+06  -1.5556940e-01
   5.4377570e+05   5.4039390e+06  -2.9641980e-01
   5.4378730e+05   5.4039390e+06  -1.3149610e-01
   5.4383780e+05   5.4039390e+06  -2.7532000e-02
   5.4375690e+05   5.4039400e+06  -3.2421600e-01
   5.4379880e+05   5.4039400e+06  -1.2294400e-01
   5.4382940e+05   5.4039400e+06  -2.1291000e-01
   5.4385910e+05   5.4039400e+06   4.5210000e-02
   5.4387910e+05   5.4039400e+06   1.4613400e-01
   5.4374730e+05   5.4039410e+06  -2.1471130e-01
   5.4382030e+05   5.4039410e+06   1.1409500e-02
   5.4388840e+05   5.4039410e+06  -1.8300000e-03
   5.4375720e+05   5.4039420e+06  -2.7872240e-01
   5.4376650e+05   5.4039420e+06  -1.0505700e-01
   5.4377590e+05   5.4039420e+06  -3.4362420e-01
   5.4383810e+05   5.4039420e+06  -1.3323600e-02
   5.4386920e+05   5.4039420e+06   3.4842400e-02
   5.4379900e+05   5.4039430e+06  -9.0465000e-02
   5.4380890e+05   5.4039430e+06  -2.0052900e-01
   5.4387930e+05   5.4039430e+06   1.5277010e-01
   5.4374780e+05   5.4039440e+06  -1.5439520e-01
   5.4384760e+05   5.4039440e+06  -3.4148800e-02
   5.4388830e+05   5.4039440e+06  -1.0951000e-01
   5.4375760e+05   5.4039450e+06  -1.8660200e-01
   5.4376680e+05   5.4039450e+06  -1.0204800e-01
   5.4377620e+05   5.4039450e+06  -2.8700600e-01
   5.4378800e+05   5.4039450e+06  -3.7710000e-01
   5.4382060e+05   5.4039450e+06   2.3255000e-02
   5.4382980e+05   5.4039450e+06  -1.9723500e-01
   5.4383830e+05   5.4039450e+06  -5.5815000e-02
   5.4385930e+05   5.4039450e+06   9.3285000e-03
   5.4374810e+05   5.4039460e+06  -1.7074660e-01
   5.4379930e+05   5.4039460e+06  -2.0510100e-01
   5.4380920e+05   5.4039470e+06  -1.7435400e-01
   5.4386960e+05   5.4039470e+06  -1.3099080e-01
   5.4376680e+05   5.4039480e+06  -1.6132960e-01
   5.4377660e+05   5.4039480e+06  -2.8886520e-01
   5.4382090e+05   5.4039480e+06  -2.4621700e-01
   5.4384790e+05   5.4039480e+06  -5.1617400e-02
   5.4387940e+05   5.4039480e+06  -1.1665120e-01
   5.4378840e+05   5.4039490e+06  -3.3270640e-01
   5.4382990e+05   5.4039490e+06  -9.2818500e-02
   5.4383860e+05   5.4039490e+06  -1.7645120e-01
   5.4385960e+05   5.4039490e+06  -6.6614400e-02
   5.4376700e+05   5.4039500e+06  -8.7410000e-02
   5.4376710e+05   5.4039500e+06  -1.4552300e-01
   5.4379970e+05   5.4039500e+06  -1.8199100e-01
   5.4380940e+05   5.4039500e+06  -2.4145600e-01
   5.4382120e+05   5.4039500e+06  -2.0720000e-01
   5.4374910e+05   5.4039520e+06   2.6936800e-02
   5.4375840e+05   5.4039520e+06   1.7392000e-02
   5.4380950e+05   5.4039520e+06  -2.8266400e-01
   5.4382130e+05   5.4039520e+06  -2.0300000e-01
   5.4383020e+05   5.4039520e+06  -2.6260640e-01
   5.4383880e+05   5.4039520e+06  -1.0944160e-01
   5.4384830e+05   5.4039520e+06  -2.1913600e-02
   5.4378880e+05   5.4039530e+06  -1.4798920e-01
   5.4385980e+05   5.4039530e+06  -2.1200460e-01
   5.4387010e+05   5.4039530e+06  -4.6209000e-03
   5.4388810e+05   5.4039530e+06   3.1038000e-01
   5.4380970e+05   5.4039540e+06  -3.6174680e-01
   5.4376730e+05   5.4039550e+06   5.6255000e-03
   5.4378910e+05   5.4039550e+06  -1.0120850e-01
   5.4380010e+05   5.4039550e+06   9.0163000e-02
   5.4384840e+05   5.4039550e+06   1.1039200e-01
   5.4387960e+05   5.4039550e+06   2.2817400e-01
   5.4382180e+05   5.4039570e+06   9.1050000e-02
   5.4383040e+05   5.4039570e+06   1.0217520e-01
   5.4386000e+05   5.4039570e+06   1.0245000e-01
   5.4377760e+05   5.4039580e+06   3.2360000e-03
   5.4383930e+05   5.4039580e+06   6.8935600e-02
   5.4384860e+05   5.4039580e+06   6.7727200e-02
   5.4387040e+05   5.4039580e+06   7.6310400e-02
   5.4378940e+05   5.4039590e+06   8.5722000e-03
   5.4381000e+05   5.4039590e+06   2.4230000e-02
